0.00030264187661755164
0.2746709202052347
-0.009132663688517562
0.37578012434884933
-0.018567969253652675
0.47688932849246407
-0.009132663688517562
0.5765541154340271
0.024834436345968824
0.6704412335673836
0.09654275864099564
0.7469953452761204
0.17202520316207645
0.8278827085910123
0.26260413658737347
0.8972147342894908
0.3720536811429407
0.9492137535633498
0.49282559237667006
0.9752132632002795
0.5985010147061832
0.9376584159469368
0.6607740314360749
0.8509933838238385
0.7230470481659667
0.7672171861048435
0.8023036149131015
0.6978851604063648
0.860802509416939
0.6141089626873698
0.9023178539035336
0.5259995133622197
0.9381720150510471
0.4407788984411732
0.18712169206629264
0.19522797409239456
0.3041194810739679
0.18945030528418802
0.406020781177427
0.2154498149211175
0.5003738368287781
0.26167116538677
0.573969220236832
0.309336933054474
0.7494659037483449
0.3483361975098683
0.7985294926870474
0.3194478534688355
0.853254264964831
0.2977815954380609
0.9211884650338039
0.2920039266298544
0.9664779317464522
0.31367018466062896
0.25505589213526536
0.32233668787293873
0.3173289088651571
0.3165590190647322
0.37960192559504885
0.3237811050749904
0.43810082009888646
0.33966969429755844
0.47772910347245395
0.37144687274269444
0.4758420423594268
0.4090017199960371
0.4211172700816432
0.4248903092186051
0.3607313144647786
0.41622380600629527
0.30600654218699497
0.3902242963693658
0.2588300143613194
0.35989153512628136
0.7268211703920207
0.3988907995816756
0.7683365148786151
0.3830022103591076
0.8155130427042907
0.37578012434884933
0.8645766316429933
0.3844466275611592
0.8891084261123445
0.4090017199960371
0.8834472427732634
0.4364456468350182
0.849480142738777
0.4595563220678444
0.7985294926870474
0.46100073926989604
0.7513529648613719
0.4537786532596379
0.7192729259399125
0.42922356082476
0.3211030310912111
0.35122503191397153
0.7815459426698043
0.4205570576124502
0.5720821591238049
0.5909982874545435
0.3892238393100385
0.735554904482598
0.4573766690457049
0.7071179408172064
0.5338473638278503
0.7125755399045037
0.6100497403826897
0.7154479604767655
0.6631767493892328
0.7490552811722284
0.6484192468874153
0.8016205776446189
0.5891209186528394
0.8337916880539509
0.5147967696891402
0.8220147637076776
0.4356428926339373
0.8076526608463687
0.3690999722621055
0.7829498439249173