0.027657252948147353
0.39059051354652147
0.050747253115866635
0.508967998754192
0.07383725328358595
0.6255518857011404
0.11836796789275895
0.7331677813444772
0.17774225403832286
0.8192604978591468
0.26680368325666876
0.878449240462982
0.3641115411063431
0.9250827952417615
0.463068684682283
0.9753035465419853
0.5636751139844884
1.0111755117564307
0.6692294004654911
1.0398730839279873
0.7533429725050401
0.9932395291492081
0.8242622587344638
0.9232891969810391
0.8885844020588246
0.8425772752485364
0.906726545047747
0.7277869865623103
0.9116744022265441
0.6040287065724729
0.9199208308578724
0.4802704265826356
0.9232194023104037
0.36009934311424274
0.2239222543737615
0.3044977970318519
0.29814011205571644
0.23634106312440525
0.3921493984528594
0.20046909790995962
0.49935297066012757
0.2058498926921265
0.5768693997946138
0.2435154561672944
0.7352008295161178
0.24530905442801665
0.7879779727566191
0.21661148225646012
0.8490015446284487
0.19867549964923736
0.9100251165002783
0.2058498926921265
0.9430108310255916
0.23634106312440525
0.3393722552123581
0.3529249500713536
0.37895511264273407
0.3062913952925743
0.4366801130620323
0.2847682161639069
0.497703684933862
0.30808499355329655
0.5356372566379722
0.3511313518106313
0.5438836852693005
0.406732897893022
0.5043008278389246
0.45695364919324594
0.44327725596709494
0.47488963180046867
0.3855522555477967
0.45695364919324594
0.3393722552123581
0.40852649615374426
0.7500444010525088
0.3349889674641307
0.778082258399025
0.2991170022496852
0.8242622587344638
0.2847682161639069
0.8753901162486993
0.3062913952925743
0.8984801164164187
0.34575055702846447
0.9034279735952155
0.39417771006796604
0.8770394019749649
0.43363687180385624
0.8259115444607293
0.4497792561503568
0.778082258399025
0.4354304700645785
0.7566415439575713
0.39417771006796604
0.413590112894313
0.4031457013715775
0.8028215442930101
0.3834161205036324
0.7566415439575713
0.5681567413580274
0.5438836852693005
0.8363272751554042
0.6065565428673959
0.8273592838517928
0.6741772576442882
0.8291528821125151
0.7417979724211805
0.8219784890696259
0.7912765442091504
0.8183912925481814
0.7912765442091504
0.8246412926413137
0.7417979724211805
0.8282284891627582
0.6741772576442882
0.8354028822056474
0.6065565428673959
0.8336092839449251
0.5438836852693005
0.8425772752485364