0.0804604789772571
0.45033111576212953
0.10985950014202406
0.5413907163757955
0.14390047201701744
0.6324503169894614
0.17639412698860205
0.7168874011948607
0.23055021860790964
0.7831125652775268
0.28470631022721726
0.8427152129519263
0.34969362017038647
0.8973509733201258
0.4069443455965116
0.9569536209945253
0.49204677528399515
0.9602648791986587
0.5694126204544345
0.9354304426676588
0.6452311487214654
0.887417198707726
0.7117657755680432
0.8327814383395263
0.772111134800986
0.7698675324609936
0.8169833249998408
0.6953642228679943
0.846382346164608
0.605960251356395
0.8510242968748343
0.5033112470282625
0.8432877123577903
0.40894038821046325
0.07117657755680436
0.34768211143399713
0.10212291562498013
0.32450330400506394
0.15008973963065264
0.31953641669886396
0.19960388053973388
0.3112582711885307
0.23983412002836238
0.3162251584947307
0.41313361321014686
0.2913907219637309
0.48431019076695114
0.2549668817182646
0.5632233528407994
0.23675496159553136
0.6467784656248741
0.2317880742893314
0.7055765079544082
0.2632450272285978
0.1408058382101999
0.443708599353863
0.1671102255681493
0.4205297919249298
0.20269851434655145
0.3973509844959967
0.2413814369317712
0.39900661359806333
0.2661385073863118
0.4304635665373297
0.2738750919033558
0.4619205194765962
0.2553072890624503
0.4999999888241291
0.21662436647723055
0.514900650742729
0.17639412698860205
0.5066225052323958
0.14699510582383502
0.481788068701396
0.47812092315331606
0.3791390643732635
0.5198984795453534
0.35927151514846367
0.5694126204544345
0.3543046278422637
0.6220213951703335
0.3642384024546636
0.6699882191760059
0.3857615807815301
0.6730828529828236
0.4254966792311297
0.6313052965907863
0.4536423739662629
0.5817911556817049
0.46688740678279617
0.5322770147726236
0.45198674486419627
0.4889521414771775
0.4254966792311297
0.23364485241472727
0.45529800306832946
0.5941696909089753
0.4139072755166632
0.3141053313919843
0.6672185281328611
0.37290337372151827
0.7798013070733936
0.4069443455965116
0.7698675324609936
0.44562726818173143
0.7731787906651268
0.48740482457376877
0.7731787906651268
0.5229931133521708
0.7748344197671936
0.5276350640623972
0.80132448540026
0.4904994583805863
0.80629137270646
0.4502692188919578
0.8096026309105931
0.411586296306738
0.8112582600126599
0.3790926413351534
0.7947019689919934