0.04348061856696541
0.43433447563342303
0.03305829801158794
0.5253707578664781
0.04695472541875793
0.6223766323771106
0.07474758023309784
0.7089357204019826
0.12338507615819276
0.7805708277329112
0.20155248032352385
0.8268351678841358
0.27971988448885493
0.8671299157577832
0.35962434208008237
0.9104094597702191
0.44821406680079084
0.9477194115050779
0.547226112076877
0.9686129844765988
0.6445011039270667
0.9447346153662891
0.7157202943888129
0.8895158867986983
0.7886765382764552
0.8298199640229246
0.8581586753123052
0.7611696528307846
0.8894256369784377
0.6746105648059127
0.9137443849409849
0.5865590787116464
0.941537239755325
0.5059695829643517
0.20502658717531635
0.35672977602491707
0.26582345708168503
0.3104654358736924
0.3526761283764973
0.28807946483277724
0.44473995994899845
0.2940490571103547
0.5211703106884332
0.3194198242900585
0.7122461875370204
0.34926778567794536
0.7626207368880116
0.3373286011227906
0.8199434999425876
0.34031339726157933
0.8737921561453714
0.34926778567794536
0.9154814383668813
0.36419176637188877
0.28840515161833624
0.43433447563342303
0.32835738041394985
0.4074713103843249
0.38394309004262983
0.39851692196795874
0.43952879967130964
0.4059789123149305
0.4725328147633383
0.4432888640497891
0.4690587079115458
0.4865684080622251
0.43779174624541345
0.5253707578664781
0.3822060366167335
0.5268631559358725
0.32662032698805366
0.511939175241929
0.2918792584701287
0.4776140196458591
0.7261426149441904
0.4507508543967609
0.7660948437398041
0.4238876891476626
0.8112582328131065
0.40896370845371915
0.8581586753123052
0.4238876891476626
0.8842144767007488
0.4507508543967609
0.8824774232748527
0.4985075926173799
0.8546845684605126
0.5343251462828442
0.8043100191095215
0.5417871366298159
0.7591466300362191
0.5208935636582951
0.7278796683700867
0.4865684080622251
0.4152100517087622
0.4701520292988874
0.8373140342015502
0.4776140196458591
0.6757680655931992
0.6671485744589409
0.48816629559640456
0.8188368469809756
0.533329684669707
0.8158520508421868
0.5802301271689057
0.8188368469809756
0.6253935162422081
0.8173444489115813
0.6636086916119255
0.8218216431197642
0.6636086916119255
0.8253427698147415
0.6253935162422081
0.8208655756065586
0.5802301271689057
0.8223579736759529
0.533329684669707
0.8193731775371641
0.48816629559640456
0.8223579736759529