0.10803637329373857
0.4720724865621487
0.14735099612210953
0.5628368991815688
0.17773047739857803
0.6605831896947906
0.2349153833307539
0.7356383770531573
0.2974613741940713
0.7984752780973713
0.3635814216781497
0.8682940570353869
0.4332755257829892
0.9398583054468528
0.504756658198209
0.9974587980707157
0.6084043002002779
1.0026952064910668
0.7156259988231078
0.9834950422831126
0.8049774143421327
0.9468401833406545
0.90326397141306
0.904948915977845
0.9818932170698019
0.8438574844070814
1.0390781230019779
0.7653113581018139
1.0623094910369244
0.6640741286416914
1.074818689209588
0.5558550212877672
1.0640965193473049
0.45985420024799584
0.06693472215498714
0.3498896234206213
0.10803637329373857
0.3132347644781632
0.156286137674012
0.28356178342950655
0.21883212853732947
0.27832537500915544
0.2599337796760809
0.2922891307967585
0.4225533559207062
0.28356178342950655
0.50833071481897
0.2242158213321933
0.6209134983729414
0.21723394343839175
0.7281351969957712
0.25388880238084993
0.8139125558940352
0.30974382553126234
0.12769368470792405
0.5029133920378933
0.15271208105325104
0.4680040025688855
0.19023967557124152
0.44705836888748085
0.24027646826189542
0.45229477730783196
0.27959109109026636
0.46625853309543525
0.27959109109026636
0.4720724865621487
0.24027646826189542
0.4581087307745454
0.19023967557124152
0.4528723223541943
0.15271208105325104
0.47381795603559895
0.12769368470792405
0.5087273455046067
0.50833071481897
0.4400764909936793
0.5601545358200045
0.41563991836537384
0.6316356682352244
0.4226217962591754
0.6941816590985418
0.44705836888748085
0.7477925084099567
0.45753118572818313
0.7477925084099567
0.46334513919489656
0.6941816590985418
0.4528723223541943
0.6316356682352244
0.4284357497258888
0.5601545358200045
0.42145387183208727
0.50833071481897
0.4458904444603927
0.19810260013691566
0.47021279151286227
0.6284190172765394
0.43949252878013517
0.2938873175733104
0.716438212845203
0.3850257614027157
0.7967298086239208
0.469016091990599
0.7932388696770202
0.5476453376473409
0.788002461256669
0.6244875549937025
0.7775296444159666
0.7031168006504442
0.7792751138894171
0.6923946307881614
0.8176754423053256
0.6298486399248439
0.8682940570353869
0.5583675075096239
0.8927306296636923
0.4815252901632626
0.8857487517698909
0.4171922709895647
0.8438574844070814