0.10964497496246044
0.3631605586738967
0.10081662327605095
0.4567410881186028
0.0964024474328462
0.5556186286639527
0.10523079911925565
0.6544961692093028
0.13171585417848408
0.7410140171864839
0.20454975559136215
0.7975154689266838
0.30828288790667335
0.8257661947967838
0.4076018443787798
0.8610796021344087
0.49809244916447676
0.9087527020402023
0.6040326694013904
0.9317064168096587
0.6790736587358707
0.8787363058032212
0.7342508567759299
0.8045781503942089
0.7916351427375914
0.7321856653520775
0.8357769011696388
0.6509648284755402
0.8578477803856625
0.5609156397645965
0.8710903079152766
0.46910078068677163
0.8777115716800837
0.37552025124206545
0.25531277778821654
0.32431581060250925
0.3281466792010946
0.29606508473240933
0.4318798115164058
0.2907680736317655
0.5223704163021028
0.308424777300578
0.5907901418717761
0.34550385500508424
0.7276295930111228
0.3402068439044405
0.7519075601487488
0.322550140235628
0.782806791051182
0.3048934365668155
0.8203272857184223
0.2907680736317655
0.8556406924640602
0.28723673289800306
0.3347679429659017
0.39998109178896674
0.3987734926923704
0.39821542142208544
0.46277904241883894
0.39998109178896674
0.5223704163021028
0.408809443623373
0.5731334384989574
0.4194034658246605
0.5731334384989574
0.4249590215147404
0.5223704163021028
0.41436499931345294
0.46277904241883894
0.40553664747904666
0.3987734926923704
0.40377097711216536
0.3347679429659017
0.40553664747904666
0.7386650326191347
0.4211691361915418
0.765150087678363
0.4035124325227293
0.7916351427375914
0.3911527399545605
0.8247414615616271
0.38232438812015423
0.8556406924640602
0.3770273770195105
0.8556406924640602
0.38258293270959043
0.8247414615616271
0.38787994381023416
0.7916351427375914
0.39670829564464044
0.765150087678363
0.4090679882128092
0.7386650326191347
0.4267246918816217
0.45836486657563424
0.40805588073465043
0.7951664834121552
0.3978149926067392
0.7607359118351582
0.5891663656346965
0.44953651488922475
0.7445453579202463
0.5091278887724886
0.7004035987482151
0.5952043177149808
0.6686215321443526
0.6923161862654851
0.6597931803099465
0.7563217359919536
0.6792155543456402
0.7143870654815087
0.7516080393877713
0.6879020104222803
0.8169378429623775
0.6040326694013904
0.8381258873649524
0.5069208008508862
0.8328288762643087
0.44953651488922475
0.7939841281929212