0.08616470071234256
0.4982232087051237
0.11942125186447473
0.5675173427736917
0.15742873889548298
0.6616862942002071
0.1938525806335325
0.7611855636319972
0.25086381118004486
0.842917106379539
0.3363806569998134
0.8908899684270091
0.4298157292843753
0.9246486491270807
0.5216671562759786
0.9619608751640019
0.6182695191464579
0.981505374516675
0.7022027196732676
0.9388628304744793
0.7750504031493667
0.8731222417427609
0.8415635054536312
0.7949442443320688
0.8795709924846394
0.6972217475687036
0.895407445414226
0.5870618421263647
0.901742026586061
0.4715716186787513
0.9080766077578956
0.356081395231138
0.9096602530508542
0.23881439911509977
0.03769185284636787
0.40224521632108595
0.07840645657566865
0.3711829545287147
0.11749247615579747
0.32367596590508807
0.1549499115867542
0.27799616915160086
0.19566451531605503
0.2268347967876952
0.3194369106531295
0.14461116263141835
0.39760894981338707
0.15922869759253425
0.5002097512112252
0.13364801141058136
0.5995533843107191
0.08979540652723374
0.6826111759184929
0.06604191221542037
0.12486346883670776
0.4342270876842225
0.1429924545075349
0.3902459069611567
0.17602197634616515
0.36175495341099456
0.21749513534655046
0.3697766781969625
0.24804123449054682
0.4060127453335765
0.26070669023317944
0.4466745916624486
0.2577265829996188
0.49369849558019185
0.22097192711903785
0.5075290555559987
0.1782570567713356
0.49176221718357893
0.140509031812901
0.4737824892150301
0.47203868256318754
0.28492695285467545
0.5064705305646003
0.2260301932954859
0.5636074377553507
0.19811703710629658
0.6294770600189232
0.20593272083926964
0.6846179180501714
0.23942850826629683
0.7090695202540732
0.29776700470170253
0.676134709122287
0.3558263695752164
0.6187482957865991
0.38122734170737865
0.5561222534072175
0.3722951317268381
0.49798732163671616
0.3368454233665676
0.2135789409569474
0.4460978212044336
0.5914104635648589
0.3090584309439721
0.39022459696040834
0.6723469302107561
0.42173951898141965
0.7993876994755643
0.4719997797701157
0.7538983911747253
0.5318603150914839
0.728598157906281
0.5962386266635215
0.7199091889049971
0.6600522162042255
0.7275759262590711
0.6812292923792378
0.7799652981785768
0.6292748654965407
0.8236657010967988
0.5691319691595057
0.8479437027180332
0.5027771304778003
0.8625105036907736
0.44319895617209876
0.8492214922770454