0.08061723870987986
0.41071867563085374
0.08819201281684845
0.5291881413398429
0.10637147067357301
0.6442237094920498
0.12909579299447874
0.7541084313090832
0.17605939245768398
0.845106716563814
0.2518071335273697
0.9086338213642864
0.33815955834681155
0.9687270286079767
0.42451198316625344
1.028820235851667
0.5214690917354512
1.052857518749143
0.613881335840468
1.0219524407381022
0.698718805838516
0.972160926164759
0.7774964565509892
0.9137846676994599
0.8502142879778877
0.845106716563814
0.8880881585127305
0.7438067386387364
0.8971778874410928
0.6253372729297472
0.8956629326196991
0.5034339096639756
0.8971778874410928
0.39354918784694226
0.08667705799545473
0.2664949782459973
0.14576029602980967
0.22700515634300095
0.20938839852834573
0.1995339758887426
0.2836211847766378
0.20640177100230722
0.3442193776323864
0.25275938801886816
0.49419990495036437
0.24589159290530363
0.5714626008414438
0.22013736122943633
0.6547851160180982
0.21155261733748068
0.7365926763733589
0.22357125878621864
0.8002207788718949
0.2476085416836947
0.18060425692186513
0.4193034195228094
0.21090335334973945
0.3798135976198131
0.2593819076343383
0.343757673273599
0.31089037156172467
0.3626441098359016
0.33815955834681155
0.4210203683012006
0.35027919691796133
0.47939662676649963
0.32452496495426814
0.5309050901182341
0.26998659138409437
0.5360559364534075
0.218478127456708
0.518886448669496
0.18211921174325885
0.4811135755448908
0.5320737754852072
0.3918322390685511
0.5638878267344752
0.34204072449520784
0.6169112454832554
0.331739031824861
0.6744795286962166
0.343757673273599
0.7138683540524532
0.39011529029015996
0.7229580829808154
0.44849154875545894
0.6850842124459725
0.4879813706584554
0.629030884054405
0.506867807220758
0.5714626008414438
0.49484916577202004
0.5366186399493884
0.45192544631224124
0.3018006426333624
0.45535934386902355
0.5775224201270187
0.4399068048635032
0.35936892584632363
0.6854304801734373
0.3093754167403309
0.8481359047656898
0.4017876608453476
0.8344003145385606
0.49874476941454554
0.8309664169817784
0.5957018779837433
0.8309664169817784
0.6850842124459725
0.8361172633169517
0.6850842124459725
0.8416728190070316
0.5957018779837433
0.8365219726718583
0.49874476941454554
0.8365219726718583
0.4017876608453476
0.8399558702286405
0.3093754167403309
0.8536914604557697