0.07579022311583318
0.42485426886115024
0.10649493084343051
0.5121202802974795
0.13235152682456514
0.6042344034802715
0.16305623455216245
0.6931164521654216
0.22123357550971526
0.7593739793670792
0.28102695371608905
0.8256315065687365
0.33758825742482096
0.8951211082680357
0.38606937488944837
0.9694588217137977
0.48787972156516585
0.9726908962114394
0.5832259192455997
0.9565305237232303
0.6543315581937198
0.8999692200144985
0.7205890853953772
0.8385598045593038
0.7884626498458555
0.7803824636017509
0.8401758418081248
0.706044750155989
0.8628003632916175
0.6058504407290923
0.8757286612821849
0.5008080195557332
0.8724965867845429
0.4054618218752993
0.06124588787644494
0.3537486299130301
0.09195059560404227
0.32465995943425363
0.1307354895757442
0.30849958694604457
0.17275245804508793
0.29718732620429816
0.21476942651443165
0.30849958694604457
0.373141076898881
0.2891071399601936
0.445862753095822
0.24385809699320804
0.541208950776256
0.23092979900264074
0.6349391112078688
0.2406260224955662
0.7157409736489144
0.27456280472080535
0.1226553033316396
0.41354200811940384
0.14527982481513238
0.3893014493870902
0.17921660704037154
0.373141076898881
0.21638546376325257
0.3828373003918065
0.24385809699320804
0.40707785912412014
0.2503222459884917
0.4329344551052548
0.23092979900264074
0.4636391628328521
0.1953769795285807
0.4749514235745985
0.15497604830805786
0.4684872745793148
0.12588737782928144
0.445862753095822
0.42970238060761295
0.35698070441067187
0.4717193490769567
0.32627599668307455
0.5250485782880467
0.31819581043897
0.5751457330014951
0.33274014567835825
0.6268589249637643
0.3537486299130301
0.6381711857055107
0.3909174866359111
0.5929221427385251
0.41839011986586655
0.541208950776256
0.4264703061099711
0.48464764706752406
0.42000615711468753
0.43616652960289665
0.3973816356311948
0.18568075603565523
0.4264703061099711
0.5105042430486585
0.37637315139652283
0.2777948792184472
0.6268589249637643
0.2826429909649099
0.7616008402188769
0.3456684436689255
0.7519046167259515
0.41354200811940384
0.7486725422283097
0.483031609818703
0.7486725422283097
0.5509051742691814
0.7486725422283097
0.5509051742691814
0.7529098303717955
0.483031609818703
0.7529098303717955
0.41354200811940384
0.7529098303717955
0.3456684436689255
0.7561419048694373
0.2826429909649099
0.7658381283623626