0.08428850713048222
0.39132281033235866
0.12504245668740135
0.501811293122373
0.1685133362147817
0.6159223491186173
0.220135005653546
0.7155431122899417
0.29349211485600035
0.7970510094301163
0.3682076890436854
0.8749363333640607
0.44428172821660106
0.9510103706948903
0.52714809231567
1.00172639558211
0.6195237113113534
1.01621668840703
0.6942392854990385
0.9691232367260403
0.7716717896571847
0.9111620654263605
0.8436704338744084
0.8459557477142209
0.9075182881802485
0.7735042835896213
0.9496307027223984
0.677506093624527
0.9781584674122416
0.5597724644220526
0.9876677223088561
0.43479368880711844
0.9727246074713192
0.3206826328108741
0.058477672411100086
0.22649572944889462
0.10874087686463368
0.18483613757724993
0.1671548712295511
0.16491198494298503
0.22692733057969913
0.18121356437101993
0.27854900001846333
0.21925058303643472
0.44971558815752366
0.18121356437101993
0.5298650222861313
0.12506367967445525
0.6263160362375066
0.10332824043707538
0.7227670501888818
0.09427180742150047
0.808350344258412
0.12325239307134027
0.1522117563920141
0.3206826328108741
0.18481491603754938
0.2717778945267694
0.2405119804320055
0.2826456141454593
0.279907465003694
0.3061923399859542
0.3125106246492293
0.35871965147628887
0.33017066945722756
0.42754854239465845
0.29892597479692296
0.48007585388499313
0.24594584037292808
0.4710194208694182
0.1997580308750864
0.43479368880711844
0.1603625463033979
0.38407766391989867
0.5434496721384378
0.3152487730015291
0.586920551665818
0.26815532132053943
0.6426176160602742
0.25547631509873453
0.7051070053808836
0.26815532132053943
0.7512948148787252
0.3061923399859542
0.7526532798639558
0.3768325175074388
0.7091824003365755
0.42392596918842845
0.6521268709568887
0.4420388352195784
0.5923544116067406
0.44747269502892334
0.557034321990744
0.3895115237292437
0.25953049022523444
0.3967566701417037
0.6195237113113534
0.3931340969354737
0.38315080388122247
0.6304126419435372
0.39537698874829813
0.7753155701927363
0.4796018178325977
0.7644478505740465
0.5638266469168972
0.7644478505740465
0.6466930110159661
0.7535801309553565
0.7254839801593431
0.7463349845428965
0.7146162602774979
0.8278428816830711
0.6480514760011967
0.8930491993952107
0.5665435768873586
0.9129733520294755
0.482318747803059
0.9111620654263605
0.4225462884529109
0.8459557477142209