0.07043949565819362
0.1317006142328907
0.053428717504438464
0.251738934985323
0.0286857674626128
0.37586947121795183
0.022500029952156372
0.509548510237706
0.053428717504438464
0.6254946155099418
0.11683252698661675
0.7318922179950521
0.1848756396016374
0.834197604999966
0.25446518659427203
0.9310467046979511
0.39364428057954154
0.9596922130593271
0.5405555464528815
0.9392311356583444
0.6658167310396239
0.8914886217227178
0.7957172187592086
0.8492023950940202
0.9147926658354948
0.8000958093316614
1.0106715972475693
0.722343715207927
1.0910861848835027
0.620038328203013
1.1467578224776105
0.502728151104045
1.1668614693865937
0.37586947121795183
0.09518244570001931
0.03348744270817335
0.1585862551821976
0.02257486809431588
0.2250829334196041
0.019846724440851497
0.2915796116570106
0.026667083574512435
0.32714760234213497
0.048492232802227385
0.5730306683827776
0.049856304628959576
0.6951989842142919
0.05394852010915612
0.8127279969129639
0.067589238376478
0.9209784033459513
0.10441917769824698
1.007578728492341
0.15079761980714126
0.14776121453889887
0.13715690153981944
0.1848756396016374
0.12624432692596194
0.2281758021748323
0.1207880396190332
0.268383095992799
0.12624432692596194
0.297765349167467
0.15216169163387347
0.2962189147898529
0.17125869720812406
0.25755805534950027
0.18217127182198153
0.21735076153153352
0.1835353436487137
0.17405059895833863
0.1767149845150528
0.14466834578367063
0.15898205076753438
0.6611774279067816
0.1917197746091068
0.7245812373889599
0.19717606191603557
0.7879850468711381
0.208088636529893
0.8467495532204742
0.2326419294110724
0.8993283220593536
0.2612874377724483
0.8977818876817395
0.2967533052674851
0.8359245125771754
0.2967533052674851
0.7694278343397689
0.28993294613382414
0.710663327990433
0.26537965325264484
0.6596309935291675
0.2285497139308758
0.21735076153153352
0.15488983528733785
0.7539634905636278
0.23946228854473328
0.20497928651062072
0.4454371343812933
0.18796850835686557
0.6227664718564774
0.25446518659427203
0.6295868309901382
0.3194154304540645
0.650047908391121
0.38281923993624273
0.6691449139653716
0.44467661504080697
0.6882419195396222
0.44776948379603515
0.6991544941534796
0.38281923993624273
0.6896059913663545
0.31322969294360803
0.6855137758861579
0.2513723178390439
0.665052698485175
0.1987935490001643
0.6309509028168704