0.02463965727916817
0.36237582781456956
0.05424620199405794
0.4547806291390729
0.08940397384298955
0.5452193708609272
0.1264121547366018
0.6258278145695364
0.1837748351217007
0.7201986754966887
0.24113751550679968
0.806705298013245
0.32810674060678835
0.8578228476821192
0.4169263747514578
0.9069743377483444
0.5149980541195301
0.9266349337748345
0.6130697334876026
0.9148385761589404
0.6889365043195076
0.8696192052980134
0.7648032751514127
0.806705298013245
0.8295675917152341
0.7398592715231789
0.8887806811450136
0.6533526490066226
0.9202376349045839
0.5629139072847682
0.9350409072620288
0.4646109271523179
0.9313400891726676
0.3741721854304636
0.02093883918980695
0.3151903973509934
0.05609661103873855
0.26407284768211925
0.1134592914238375
0.22475165562913912
0.1837748351217007
0.20902317880794707
0.2540903788195639
0.2208195364238411
0.4761394641812373
0.181498344370861
0.5631086892812259
0.16183774834437092
0.6556291415152565
0.16970198675496695
0.7370471394812034
0.20115894039735105
0.7999610470003443
0.2444122516556292
0.09125438288767015
0.40366307947019875
0.1356641999600048
0.3525455298013245
0.19487728938978438
0.32305463576158944
0.21893260697063235
0.3191225165562914
0.2781456964004119
0.3466473509933775
0.29479937780253734
0.42528973509933776
0.2670432421323282
0.482305463576159
0.20042851652382626
0.49410182119205304
0.13751460900468548
0.474441225165563
0.08200233766426711
0.44888245033112584
0.5168484631642107
0.3466473509933775
0.5464550078791005
0.3053600993377483
0.6056680973088802
0.29159768211920534
0.6685820048280209
0.3053600993377483
0.7185430490343974
0.35844370860927155
0.7296455033024809
0.4016970198675497
0.6815348681407851
0.4508485099337749
0.6149201425322832
0.47050910596026496
0.5483054169237811
0.4685430463576159
0.49834437271740467
0.4272557947019868
0.2170821979259517
0.40759519867549676
0.5760615525939902
0.40366307947019875
0.339209194874872
0.5983029801324503
0.3151538772940241
0.7398592715231789
0.39287105717060977
0.7654180463576159
0.4761394641812373
0.7752483443708609
0.5631086892812259
0.7732822847682119
0.6352746420237699
0.7575538079470199
0.6352746420237699
0.7575538079470199
0.5631086892812259
0.7732822847682119
0.4761394641812373
0.7752483443708609
0.39287105717060977
0.7654180463576159
0.3151538772940241
0.7398592715231789