0.0489103280781651
0.38318564249445736
0.07687854538719245
0.4823518035273732
0.09785470836896293
0.5916026589026194
0.1135868306052908
0.7042150790586424
0.16602723805971703
0.7983388929203931
0.24468784924135642
0.8706125357070944
0.3216004468411816
0.9445669608841841
0.40550509876826357
1.006755909328555
0.508637900095302
0.9882673030342827
0.6100226878405259
0.9412053961034074
0.7096594620039358
0.8941434891725321
0.8092962361673457
0.8504431470224335
0.8827128066035426
0.7781695042357322
0.9334052004761546
0.6790033432028165
0.9403972548034113
0.5596677934852398
0.9386492412215972
0.4436938085484399
0.9264131461488977
0.33612373556358216
0.031430192260023
0.3008273053654257
0.05939840956905034
0.27225400472882283
0.0961066947871487
0.25208461604416205
0.1363110071688755
0.24031913931144316
0.1695232652233455
0.2588077456057156
0.35830873205927993
0.22687288018833596
0.4457094111499904
0.17644940847668386
0.5645743347133565
0.16300314935357665
0.6834392582767228
0.17308784369590702
0.7743359645310616
0.22519209779794752
0.073382518223564
0.37142016576173864
0.09960272195077716
0.3529315594674662
0.12931895284161868
0.33780451795397054
0.16602723805971703
0.3344429531731938
0.1922474417869302
0.3546123418578546
0.19574346895055858
0.3781432953232922
0.17127127880515963
0.3983126840079531
0.13805902075068974
0.40839737835028345
0.09785470836896293
0.41007816074067194
0.06289443673267875
0.4016742487887299
0.41424516667733463
0.31931591165969814
0.4614415333863182
0.27897713429037646
0.5296140630770724
0.27393478711921126
0.5960385791860123
0.2806579166807649
0.6572190545495097
0.3008273053654257
0.669455149622209
0.347889212296301
0.6135187150041543
0.3747817305425154
0.5453461853134003
0.38654720727523423
0.47892166920446033
0.38318564249445736
0.4177411938409631
0.36301625380979663
0.1188308713507334
0.3747817305425154
0.5191259815861872
0.3344429531731938
0.18875141462330175
0.6252183067103875
0.22196367267777173
0.7428730740375757
0.2971282566957827
0.7378307268664105
0.3722928407137936
0.7294268149144685
0.44920543831361887
0.7176613381817496
0.5208739951680014
0.722703685352915
0.5121339272589304
0.7764887218453438
0.45444947905906147
0.8319545407281611
0.39152099011374997
0.8638894061455408
0.31460839251392475
0.8470815822416567
0.2586719578958701
0.7983388929203931