0.03338106399068963
0.4513735623524481
0.09343118178627348
0.5448859496079138
0.15712070066037753
0.634657841373161
0.22081021953448154
0.7206892376481894
0.2863194389478458
0.8085908816683272
0.36456656213603067
0.8834007914726999
0.45737128963829665
0.9282867373553234
0.5538154182190826
0.9675619400026191
0.6502595467998689
0.9507297102966351
0.7248672689095336
0.8871412869629184
0.7958355899406782
0.8123313771585459
0.8686236115110827
0.735651219609064
0.9377722320029672
0.6571008143144726
0.9614283390133487
0.5542371883334604
0.9632480395526088
0.4420223236269015
0.9468707346992676
0.33541820215567053
0.9104767239140655
0.24938680588064208
0.022462860755128957
0.3653421660774196
0.07705387693293242
0.3223264679399054
0.13892369526777634
0.2980132472534843
0.211711716838181
0.2980132472534843
0.26812243355524457
0.320456220194796
0.38094386698937177
0.23255457617465822
0.4537318885597764
0.1689661528409415
0.5447169155227822
0.13530169342897388
0.6484398462606088
0.13530169342897388
0.7412445737628747
0.14652317989962976
0.08797208016849314
0.4401520758817922
0.13346459364999605
0.4120983597051525
0.18259650821001913
0.3990066254893873
0.2444663265448631
0.39713637774427796
0.2972376421834064
0.41022811196004316
0.31725434811526776
0.44389257137201077
0.26448303247672433
0.4663355443133226
0.20625261522040061
0.47381653529375983
0.14802219796407698
0.48129752627419714
0.09161148124701335
0.4775570307839785
0.479207696109418
0.3073644859790308
0.5119623058161001
0.28118101754750047
0.5701927230724239
0.2643487878415166
0.6320625414072678
0.25499754911596995
0.6921126592028517
0.2568677968610793
0.7066702635169325
0.29614299950837497
0.6575383489569094
0.3316777066654519
0.5993079317005857
0.3522504318616544
0.541077514444262
0.3709529093127475
0.4828470971879383
0.3578611750969823
0.2189905189952215
0.4326710849013549
0.5993079317005857
0.29614299950837497
0.35546805943973014
0.6627115575498006
0.40278027346049317
0.7711859267661408
0.45555158909903654
0.7412619628443918
0.5210608085124007
0.7206892376481894
0.5865700279257647
0.7094677511775336
0.6502595467998689
0.7206892376481894
0.6557186484176493
0.7693156790210317
0.6247837392502273
0.8291636068645296
0.5665533219939036
0.8646983140216066
0.4974047015020192
0.860957818531388
0.4391742842456955
0.8329041023547482