0.08341123086424641
0.510833279595464
0.10704747319039676
0.5876510671554523
0.15431995784269723
0.6664385415759534
0.19568338191346027
0.7452260159964543
0.25477398772883597
0.8121953692538801
0.3237130278467743
0.8712859750692558
0.420227684011888
0.894922217395406
0.510833279595464
0.924467520303094
0.6093176226210902
0.9500734494897567
0.6900747839021037
0.9047706516979687
0.7688622583226046
0.8574981670456682
0.8397709853010554
0.80431662181183
0.8909828436743811
0.7274988342518417
0.898861591116431
0.6231054306446779
0.8752253487902808
0.5265907744795641
0.8574981670456682
0.42416705773291297
0.8378012984405429
0.3434098964518995
0.07356279656168384
0.4025005022672752
0.11689590749295929
0.36704613877804976
0.16219870528474734
0.3355311490098495
0.21931962423961054
0.3197736541257492
0.2744708563339611
0.33750083587036195
0.43992455261701313
0.30007678552062406
0.4891667241298262
0.26462242203139863
0.5620451379687895
0.23901649284473583
0.6526507335523656
0.23901649284473583
0.7058322787862038
0.2744708563339611
0.1779562001688475
0.45174267378008826
0.2055318162160229
0.41431862343035036
0.250834614007811
0.3926520679647126
0.2981070986601114
0.39462175482522505
0.33750083587036195
0.420227684011888
0.3434098964518995
0.4537123606406008
0.3178039672652367
0.49113641099033883
0.2685617957524236
0.5009848452929013
0.21538025051858553
0.49704547157187634
0.16416839214525986
0.49113641099033883
0.5206817138980266
0.3749248862200999
0.5620451379687895
0.3473492701729246
0.6132569963421153
0.32962208842831187
0.6723476021574909
0.3256827147072868
0.7156807130887665
0.35522801761497463
0.7156807130887665
0.386743007383175
0.6920444707626161
0.4300761183144505
0.634923551807753
0.43598517889598815
0.5778026328528897
0.428106431453938
0.5265907744795641
0.41628831029086283
0.2882586643575489
0.44386392633803823
0.6526507335523656
0.37886425994112494
0.36704613877804976
0.6703779152969784
0.386743007383175
0.7964378743697799
0.44189423947752565
0.7806803794856796
0.5049242190139265
0.7688622583226046
0.5659845116898147
0.755074450299017
0.6270448043657029
0.7412866422754293
0.6270448043657029
0.7846197532067046
0.5797723197134024
0.8259831772774678
0.5206817138980266
0.8417406721615679
0.4596214212221384
0.8535587933246431
0.4005308154067627
0.8358316115800305