0.08520038425816681
0.41609321793416565
0.06728368119424404
0.5293168274687855
0.06927442597912435
0.6506278376844494
0.10112634253720927
0.7517203461975028
0.144922727804576
0.8447254540295119
0.2165895400602671
0.9235776106696936
0.3061730553798809
0.970080164585698
0.41168252897853713
1.0084953178206584
0.5112197682225524
1.0408449205448354
0.6286737105304906
1.0347793700340522
0.728210949774506
0.9963642167990918
0.8058499963848378
0.9336868615209988
0.8775168086405288
0.8609002553916003
0.9332576626171775
0.7739606980703746
0.9511743656811004
0.6627589387060158
0.9531651104659805
0.5394260783200908
0.9591373448206216
0.42215876844494893
0.10112634253720927
0.27052000567536894
0.17478389957778065
0.2684981555051078
0.25640443575787314
0.26445445516458566
0.32209901365892335
0.2826511066969353
0.3897843363448537
0.29680405788876274
0.6346459448851315
0.29680405788876274
0.7023312675710619
0.2664763053348468
0.7819610589662742
0.2523233541430193
0.8576093607917259
0.26445445516458566
0.9093687251986139
0.3028696083995459
0.1827468787173018
0.44844282065834273
0.2265432639846686
0.3877873155505107
0.2982100762403596
0.36554696367763906
0.3838121019902128
0.3756562145289444
0.417654763333178
0.4363117196367764
0.41566401854829776
0.5090983257661748
0.37983061242045224
0.5758193813847899
0.30816380016476125
0.5940160329171396
0.24047847747883075
0.5556008796821793
0.18871911307194278
0.5050546254256526
0.650571903164174
0.43226801929625425
0.6943682884315406
0.37363436435868325
0.7620536111174712
0.3534158626560726
0.8396926577278032
0.3675688138479001
0.8834890429951697
0.4282243189557321
0.8755260638556485
0.4888798240635641
0.8396926577278032
0.5535790295119183
0.7720073350418726
0.5818849318955732
0.7023312675710619
0.547513479001135
0.6565441375188149
0.4949453745743473
0.32807124801356424
0.46663947219069235
0.7640443559023513
0.46461762202043133
0.6127477522514481
0.666802639046538
0.371867633280931
0.8427036038592508
0.449506679891263
0.7820480987514189
0.5550161534899193
0.7739606980703746
0.6605256270885754
0.7759825482406355
0.7401554184837877
0.8325943530079454
0.7381646736989074
0.9013372587968218
0.6664978614432163
0.9761457150964812
0.5609883878445602
0.9842331157775255
0.45547891424590387
0.966036464245176
0.3639046541414098
0.9255994608399545