0.1112750689070947
0.45436421908527
0.10320343294420894
0.5419104235504714
0.1112750689070947
0.6573969060364819
0.11611805048482608
0.7635699625155559
0.17746248380275745
0.826901259362723
0.2630218250093459
0.8622922781890809
0.34696683902335723
0.9032713526196008
0.4341405074225229
0.9423877418487333
0.5229285030142656
0.9684653346681551
0.618173807376317
0.9815041310778658
0.7053474757754826
0.9517011678556696
0.7683062362859912
0.8827818154043408
0.824807688026191
0.8119997777516248
0.8829234669589681
0.735629684494747
0.9152100108105109
0.6424954244253838
0.9200529923882423
0.5232835715365989
0.9232816467733966
0.4133851446547502
0.2016773916914146
0.37054338502284306
0.2517215346613059
0.31838819938399965
0.321137603942123
0.2755464397520926
0.41153992672644285
0.2736837545507053
0.49387061354787704
0.30534940297428886
0.6730609319239398
0.3128001437798379
0.7166477661235225
0.26809569894654356
0.7779921994414539
0.2513315321340581
0.8409509599519626
0.264370328543769
0.8861521213441225
0.2997613473701271
0.3711817469120144
0.45808958948804457
0.3905536732229401
0.4226985706616865
0.4260688714596372
0.39662097784226485
0.44705512496314004
0.38358218143255396
0.4680413784666428
0.40779708905058837
0.49064195916272285
0.4655403302935936
0.47127003285179714
0.5046567195227261
0.43091185303736856
0.5195582011338242
0.3857106916452086
0.5139701455296625
0.3647244381417058
0.4823044971060789
0.7150334389309454
0.4171105150575247
0.7376340196270255
0.3891702370367158
0.7650775819008367
0.3724060702242304
0.7876781625969168
0.3798568110297794
0.8022071073301111
0.4152478298561374
0.8086644161004197
0.43387468187001016
0.800592780137534
0.4748537563005299
0.7731492178637225
0.49906866391856436
0.7360196924344483
0.489755237911628
0.7101904573532141
0.4655403302935936
0.4276831986522144
0.45622690428665735
0.7618489275156826
0.4376000522727846
0.7327910380492941
0.622005887210124
0.5326144661697284
0.8306266297654976
0.5713583187915798
0.7933729257377521
0.6230167889540483
0.7784714441266539
0.6827468950794026
0.7821968145294286
0.7037331485829055
0.806411722147463
0.7037331485829055
0.806411722147463
0.6827468950794026
0.7821968145294286
0.6230167889540483
0.7784714441266539
0.5713583187915798
0.7933729257377521
0.5326144661697284
0.8306266297654976