0.05106099088656187
0.43849895223837754
0.042482952370068376
0.5296116335255122
0.04591416777666577
0.6207243148126469
0.08022632184263985
0.6996886385948303
0.13169455294160087
0.7649860601839436
0.19860325337025025
0.8120609455156297
0.2723743846120945
0.8591358308473159
0.3478611235572374
0.9062107161790023
0.425063470205679
0.9472114227582128
0.5177062861838089
0.962396869639402
0.6017710636454454
0.9305074311889048
0.6755421948872896
0.8849510905453374
0.747597718425835
0.8363576605255322
0.799065949524796
0.7756158730007758
0.840240534403965
0.6981700939067114
0.8762682961732378
0.6207243148126469
0.9020024117227183
0.5417599910304635
0.18487839174386064
0.31701537718886463
0.27752120772199057
0.29423720686708094
0.3838888853265101
0.3079041090601512
0.4816785244145362
0.33675645813441046
0.552018440249783
0.3747200753373832
0.7458821107225363
0.4096466031641183
0.7887723033050038
0.3883869775304535
0.8368093189973675
0.3747200753373832
0.8934243732062248
0.3777571647136211
0.9397457811952897
0.38383134346609676
0.280952423128588
0.4324247734859019
0.3341362619308477
0.4050909690997615
0.3924669238430037
0.39294261159481025
0.4542288011617569
0.414202237228475
0.4868253475244323
0.4612771225601612
0.47653170130464007
0.5098705525799664
0.4353571164254712
0.549352714471058
0.37187963140341923
0.5584639825997715
0.3135489694912633
0.53264872290175
0.2792368154252893
0.4855738375700638
0.7407352876126403
0.49772219507501503
0.7699006185687182
0.46886984600075576
0.8093595957445884
0.4521658544314478
0.8522497883270558
0.4552029438076855
0.8608278268435494
0.4946851056987773
0.857396611436952
0.5280930888373934
0.8316624958874714
0.5599825272878904
0.7922035187116012
0.5797236082334363
0.747597718425835
0.5706123401047228
0.730441641392848
0.5372043569661067
0.42334786250238027
0.5022778291393718
0.7870566956017052
0.53264872290175
0.6652485486674973
0.6981700939067114
0.4336415087221725
0.8041269329910893
0.4868253475244323
0.7965342095504946
0.5417247940299907
0.7995712989267325
0.5897618097223544
0.8102011117435648
0.6360832177114194
0.8086825670554459
0.6360832177114194
0.8120609455156297
0.5897618097223544
0.8135794902037485
0.5417247940299907
0.8029496773869162
0.4868253475244323
0.7999125880106783
0.4336415087221725
0.807505311451273