0.04830118143523965
0.3781706916279352
0.04455801983370099
0.4740097534084163
0.04455801983370099
0.5714732060665327
0.10070544385678136
0.64457079556012
0.15498128707909237
0.7176683850537073
0.21112871110217266
0.7891415836696594
0.25978981192217565
0.8654879549185173
0.31968039754679467
0.9320879809015636
0.42074576078833936
0.9483318896779163
0.527425866432192
0.9515806714331868
0.6322343912752754
0.9304635900239282
0.722070269712204
0.8963513815935875
0.8119061481491324
0.8557416096527056
0.8755398953752902
0.7940147563025652
0.9148430921914464
0.7046732580326251
0.9373020618006785
0.6088341962521441
0.9522747082068334
0.5146195253492982
0.08573279745062656
0.26121454843819547
0.12503599426678286
0.2303511217631252
0.1924129030944792
0.22547794913021937
0.24294558471525154
0.2449706396618427
0.2822487815314078
0.2758340663369129
0.4787647656121891
0.33106335617651217
0.5592427400452707
0.3131950565225242
0.6490786184821994
0.3083218838896184
0.7351713353175893
0.31806822915543004
0.7950619209422083
0.3521804375857707
0.09134753985293459
0.37345371042557124
0.1287791558683215
0.39132201007955913
0.17744025668832447
0.3978195735901003
0.2242297767075581
0.39132201007955913
0.261661392722945
0.37507810130320646
0.261661392722945
0.3797950825055704
0.2242297767075581
0.3960389912819231
0.17744025668832447
0.40253655479246425
0.1287791558683215
0.3960389912819231
0.09134753985293459
0.3781706916279352
0.48999425041680517
0.39928777303719365
0.5629859016468095
0.42365363620172275
0.6434638760798914
0.4350243723451698
0.722070269712204
0.44639510848861663
0.7894471785399003
0.45126828112152245
0.7744745321337455
0.4707609716531457
0.7089692041068184
0.5016243983282159
0.6322343912752754
0.4837560986742279
0.5592427400452707
0.46101462638733404
0.48999425041680517
0.42365363620172275
0.17669162436801672
0.38815757169678117
0.679023911294509
0.46751218989787524
0.1924129030944792
0.6137073688850498
0.22610135750832747
0.6868049583786371
0.30470775114063997
0.691678131011543
0.3851857255737218
0.7079220397878958
0.461920538405265
0.7241659485642484
0.5423985128383467
0.7306635120747896
0.5199395432291146
0.774522065770942
0.45069105360064876
0.8005123198131064
0.36834149836679764
0.8005123198131064
0.29347826633602386
0.7761464566485772
0.24294558471525154
0.7241659485642484