0.06773028081739378
0.402133931738898
0.09723058090674754
0.5137356023343225
0.1267308809961013
0.6219033753729649
0.16325506205911072
0.7249203020764337
0.20961267648523804
0.821069433666338
0.2686132766639456
0.8931812823587661
0.3472807435688889
0.9515575408240652
0.42313865808436996
1.008216850510973
0.5032109011840444
1.0562914163059252
0.594521353841568
1.0374049797436227
0.6703792683570491
0.9893304139486704
0.7406180780936057
0.9223694115914156
0.8080473354406998
0.8519745116773786
0.862833607035214
0.7729948678713857
0.8965482357087612
0.6596762484975701
0.9218342072139215
0.542923731566972
0.9190246548244593
0.4244542658579829
0.04384908550696456
0.29911700503542915
0.09723058090674754
0.22357125878621864
0.17168371922749753
0.1789305905480488
0.2573750671060965
0.1892322832183957
0.3233995482584597
0.23730684901334786
0.5130443345471625
0.2252882075646098
0.5889022490626434
0.1789305905480488
0.6858318064990915
0.1669119490993108
0.7729279305724216
0.20125092466713376
0.819285544998549
0.24074074657013017
0.1463977477223371
0.36092716105751044
0.1801123763958843
0.31456954404094944
0.2405177527693229
0.3128525952625584
0.295304024363837
0.343757673273599
0.3318282054268465
0.4004169829605069
0.34166163878996436
0.46909493409615277
0.3023279053374927
0.5103017047775402
0.2405177527693229
0.518886448669496
0.1801123763958843
0.49484916577202004
0.15201685250126165
0.4364729073067209
0.58468792047845
0.38668139273337765
0.6254264301256529
0.33860682693842553
0.6858318064990915
0.32487123671129636
0.7434276304830678
0.3523424171655547
0.7911900211039264
0.402133931738898
0.7897852449091952
0.46222713898258816
0.7434276304830678
0.5051508584423667
0.6830222541096294
0.5240372950046694
0.6198073253467283
0.5154525511127137
0.5832831442837189
0.460510190204197
0.2854705910007191
0.44849154875545894
0.6591410587992
0.46566103653937047
0.36835238648985585
0.6751287875030905
0.34868551976362
0.8056168946608177
0.4301625390580256
0.8056168946608177
0.5116395583524312
0.798749099547253
0.5903070252573746
0.7815796117633415
0.6633553873833934
0.7918813044336884
0.6563315064097377
0.8519745116773786
0.5903070252573746
0.9051999238075042
0.5102347821577001
0.9206524628130245
0.43156731525275677
0.901766026250722
0.35992372932146904
0.857125358012552