-0.021971785431679138
0.27958286455203435
-0.017755797083165083
0.38471907497226143
-0.01564780290890803
0.49169978031214157
0.0054321388336623444
0.5931470008930624
0.07288795240988762
0.6687712925988399
0.13401978346334179
0.7536180589028827
0.19304362034253886
0.8421538150462319
0.26682341644153523
0.9177781067520091
0.3827630960256724
0.9399120457878466
0.5050267581325806
0.9509790153057652
0.6146424551939468
0.9362230559485403
0.692638239641457
0.8735102286803347
0.7727420182632245
0.7960414420549041
0.8380898376651928
0.7130391706705144
0.8781417269760766
0.6134364450092465
0.9076536454156751
0.5138337193479788
0.9097616395899321
0.42160897336532355
0.0033241446594053426
0.14493473541735755
0.056023999015831306
0.1412457455780513
0.11083184754651437
0.14677923033701062
0.16774769025145433
0.15600170493527618
0.20569158538808108
0.1726021592121542
0.4143830086395279
0.19842508808729767
0.4881628047385243
0.17444665413180727
0.5766985600573199
0.1652241795335417
0.6631263212018587
0.1781356439711135
0.7305821347780839
0.21133655252486938
0.08553591745542984
0.2814273594716874
0.10239987084948615
0.2648269051948095
0.13401978346334179
0.257448925516197
0.15931571355442622
0.27220488487342187
0.17196367859996844
0.2998723086682185
0.16985568442571145
0.32385074262370894
0.148775742683141
0.3496736714988524
0.11926382424354248
0.3515181664185055
0.09607588832671506
0.3349177121416275
0.08342792328117278
0.30909478326648404
0.4860548105642673
0.33307321722197447
0.5008107697840665
0.3072502883468309
0.5408626590949502
0.31462826802544336
0.5745905658830629
0.3312287223023213
0.5872385309286051
0.3570516511774648
0.5872385309286051
0.3976305394098331
0.5640505950117777
0.4105420038474049
0.5239987057008939
0.40869750892775186
0.4944867872612954
0.3865635698919145
0.4860548105642673
0.3625851359364241
0.1255878067663136
0.2998723086682185
0.5345386765721791
0.35889614609711795
0.2141235620851093
0.5175227091872852
0.150883736857398
0.6411038688040432
0.26682341644153523
0.6484818484826557
0.3848710901999294
0.654015333241615
0.5029187639583236
0.6761492722774521
0.5998864959741473
0.6982832113132896
0.5640505950117777
0.7849744725369855
0.4776228338672391
0.8421538150462319
0.3553591717603308
0.8421538150462319
0.24363548052470782
0.8163308861710883
0.20569158538808108
0.724106140188433