-0.03703703731298447
0.34897430455743866
-0.015452538746476962
0.4680180733419017
-0.010056414104850107
0.5888386147947895
0.0331125830281649
0.6901146568950043
0.08347641301668242
0.7878371536583695
0.15902215799945865
0.8695686964059112
0.25075627690711555
0.9175415584533814
0.3406916876008968
0.981505374516675
0.45401030507506124
1.001049873869348
0.5655302143353499
0.9779518291798253
0.6590630414568825
0.9264254217955056
0.7382062028674099
0.8677919237374864
0.8281416135611913
0.812711971016317
0.8874989846190869
0.7309804282687753
0.9288692735382262
0.6314811588369852
0.9270705653243506
0.505330299378823
0.9144796078272213
0.3898400759312096
-0.006458997677098829
0.21038603642030268
0.03670999945591618
0.15352931103070838
0.11585316086644364
0.14109190235173463
0.18420407299371738
0.18728799173077995
0.22917177834060806
0.2512518077940735
0.42702968186692686
0.21216280908872745
0.5277573418439618
0.1464222203570091
0.6500695003875043
0.1322080390096105
0.7597907014339176
0.17307381038338146
0.8083558232085595
0.2743498524835962
0.06189191445017492
0.34009044121531457
0.09966478694156303
0.3187691691942167
0.14643120050232927
0.3045549878468182
0.19319761406309552
0.31166207852051747
0.21658082084347868
0.34542075922058907
0.21478211262960303
0.38273298525751026
0.1878014894214687
0.42182198396285636
0.1446324922884537
0.4200452112944315
0.09966478694156303
0.40227748461018337
0.06369062266405054
0.375625894583811
0.47559480364156875
0.3329833505416153
0.5313547582717131
0.3258762598679161
0.5907121293296088
0.32054594186264157
0.6500695003875043
0.3258762598679161
0.7022320385898976
0.34897430455743866
0.6932384975205194
0.3809562125890855
0.6482707921736288
0.41116134795230747
0.5907121293296088
0.4235987566312812
0.5421470075549669
0.4005007119417585
0.4953805939942006
0.3667420312416869
0.13743765943295114
0.3614117132364124
0.5817185882602306
0.37384912191538616
0.21298340441572744
0.5764012061158157
0.24715886047936433
0.7594087909635723
0.32810073010376745
0.7665158816372716
0.4090425997281706
0.7700694269741213
0.48998446935257367
0.762962336300422
0.5709263389769768
0.7594087909635723
0.5529392568382205
0.8091584256794673
0.48638705292482254
0.8464706517163887
0.40544518330041934
0.8500241970532382
0.32810073010376745
0.8375867883742645
0.2543536933348668
0.7984977896689185