0.05662496754250548
0.2401981721225191
0.02074727577037862
0.3472261737987703
0.0036626606407944087
0.46633798211588867
0.022455737283337055
0.581997274249902
0.08566881326279864
0.6803939854683911
0.16254958134592762
0.766706890046013
0.24284727245497342
0.8461147622574251
0.32997880961585296
0.9134388278279704
0.42565265434152455
0.9686790867576482
0.5281603451190299
1.0049305066802494
0.6375018819483689
0.9738578610323055
0.7365926496999573
0.92034386019418
0.8220157253478783
0.8599248269898446
0.8835203398143816
0.7701594062291178
0.9364826467160926
0.6752152111937337
1.0014041842085126
0.5837235323414545
1.04753264505839
0.48187430493986066
0.1864680425273455
0.18841042937594596
0.29922650238260134
0.13144391235471548
0.42906957736744133
0.10727629907298135
0.5589126523522815
0.1331701704462679
0.6494611125390777
0.20739926838302283
0.8356834174515458
0.25918701112959597
0.9074388009957994
0.2194830750238899
0.9877364921048453
0.21603055884078498
1.0577834141361404
0.2609132692211484
1.0953695674212256
0.3265110767001411
0.3351041941547282
0.31097475387616913
0.38635803954348086
0.2574607530380435
0.4546965000618177
0.2557344949464911
0.5179095760412793
0.2937121729606447
0.5537872678134061
0.35585746425653253
0.5452449602486141
0.41282398127776293
0.4922826533469029
0.45425417547502156
0.42052726980264926
0.4611592078412313
0.35560573231022924
0.43526533646794474
0.31631111751218555
0.37657256135516176
0.8339749559385873
0.40764520700310564
0.8681441861977558
0.3662150128058472
0.9228149546124252
0.3437736576156655
0.970651876975261
0.3679412708973996
0.991153415130762
0.4162764974608679
0.9809026460530116
0.47496927257365085
0.9433164927679263
0.5025894020384898
0.8920626473791736
0.5267570153202239
0.8339749559385873
0.5181257248624618
0.8134734177830862
0.4646117240243362
0.45982188460069295
0.39556140036223864
0.873269570736631
0.46806424020744103
0.7383011112129156
0.6493213398204472
0.4376118849322336
0.7338784270926202
0.5042418839376119
0.7632248146490117
0.5879564980725746
0.7718561051067738
0.666545727668662
0.7942974602969556
0.7434264957517909
0.7873924279307458
0.7434264957517909
0.7926007614192996
0.666545727668662
0.7995057937855093
0.5879564980725746
0.7770644385953276
0.5042418839376119
0.7684331481375655
0.4376118849322336
0.739086760581174