0.053762298234855746
0.3437736576156655
0.0934662343405618
0.4335390783763922
0.12799139617161065
0.5302095315033288
0.17114784846042158
0.625153726538713
0.21603055884078498
0.7097403730247825
0.2833546244113301
0.7891482452361948
0.35067868998187524
0.8599248269898446
0.4283603041017349
0.923796376377285
0.5129469505878044
0.9859416676731727
0.6199749522640557
1.0014779904971447
0.7321817282149642
0.99112044194783
0.821947148975691
0.9427852153843618
0.9117125697364178
0.8875449564546837
0.9945729581309348
0.8323046975250057
1.0411819266028508
0.7459917929473836
1.049813217060613
0.6320587589049227
1.0480869589690605
0.5284832734117764
0.02786842686156917
0.17460036464352646
0.08828746006590454
0.16769533227731673
0.14698023517868744
0.18323165510128864
0.20049423601681302
0.2212093331154423
0.2401981721225191
0.2574607530380435
0.4853268211229655
0.3006172053268545
0.6009861132569789
0.2799021082282252
0.7235504377572021
0.28162836631977767
0.8323046975250057
0.30752223769306425
0.9220701182857325
0.3610362385311899
0.11936010571384842
0.31097475387616913
0.16769533227731673
0.3006172053268545
0.2194830750238899
0.3196060443339313
0.25918701112959597
0.35240494807342765
0.28162836631977767
0.39383514227068617
0.2937121729606447
0.43526533646794474
0.25228197876338615
0.45943294974967885
0.1953154617421557
0.44734914310881174
0.1556115256364496
0.4059189489115533
0.12971765426316306
0.35585746425653253
0.5716397257005873
0.4093714650946581
0.63723753317958
0.39038262608758134
0.7097403730247825
0.4041926908200008
0.7753381805037751
0.4369915945594972
0.8323046975250057
0.48360056303141297
0.8305784394334531
0.5353883057779862
0.7615281157713556
0.5422933381441959
0.683846501651496
0.5405670800526435
0.6165224360809507
0.514673208679357
0.5716397257005873
0.4611592078412313
0.2401981721225191
0.4041926908200008
0.6631314045528667
0.48187430493986066
0.2833546244113301
0.6769414692852861
0.3610362385311899
0.7839694709615374
0.4249077879186301
0.7787906966868801
0.4887793373060703
0.7736119224122228
0.5457458543273008
0.7908745033277471
0.5958073389823216
0.8323046975250057
0.6027123713485313
0.868556117447607
0.5388408219610911
0.8616510850813971
0.47496927257365085
0.8547460527151873
0.41109772318621063
0.8443885041658727
0.3610362385311899
0.8133158585179289