0.06821897259525418
0.43737354612233753
0.06038800520224077
0.5301534915903201
0.09171187477429461
0.6136554425115043
0.1426131628288821
0.6832404016124911
0.18764122533870947
0.7574643579868771
0.24050025524155033
0.8270493170878639
0.3090212199304181
0.8873562816420526
0.3873308938605527
0.9368389192249765
0.5008799210592478
0.9584875731675057
0.6261753993474631
0.9538485758941067
0.6986118477328377
0.9012732734622498
0.7730060379664655
0.8517906358793259
0.8493579700483468
0.7976690010230029
0.8943860325581742
0.7172597149507514
0.919836676585468
0.6229334370583025
0.9315831276749881
0.5239681618924545
0.9394140950680016
0.42654921915107297
0.1015005840155614
0.38479824369048077
0.16414832315966912
0.3523252627766869
0.24245799708980367
0.3322229412586241
0.32664089656469836
0.34150093580542235
0.3873308938605527
0.3739739167192162
0.5674431438998622
0.34304726822988874
0.6379218504369835
0.31521328458949394
0.7338512010013982
0.30593529004269576
0.8199918423245462
0.3244912791362922
0.882639581468654
0.3616032573234852
0.17785251609744263
0.42191022187767385
0.201345418276483
0.39252990581281266
0.24441573893805707
0.3832519112660145
0.28161283405487103
0.39871523551067817
0.3207676710199383
0.41572489217980835
0.34034508950247194
0.4451052082446694
0.303147994385658
0.4605685324893331
0.25616219002757723
0.46520752976273233
0.2072186438212431
0.4667538621871987
0.17197929055268257
0.44974420551806854
0.5889783042306492
0.3878909085394136
0.6242176574992098
0.3616032573234852
0.6751189455537973
0.34923259792775424
0.7260202336083849
0.36314958974795164
0.7710482961182121
0.3817055788415481
0.7867102309042391
0.40799323005747645
0.7397244265461583
0.4234565543021402
0.6849076547950641
0.42654921915107297
0.6281331411957165
0.42654921915107297
0.5811473368376359
0.41572489217980835
0.2581199318758306
0.44046621097127037
0.6790344292503041
0.40799323005747645
0.4773870188802075
0.5873677912955759
0.367753475378019
0.7079817204039531
0.4284434726738734
0.6847867340369574
0.5008799210592478
0.6770550719146257
0.577231853141129
0.678601404339092
0.6437950759817435
0.6863330664614239
0.6320486248922232
0.7327230391954151
0.5831050786858891
0.7729276822315408
0.512626372148768
0.7806593443538727
0.43823218191514013
0.7744740146560072
0.37754218461928585
0.7466400310156124