-0.021602017848154163
0.35178520666768415
0.005586340382004426
0.4625204040465371
0.04396990494222831
0.5698483645829636
0.08555209988247081
0.672065469855751
0.1511240226728533
0.7606536277588334
0.23268909736332904
0.8322056014497844
0.3110555416737862
0.896943101455883
0.40701445307434597
0.9565697461983422
0.49817541890487754
1.009381917255949
0.5941343303054373
1.024714483046867
0.6788980353759319
0.9650878383044078
0.7524665341163609
0.8901286277710305
0.8244357176667806
0.8066513251315875
0.8676172277970325
0.7112486935436528
0.8900076404571632
0.5988098777435867
0.9012028467872284
0.47955658825866826
0.9171959986873217
0.3739322461434547
0.05036716570226561
0.24105000928883125
0.13033292520273207
0.16949803559788015
0.24388430369339434
0.15246185138574894
0.3510384214240194
0.18653421981001136
0.43740144168452316
0.24105000928883125
0.6213226885355959
0.2461608645524706
0.7076857087960997
0.2035704040221426
0.8084425657666874
0.18994145665243756
0.9028021619772377
0.2291246803403394
0.9459836721074897
0.30238027245250365
0.18950758723307717
0.3534888250888973
0.23908635812336643
0.30238027245250365
0.3030589657237395
0.28193685139794616
0.363832942944094
0.31089836455856923
0.40701445307434597
0.3671177724586023
0.4054151378843366
0.43355889088591404
0.3670315733241127
0.4863710619435208
0.29826102015371153
0.48126020667988145
0.22949046698331044
0.4693348777313895
0.18311032647303987
0.419929943516209
0.6709014594258851
0.37222862772224163
0.7060863936060904
0.32623093034948736
0.7620624252564169
0.3091947461373561
0.821237087286762
0.3245273119282742
0.8580213366569766
0.36882139087981536
0.8580213366569766
0.4267444172010615
0.8180384569067434
0.46763125931017646
0.7636617404464262
0.4863710619435208
0.7028877632260717
0.4727421145738159
0.6661035138558571
0.4267444172010615
0.34304184547397276
0.4182263250949959
0.7204802303161743
0.419929943516209
0.6053295366355027
0.6448075751163411
0.3990178771242992
0.7810970488133908
0.47578500624474696
0.7793934303921777
0.5557507657452135
0.7742825751285383
0.6373158404356892
0.7759861935497515
0.7172815999361557
0.7708753382861121
0.6980898176560437
0.7964296146043088
0.6325178948656612
0.8424273119770632
0.5509528201751855
0.8526490225043419
0.4709870606747191
0.8373164567134238
0.402216507504318
0.8049477067103745