0.06251853170638148
0.39157032287550086
0.09019471965545157
0.4874284440552852
0.12202233579688217
0.5942866775016021
0.15661757073321972
0.7011449109479191
0.20505089964409237
0.7938601429086942
0.2797766071065816
0.8614322611173947
0.34204802999198924
0.9352901577641138
0.41262230926211796
0.995005052925291
0.5150242046736772
0.9792906068302443
0.6022041967132479
0.938433046983123
0.6893841887528187
0.8928611533074879
0.7737965619974824
0.8347177027558155
0.8346841754854365
0.7545740276710776
0.8831175043963092
0.665001684929312
0.9107936923453792
0.5502862284354717
0.9094098829479257
0.427713548894108
0.8955717889733906
0.3145695370097724
0.03207472496240439
0.28942642325769785
0.05698329411656747
0.2579975310676046
0.09711376664271906
0.2454259741915673
0.14277947675868471
0.24228308497255796
0.1829099492848363
0.2454259741915673
0.36280517095379183
0.17313952215435288
0.4361470690188275
0.12285329465020368
0.5330137268405728
0.09299584706961511
0.6395670504444925
0.09928162550763377
0.7170603767018887
0.1432820745737643
0.09988138543762609
0.36642720912342625
0.11371947941216111
0.33342687232382834
0.13862804856632416
0.3145695370097724
0.1746070929001153
0.3239982046668004
0.19536423386191784
0.3459984291998656
0.19536423386191784
0.3837130998279775
0.1884451868746503
0.4214277704560894
0.16215280832303375
0.44657088420816404
0.13170900157905668
0.42928499350361277
0.10956805121980061
0.4009989905325288
0.4389146878137345
0.2674261987246326
0.47489373214752556
0.2344258619250347
0.5247108704558517
0.2218543050489974
0.5828308651488988
0.22814008348701603
0.6312641940597715
0.25642608645809994
0.6437184786368529
0.3051408693527444
0.6035880061107014
0.34285553998085627
0.5510032490074683
0.36485576451392154
0.49565087310932815
0.37271298756144483
0.45828801937808356
0.32871253849531434
0.15384995193831275
0.3805702106089682
0.5081051576864096
0.3051408693527444
0.25210041915751147
0.6178583466441722
0.32405850782509366
0.7372881369665264
0.35311850517161725
0.7231451354809845
0.39601659649267584
0.7231451354809845
0.44029849721118797
0.7262880246999938
0.47904516033988614
0.7404310261855357
0.4845803979297001
0.7561454722805823
0.4444499254035485
0.7561454722805823
0.4001680246850364
0.7592883614995917
0.3572699333639778
0.7640026953281056
0.3212908890301866
0.7514311384520683