0.19933336238617336
0.49253800033980255
0.22038507062497714
0.5731274960870972
0.2540678038070632
0.6477473995568145
0.286347089773229
0.7253520991653204
0.3158194813075543
0.801464400704432
0.36494013386476315
0.8551907312026283
0.4266918113652543
0.9029474694232474
0.48844348886574546
0.9492118095744723
0.5558089552299175
0.9895065574481197
0.6329985521055314
0.9686129844765988
0.703170912901544
0.926825838533557
0.7565019071065135
0.8611603234802058
0.8126397957433238
0.805941594912615
0.8561466594368515
0.7372912837204753
0.8743914732438148
0.6477473995568145
0.8743914732438148
0.5492491269767876
0.8687776843801338
0.45970524281312697
0.19652646795433287
0.36120697023310017
0.25827814545482397
0.3656841644412832
0.32143327017123535
0.36866896058007187
0.38037805323988594
0.39105493162098703
0.4323056002289353
0.4134409026619022
0.5487917191503162
0.4164256988006909
0.5993158189234453
0.36866896058007187
0.6596640492080161
0.34180579533097366
0.7284329627881085
0.3268818146370302
0.7957984291522806
0.3253894165676358
0.26950572318218596
0.4776140196458591
0.3003815619324316
0.44925845632736655
0.3438884256259594
0.4432888640497891
0.38318494767172645
0.45672044667433825
0.41686768085381254
0.4791064177152534
0.4323056002289353
0.5223859617276894
0.3986228670468492
0.5477567289073934
0.35371255613740116
0.5537263211849707
0.31160913965979353
0.5402947385604215
0.275119512045867
0.5149239713807177
0.6245778688100099
0.45373565053554954
0.6554537075602554
0.4149333007312966
0.6989605712537833
0.39851692196795874
0.7466777765950718
0.4074713103843249
0.7845708514249186
0.4358268737028174
0.785974298640839
0.4791064177152534
0.7565019071065135
0.516416369450112
0.708784701765225
0.5223859617276894
0.6610674964239365
0.5194011655889008
0.6203675271622491
0.4985075926173799
0.3887987365354074
0.5014923887561685
0.7508881182428325
0.45522804860494387
0.4982676193771871
0.6790877590140957
0.4238849169334138
0.7805708277329112
0.49265383051350614
0.7731088373859395
0.5600192968776783
0.7611696528307846
0.6259813160259301
0.744753274067447
0.6779088630149795
0.7313216914428978
0.669488179719458
0.796987206496249
0.6358054465373719
0.8596679254108115
0.5712468746050403
0.888023488729304
0.5066883026727087
0.879069100312938
0.4547607556836593
0.831312362092319