0.09516752919099725
0.5179990164662852
0.12316601596789582
0.5968518953899368
0.14805355976958348
0.6791331603537472
0.16827468910845467
0.7579860392773987
0.20405053332338063
0.8196969880002565
0.27404675026562714
0.8471240763215265
0.3471539101830845
0.8728369716227173
0.417150127125331
0.9071208320243048
0.4871463440675775
0.9396904994058132
0.5680308614230622
0.9362621133656545
0.6364716068777032
0.9019782529640668
0.6955795234067114
0.8574092344420029
0.7546874399357194
0.8094118298797801
0.7966851701010674
0.7425583020966843
0.824683656877966
0.6602770371328739
0.8277945998531769
0.5694248070686666
0.8200172424151495
0.4837151560646975
0.09827847216620818
0.39457711902056963
0.146498088281978
0.3431513284181882
0.19938411886056423
0.3037248889563624
0.2693803358028107
0.30201069593628305
0.3144890089433695
0.3414371353981088
0.4871463440675775
0.3225810121772356
0.5369214316709526
0.2814403796953305
0.6022512341503827
0.2642984494945366
0.6738029225802347
0.2642984494945366
0.7189115957207936
0.2934397308358861
0.179162989521693
0.4700016119040624
0.19938411886056423
0.4220042073418398
0.24604826348872855
0.3911487329804109
0.29893429406731475
0.4151474352615223
0.32537730935660786
0.4614306468036656
0.3347101382822407
0.5231415955265233
0.3222663663813969
0.5745673861289048
0.2662693928275997
0.5882809302895398
0.2164943052242245
0.5659964210285079
0.18849581844732585
0.5179990164662852
0.5291440742329253
0.432289365462316
0.5540316180346129
0.3722926097595377
0.6115840630760156
0.3534364865386645
0.681580280018262
0.3620074516390614
0.72357801018361
0.3997196980808078
0.717356124233188
0.4717158049241418
0.6846912229934731
0.526569981566682
0.6302497209272814
0.5625680349883491
0.5680308614230622
0.5522828768678727
0.5322550172081363
0.499142893245412
0.2818241077036545
0.5162848234462059
0.6084731201008046
0.4854293490847769
0.35959768208392834
0.6551344580726358
0.410928241174909
0.7837394729270372
0.44825955687744057
0.764883349706164
0.4871463440675775
0.751169805545529
0.5306995457205308
0.7545981915856877
0.5649199184478513
0.7700259287664022
0.5649199184478513
0.7751279694781925
0.5306995457205308
0.7597002322974781
0.4871463440675775
0.7562718462573194
0.44825955687744057
0.7699853904179543
0.410928241174909
0.7888415136388275