0.08940397567479619
0.4167710858033292
0.12269554619634188
0.5129467339766836
0.1467394582396805
0.6128214455413207
0.16893383858737768
0.7126961571059579
0.200375877413282
0.8088718052793122
0.25771135997816624
0.8884016681918937
0.34648888136895484
0.9327904288872879
0.4315673393684606
0.9827277846696066
0.5258934558461735
1.0160193551911523
0.6165205089326035
0.993824974843455
0.6960503718451851
0.9475866824524194
0.7774297664534079
0.8976493266701009
0.8347652490182922
0.8144204003662364
0.8569596293659892
0.7163952204972407
0.8588091610616307
0.6109719138456793
0.8625082244529136
0.5055486071941178
0.8754549463224035
0.4075234273251221
0.09125350737043765
0.30949824745612625
0.15043852163096338
0.2725076135432977
0.2170216626740548
0.2429151064130348
0.28730386710842915
0.226269321152262
0.3575860715428035
0.23181791623918624
0.5795298750197749
0.2429151064130348
0.6609092696279979
0.21147306758713055
0.7552353861057107
0.2170216626740548
0.8366147807139337
0.2632599550650906
0.8994988583657422
0.33169262780382347
0.1985263457176405
0.4167710858033292
0.24106557471739337
0.37608138849921774
0.291002930499712
0.34648888136895484
0.3557365398471621
0.34648888136895484
0.37793092019485913
0.3927271737599906
0.37423185680357635
0.4556112514117992
0.342789817977672
0.5110972022810422
0.29655152558663633
0.5351411143243807
0.23921604302175198
0.514796265672325
0.20407494080456481
0.4704075049769306
0.6091223821500378
0.3871785786730663
0.6516616111497907
0.342789817977672
0.7108466254103164
0.3446393496733134
0.7681821079752007
0.368683261716652
0.8125708686705951
0.4075234273251221
0.825517590540085
0.4593103148030821
0.7755802347577665
0.49260188532462773
0.7126961571059579
0.4981504804115521
0.6479625477585079
0.4852037585420621
0.6128214455413207
0.4408149978466677
0.32429450102125773
0.42786827597717775
0.6627588013236394
0.42231968089025346
0.4334168710641021
0.6368653575846592
0.32244496932561634
0.8076636434458689
0.42231968089025346
0.7762216046199647
0.5221943924548906
0.7854692630981718
0.6202195723238865
0.7540272242722675
0.7015989669321092
0.8076636434458689
0.7015989669321092
0.8144204003662364
0.6202195723238865
0.760783981192635
0.5221943924548906
0.7922260200185393
0.42231968089025346
0.7829783615403322
0.32244496932561634
0.8144204003662364