0.0019251250542455058
0.3042771547443945
0.0005750373538655444
0.4254720740313097
0.01002565125652529
0.5508461284660496
0.03972758066488449
0.6622897324080407
0.1058818779835027
0.7514446155616334
0.1922874908078204
0.8252760031732025
0.2840934544336579
0.8879630303905724
0.38535003196215517
0.9241822016717195
0.49065687259179236
0.9631874630514164
0.6027141517233293
0.979904003642715
0.6796691506449873
0.9158239313760702
0.7498737110647453
0.8280620932717523
0.8092775698814638
0.7416933002167092
0.8551805516943826
0.6441801467674672
0.8916329196046416
0.5369156779733008
0.9186346736122409
0.42129293888348507
0.9240350244137607
0.3056701997936694
0.10318170258274277
0.12596738843720884
0.19633775390896024
0.08974821715606174
0.30839503304049726
0.08556908200823708
0.41370187367013445
0.10925084784591017
0.5136083634982518
0.13711174883140795
0.7161215185552463
0.13989783892995772
0.7728252019712047
0.1190021631908344
0.8335791484883032
0.10089257755026086
0.9010835335073013
0.09949953250098598
0.9510367784213599
0.12457434338793394
0.20038801701010017
0.31872096813493167
0.25304143732491874
0.33683055377550525
0.3097451207408772
0.3507610042682541
0.37319924265873555
0.34936795921897923
0.42585266297355406
0.32986532852913075
0.42585266297355406
0.3321380557298922
0.37319924265873555
0.35164068641974067
0.3097451207408772
0.3530337314690155
0.25304143732491874
0.3391032809762667
0.20038801701010017
0.3209936953356931
0.7093710800533465
0.31732792308565677
0.7498737110647453
0.3284722834798559
0.7930765174769042
0.3284722834798559
0.8308789730875433
0.31314878793783213
0.8619309901962824
0.28946702210015907
0.8619309901962824
0.2917397493009205
0.8308789730875433
0.31542151513859357
0.7930765174769042
0.33074501068061735
0.7498737110647453
0.33074501068061735
0.7093710800533465
0.3196006502864182
0.31244529614163713
0.3382455263857409
0.7890262543757645
0.31651402361705266
0.6756188875438475
0.5410948131211254
0.4096516105689945
0.6948431314391514
0.49065687259179236
0.7059874918333505
0.5649116961126904
0.7310623027202985
0.6445668704351083
0.7171318522275496
0.7161215185552463
0.686484861143502
0.7161215185552463
0.6887575883442635
0.6445668704351083
0.719404579428311
0.5649116961126904
0.7333350299210599
0.49065687259179236
0.708260219034112
0.4096516105689945
0.6971158586399129