0.06084195080379774
0.34347593457444214
0.0876805707318893
0.446840891435693
0.12218736778229275
0.5457759215743188
0.1503040172307696
0.6535708051581947
0.19247899140348496
0.7451226240924455
0.26149258550429183
0.8189547361361961
0.33945238624779595
0.8765437835303214
0.41741218699129995
0.926749619720072
0.49920607629596
0.9754788136689473
0.5886681427229318
0.9533291800558221
0.6704620320275918
0.9090299128295717
0.7433097146895548
0.8411043697493211
0.8123233087903615
0.7761321111508206
0.8736687257688566
0.70820656807057
0.9107315818600306
0.6092715379319443
0.9183997589823424
0.4867102319393183
0.9171217294619571
0.37005549491019235
0.028891212794164938
0.18990514152344093
0.0749002755280362
0.13083945188844043
0.1285775153842193
0.0880168269030651
0.20653731612772336
0.08654018466219009
0.2666047035858331
0.11754967172056532
0.4838697220513362
0.12050295620231535
0.5694976999171522
0.08358690018044006
0.666627943466436
0.07029712001256494
0.7599240984545637
0.08949346914394007
0.8340498106369119
0.13231609412931547
0.13241160394537527
0.2593073268445665
0.1694744600365493
0.22091462858181615
0.21803958181119118
0.2120547751365661
0.2691607626266037
0.23420440874969128
0.3011115006362365
0.2785036759759416
0.3011115006362365
0.3390460078518171
0.2691607626266037
0.3789153483554425
0.2193176113315765
0.3818686328371924
0.17458657811809059
0.34790586129706713
0.1285775153842193
0.30951316303431686
0.5375469619075194
0.25783068460369146
0.5925022312840879
0.20762484841394105
0.66279385490528
0.18842849928256591
0.7305294194857015
0.20614820617306603
0.7842066593418847
0.2593073268445665
0.7854846888622701
0.33313943888831704
0.7292513899653162
0.3789153483554425
0.6602377958645093
0.4084481931729426
0.5899461722433171
0.3833452750780675
0.5413810504686752
0.330186154406567
0.2423221426985121
0.327232869924817
0.6308431168956471
0.322802943202192
0.3253940615235575
0.579738693114444
0.43327126951839845
0.7503244319864377
0.435867711001592
0.7414679345462806
0.4426370048684895
0.7355127035089336
0.44588255672248145
0.7410098398511
0.45033359926509897
0.7495609408278036
0.45283731069532135
0.761166006439044
0.4502408692121278
0.7698698056474743
0.4424051797360615
0.7729237702820113
0.4363777262929336
0.7669685392446641
0.4332249044919128
0.7568904559506923