0.04841045614241501
0.38666276435447944
0.07765638956565732
0.5000000125728548
0.08204327957914367
0.6235085522980074
0.09959083963308905
0.7441110087355094
0.1449220364391146
0.8574482569538847
0.22681065002419304
0.9431777139395789
0.3306337136767032
1.0042054629802424
0.4446928540273481
1.0260010876376224
0.5514405110221825
0.9736915884599106
0.6611127613593412
0.9271942558575003
0.7751719017099861
0.8806969232550899
0.8746080753490099
0.8167630909267757
0.953572095591764
0.738298842160208
0.9784311390015199
0.6191494273665313
0.9989032923977896
0.5000000125728548
1.0003655890689518
0.3764914728477022
0.9813557323438442
0.2646072662731522
0.035249786101955984
0.2704194328484535
0.09081705960611634
0.2646072662731522
0.1478466297814388
0.2704194328484535
0.20780079329908552
0.27477855777992943
0.26190577013208377
0.27477855777992943
0.35403046041529695
0.20793864216396452
0.4417682606850239
0.1483639347671262
0.5485159176798583
0.10186660216471581
0.6523389813323685
0.056822311206130745
0.7649358250118513
0.06989968600055865
0.09374165294844056
0.37794451449152755
0.11275150967354806
0.34016543175206904
0.1449220364391146
0.31691676545086384
0.19025323324514015
0.31836980709468915
0.22242376001070668
0.3329002235329424
0.2326598367088415
0.3706793062724009
0.2151122766548961
0.40991143065568464
0.17563026653351899
0.4258948887377632
0.13176136639865557
0.4346131386007152
0.0952039496196027
0.41717663887481127
0.4329944806580512
0.2718724744922788
0.47978797413523894
0.22392210024604306
0.545591324337534
0.19340822572571126
0.6128569712109914
0.17742476764363266
0.6830472114267728
0.19050214243806063
0.6962078814672318
0.24571772490342295
0.6464897946477199
0.29802722408113463
0.5879979278012354
0.3358063068205931
0.5134207975719676
0.344524556683545
0.4490797440408345
0.3299941402452917
0.15808270647957362
0.39392797257360607
0.519269984256616
0.28494984928670675
0.2151122766548961
0.4665800547648723
0.18294174988932957
0.6656467599689417
0.2853025168706776
0.6612876350374659
0.3964370638789983
0.6380389687362606
0.5046470175449949
0.6118842191474048
0.6040831911840187
0.577011219695597
0.6289422345937745
0.6380389687362606
0.5265814676124265
0.6830832596948457
0.42129610728875433
0.7150501758590029
0.30869926360927147
0.733939717228732
0.19902701327211286
0.7266745090096054