0.13551631202267503
0.40491959126974575
0.12113686624470335
0.4964785123486524
0.11497424662557262
0.5897981819098458
0.11086583354615215
0.6848785999533258
0.14578734472122612
0.7658730301385126
0.22384719323021487
0.8204562330893991
0.30190704173920374
0.8750394360402858
0.38202109678790275
0.9208188965797391
0.4703519779954426
0.9630768601546191
0.5668996853618234
0.9630768601546191
0.6408511207913918
0.9172973996151658
0.7189109693003807
0.8679964421111391
0.7908081981902386
0.8169347361248259
0.8483259813021251
0.7588300362093658
0.8853016990169095
0.6831178514710391
0.9222774167316935
0.6003626728035658
0.9469278952082164
0.5158467456538058
0.40256316218500504
0.3204036641199858
0.4724061845351529
0.2922316884033991
0.5586828592029827
0.2799064490273924
0.6408511207913918
0.286949442956539
0.7004231104429886
0.3221644126022724
0.8853016990169095
0.4242878245748991
0.918169003652273
0.41020183671660576
0.9592531344464776
0.41020183671660576
0.9962288521612619
0.4207663276103258
1.0208793306377846
0.4330915669863324
0.42310522758210733
0.4154840821634658
0.4765145976145733
0.4013980943051725
0.5381407938058803
0.38907285492916577
0.6038754030766077
0.39611584885831247
0.6264716750134202
0.43837381243319246
0.6120922292354487
0.4788710275257858
0.5627912722824031
0.5105645002069458
0.5032192826308063
0.5299327335120992
0.44980991259834036
0.5158467456538058
0.42515943412181756
0.46654578814977915
0.8113502635873411
0.5000000093132257
0.8421633616829947
0.4753495305612125
0.8873559055566197
0.45950279422063245
0.9407652755890856
0.4683065366320658
0.9489821017479266
0.5035215062777991
0.9243316232714037
0.5387364759235324
0.8935185251757504
0.5757121940515525
0.8483259813021251
0.5968411758389924
0.8154586766667615
0.5739514455692658
0.8072418505079205
0.5334542304766724
0.490894043392545
0.4612635427029191
0.8585970140006763
0.5316934819943858
0.8031334374285001
0.7042468332584791
0.5381407938058803
0.8134132391602525
0.5710080984412439
0.7993272513019591
0.6223632619339997
0.7870020119259524
0.677826838506176
0.7799590179968058
0.7106941431415398
0.7993272513019591
0.6798810450458862
0.8345422209476925
0.6470137404105225
0.864474945146566
0.5956585769177668
0.8803216814871458
0.5484118265044315
0.8750394360402858
0.5155445218690677
0.8468674603236992