0.11791670458469532
0.3903005998433651
0.13258535054562
0.5010252129984226
0.16681219112111104
0.6055984587559771
0.19125993438931893
0.7142726161118668
0.22385692541359603
0.8167954060702534
0.28253150925729487
0.8906118148402917
0.36402398681798764
0.9418732098194851
0.4504060130323221
0.9849327816020075
0.5367880392466565
1.0156896185895237
0.6329491627682741
1.0033868837945172
0.7160714898801808
0.9521254888153239
0.7845251710311627
0.8926622706394596
0.83831020622122
0.8147449502710857
0.8529788521821445
0.6937680581201894
0.8790564450015663
0.5850939007642997
0.8888355423088495
0.460016097015068
0.883945993655208
0.3554428512575136
0.1162868550334815
0.1832045641274241
0.17659128842839422
0.14629635974240493
0.24178527047694845
0.11964043435322434
0.31349865073035815
0.10528724375905026
0.37543293367648467
0.11143861115655343
0.5318984905930149
0.08683314156654068
0.5987223221927831
0.11348906695572121
0.6932535961631867
0.10733769955821798
0.7910445692360182
0.1093881553573857
0.8529788521821445
0.16475046193491452
0.22222707586238213
0.36979604185168774
0.24993451823301774
0.3308373816675008
0.292310606564578
0.3123832794749912
0.33957624354977983
0.31853464687249444
0.36565383636920157
0.3492914838600104
0.36565383636920157
0.3492914838600104
0.33957624354977983
0.31853464687249444
0.292310606564578
0.3123832794749912
0.24993451823301774
0.3308373816675008
0.22222707586238213
0.36979604185168774
0.6068715699488523
0.3574933070566814
0.6492476582804125
0.31648419107332665
0.6981431448168283
0.28162644248747526
0.7535580295580994
0.30418145627832033
0.7894147196848044
0.35339239545834594
0.7894147196848044
0.35339239545834594
0.7535580295580994
0.30418145627832033
0.6981431448168283
0.28162644248747526
0.6492476582804125
0.31648419107332665
0.6068715699488523
0.3574933070566814
0.2939404561157918
0.33616856674533696
0.6994470244577994
0.3226355584708299
0.4422567652762528
0.6055984587559771
0.36402398681798764
0.790139480681073
0.43084781841775577
0.8003917596769116
0.5074507473248071
0.820896317668589
0.5905730744367137
0.8044926712752472
0.668805852894979
0.7880890248819051
0.668805852894979
0.7880890248819051
0.5905730744367137
0.8044926712752472
0.5074507473248071
0.820896317668589
0.43084781841775577
0.8003917596769116
0.36402398681798764
0.790139480681073