0.11472810158469034
0.5179359900578036
0.11068619014674727
0.5950607152688615
0.1329167030554339
0.6703918422191973
0.16727295027794956
0.7367549778659218
0.22790162184709492
0.7869757291661458
0.2986350720110977
0.8318156856842027
0.36936852217510047
0.8694812491593706
0.44414388377704633
0.9089404108952609
0.5128563782220777
0.9501931708918733
0.5936946069809381
0.968129153499096
0.6745328357397985
0.9448123761097064
0.7452662859038012
0.9053532143738163
0.8079159131919181
0.858719659595037
0.8382302489764908
0.7869757291661458
0.8543978947282628
0.7098510039550876
0.8725864961990063
0.6309326804833073
0.8968379648266646
0.5502207587508046
0.19863790776432572
0.3736521054543428
0.26306533378366037
0.3662741257757303
0.3399625841938339
0.35520715625781174
0.41893813866914736
0.3625851359364241
0.48128726062334215
0.38840806481156764
0.6683346264859266
0.39394154957052696
0.7286054443749814
0.37180761053468964
0.8013460866548755
0.3662741257757303
0.86785181673935
0.3865635698919145
0.9114962021072864
0.41607548860636423
0.3069084903716892
0.48807528423729507
0.34168533258115713
0.45103701693068865
0.3901797069954708
0.4277166264043068
0.43809446737296
0.44527550868299426
0.4608926194880556
0.4878009267016905
0.4537440463672206
0.5349904228256631
0.42978666617847594
0.5772414833087549
0.377234993506391
0.5873927121261211
0.3302862565236094
0.5657184668133662
0.29744146110355624
0.5275827693643419
0.683659079079406
0.5114275093074776
0.7116109403603483
0.4732211931357556
0.7630501295231932
0.4602088970482851
0.8092483446958615
0.4782046256798933
0.8401118581935685
0.5144729403066728
0.8354532146467448
0.5543404006597739
0.8010957184889199
0.5917161447408062
0.7525681815428399
0.6052821555554032
0.7032642040056225
0.5964227199213807
0.6823003080449159
0.5582164037496589
0.37945036143149063
0.5212116990265913
0.7412243744658582
0.5412527674471932
0.6433949777042487
0.7148836655901675
0.5145568664162739
0.8725171964251595
0.5532281911218364
0.8713921211525245
0.5909180101242121
0.8715796336979635
0.6216555066342775
0.8726578308342383
0.6584497375772327
0.8751065742117232
0.6584497375772327
0.8813565743048555
0.6216555066342775
0.8789078309273706
0.5909180101242121
0.8778296337910958
0.5532281911218364
0.8776421212456568
0.5145568664162739
0.8787671965182917