0.060288349016401475
0.2970359627068651
0.05096879580759028
0.4189814381495913
0.049415536939455086
0.545938371487224
0.05873509014826626
0.6728953048248566
0.08980026751097021
0.7848178644777697
0.15969691657705418
0.8733536206211189
0.24357289545635494
0.9435140311498106
0.3398749452807373
1.0003105539587516
0.447049807182066
1.0086629837835959
0.5526714102152596
0.9685713206243433
0.6474202011715067
0.9167862557103089
0.7468287687321593
0.859989732901368
0.8307047476114602
0.781476892547832
0.877302513655516
0.6695543328949191
0.9037079144138145
0.5492793434171618
0.9037079144138145
0.4206519241145601
0.8897285846005978
0.3020474206017717
0.05252205467572546
0.24859186972276848
0.08669374977469983
0.21184117849345377
0.1472708456319726
0.20348874866860944
0.20940120035738058
0.20515923463357832
0.26687177847838295
0.20515923463357832
0.47190194907222915
0.16840854340426362
0.5464583747427186
0.15003319778960625
0.6241213181494786
0.13165785217494888
0.704890779292509
0.12998736620998
0.7732341694904578
0.16005611357941937
0.10999263279672784
0.3003769346368029
0.1379512924231614
0.26362624340748814
0.1798892818628118
0.24358041182786191
0.22493378903873254
0.2469213837577996
0.2513391897970309
0.2820015890221455
0.2575522252695717
0.3271047100763045
0.23891311885194935
0.37053734516549464
0.19386861167602853
0.388912690780152
0.1488241045001078
0.3755488030604011
0.11309915053299822
0.34380956972599297
0.5107334207756092
0.2502623556877373
0.5480116336108539
0.2068297205985472
0.6039289528637212
0.18344291708898328
0.6613995309847235
0.1951363188437652
0.7002310026881035
0.2368984679679865
0.7142103325013203
0.29035401884698975
0.6738256019298051
0.33378665393617984
0.6179082826769379
0.35717345744574375
0.5573311868196651
0.34715054165593073
0.5153931973800148
0.3087293644616471
0.2062946826211102
0.3304456820062422
0.5930561407867747
0.29369499077692746
0.26687177847838295
0.4323453258693421
0.2718502409540094
0.6130064405551824
0.34054445341355416
0.6167164733378457
0.4083308128449992
0.6048443684333229
0.47823549600867704
0.5974243028679963
0.5436009140318563
0.6196844995639765
0.5499558852285542
0.6452837257643538
0.48065643741694297
0.6475097454339518
0.41105437192929833
0.6523327880514143
0.3417549241176871
0.6538168011644795
0.2712450056019429
0.6601238568950073