0.04192930506850708
0.4422802390000283
0.053751427556899996
0.5357313092682864
0.08246229645728277
0.6250595382011802
0.12130641320485941
0.7088906453535881
0.17872815100562492
0.7762303871645388
0.23952763808878838
0.8339501658596394
0.3189047462251407
0.8834242618840114
0.41348172613228396
0.9315240774632617
0.5063698313982281
0.9700039299266623
0.6195244323585601
0.9782496125973908
0.6972126658537136
0.9342726383535047
0.7512566543720809
0.8641843356523111
0.8086783921728464
0.7968445938413604
0.8509002582028212
0.724007730249924
0.874544503179607
0.640176623097516
0.8998776227975916
0.5549712354999865
0.9133886199271836
0.4683915674573357
0.18210590028802287
0.3598234122927418
0.27330513091276815
0.3515777296220131
0.37294873474350826
0.3529520100671345
0.46583684000945247
0.36944337540859185
0.5283252017338149
0.40517466698174937
0.7073459137009075
0.40517466698174937
0.7495677797308821
0.3804376189695634
0.8002340189668515
0.36394625362810606
0.8576557567676171
0.354326290512256
0.9150774945683826
0.3598234122927418
0.31383812230154373
0.45190020211587845
0.3560599883315184
0.4285374345488139
0.406726227567488
0.4161689105427209
0.44388146967386566
0.4354088367744211
0.48779221034503933
0.46289444567684995
0.5063698313982281
0.48900577413415736
0.4641479653682534
0.5109942612561005
0.4101039768498859
0.5137428221463434
0.35774886297271735
0.5082457003658575
0.30539374909554884
0.4903800545792788
0.7276124093952953
0.4546487630061213
0.7461900304484841
0.43128599543905677
0.7833452725548617
0.413420349652478
0.8188116400200405
0.4230403127683281
0.8458336342792242
0.4450287998902712
0.8525891328440202
0.4807600914634287
0.8272560132260354
0.5027485785853718
0.7833452725548617
0.5123685417012218
0.7411234065248872
0.5096199808109789
0.7174791615481013
0.4835086523536716
0.4371259711090697
0.4835086523536716
0.7833452725548617
0.4725144087927
0.6279688055645551
0.7006449626828595
0.3222824955075387
0.7380481151124836
0.4185483500558808
0.7600366022344267
0.5333918256574119
0.7751536871307626
0.654990799823739
0.7806508089112483
0.758012152936877
0.7586623217893053
0.758012152936877
0.761113302268203
0.654990799823739
0.783101789390146
0.5333918256574119
0.7776046676096603
0.4185483500558808
0.7624875827133244
0.3222824955075387
0.7404990955913813