0.02596864805035673
0.35061618943976725
0.02802405197164898
0.4447732637842502
0.06502132255490975
0.5461731900013856
0.09790778529558601
0.6511945421548474
0.11229561274463179
0.7562158943083092
0.18834555783244555
0.8322658389711607
0.2890603499757665
0.8847765150478915
0.37949812251262605
0.9409086170609486
0.47404670289207024
0.9861764412650269
0.5932601303270215
0.9916085801695164
0.7001411342342193
0.946340755965438
0.7885235028497867
0.8847765150478915
0.8769058714653539
0.8232122741303449
0.9303463734189528
0.7417301905630039
0.9426787969467064
0.6294659865368898
0.9591220283170445
0.5153910695426124
0.963232836159629
0.40312686551649807
0.07324293824007881
0.2474055502544687
0.13696045980013893
0.21119129089120606
0.21917661665182958
0.18765202230508526
0.3116697931099814
0.1985163001140641
0.38771973819779515
0.2311091335410005
0.550096647979884
0.22929842057283736
0.636423612674159
0.19127344824141151
0.7494708283452336
0.1894627352732484
0.8357977930395086
0.2238662816683479
0.8871828910718152
0.2890519485222207
0.14107126764272354
0.36277093805814586
0.17190232646210743
0.33923166947202515
0.22328742449441408
0.32293525275855695
0.27878333036930514
0.3356102435356989
0.32605762055902726
0.35552808618549336
0.32605762055902726
0.36148046724874605
0.27878333036930514
0.3415626245989516
0.22328742449441408
0.32888763382180963
0.17190232646210743
0.34518405053527784
0.14107126764272354
0.36872331912139855
0.5603736675863453
0.36277093805814586
0.6220357852251133
0.3537173732173302
0.6960303263916349
0.3519066602491671
0.7618032518729871
0.36639236399447217
0.7967451185349557
0.39898519742140853
0.7967451185349557
0.4049375784846612
0.7618032518729871
0.37234474505772486
0.6960303263916349
0.3578590413124198
0.6220357852251133
0.3596697542805829
0.5603736675863453
0.36872331912139855
0.22822039390551552
0.3461914285336105
0.6873976299222074
0.3697306971197311
0.32811302448031954
0.6167909957597478
0.32194681271644277
0.7489730424356564
0.4062183734894256
0.7507837554038196
0.4966561460262851
0.7453516164993302
0.5870939185631447
0.7471623294674933
0.6754762871787121
0.7507837554038196
0.659033055808374
0.7942408666397349
0.5850385146418525
0.8304551260029975
0.4946007421049929
0.8449408297483025
0.4062183734894256
0.8232122741303449
0.33016842840161176
0.7851873017989192