0.01271943729494187
0.265339336679759
-0.03600336589683956
0.3498754786095164
-0.06126704162591143
0.4446142583583825
-0.07028978295772283
0.5422680774841366
-0.052244300294100064
0.6340918178561146
0.003696695963130476
0.7069678022783192
0.05963769222036104
0.7798437867005239
0.12640597807576523
0.8498047317458401
0.2021970052629808
0.9081055192836041
0.28881532204836996
0.9474585508715945
0.4079155076282802
0.9460010311831504
0.5107747588109299
0.9168506374142685
0.6082203651944927
0.876040086137834
0.6912295854471575
0.8250268970422907
0.7598024195689239
0.7594385110623065
0.8175479640925168
0.6851050069516578
0.8680753155506604
0.6166015815947855
0.2599425497865736
0.1808031947500017
0.3628018009692233
0.20558102945355128
0.4566383108200616
0.24493406104154175
0.5450611758718131
0.2886596516948645
0.6443113305217383
0.30906492733308183
0.7795705186820481
0.40931779689078357
0.8259644099795573
0.4332998688586446
0.8779255682327675
0.4467897843405664
0.9187521925745754
0.4722707358064187
0.9391655047454796
0.5022483257662451
0.2358341126752411
0.38083908642894854
0.30078556049175387
0.3793402069309572
0.36388125265636634
0.3913312429148878
0.4158424109095765
0.40632003789480087
0.45295752394758376
0.425805471368688
0.45295752394758376
0.425805471368688
0.4158424109095765
0.40632003789480087
0.36388125265636634
0.3913312429148878
0.30078556049175387
0.3793402069309572
0.2358341126752411
0.38083908642894854
0.7053402926060335
0.5322259157260714
0.7331766273845389
0.5442169517100018
0.7573014508592437
0.5577068671919236
0.7814262743339485
0.5726956621718369
0.8074068534605536
0.5861855776537587
0.8074068534605536
0.5861855776537587
0.7814262743339485
0.5726956621718369
0.7573014508592437
0.5577068671919236
0.7331766273845389
0.5442169517100018
0.7053402926060335
0.5322259157260714
0.36388125265636634
0.3913312429148878
0.7573014508592437
0.5577068671919236
0.5921391978401112
0.6986015400031074
0.23977891392088954
0.7049206496250049
0.3187820159040525
0.7137518939190777
0.39380434143069937
0.7316992613554187
0.46331482263293966
0.7633208135051626
0.5236388966278354
0.8046282464935669
0.5098592858168186
0.8336858890095477
0.4418798724824691
0.8060526407345463
0.3680824012501347
0.7795589078523284
0.29336628929706593
0.7564837211484613
0.22263095380051304
0.7308446248108309