0.02536624443057356
0.4007876900499625
0.06467322024124085
0.5085039284598354
0.09490935548021566
0.6133855290168168
0.15386981919621656
0.7111805349415697
0.2355073843414486
0.7905503948225289
0.3307512103442193
0.8656682979241507
0.42145961606114374
0.933699606393544
0.519727055587812
0.9960616391571547
0.6300889492100702
1.0017309148629374
0.7192855481650459
0.9407862010257726
0.8145293741678165
0.8883454007472819
0.9007023595988949
0.8302353247630082
0.9657100503626906
0.7451961891762665
1.0171114802689478
0.6474011832515135
1.0458358087459738
0.5354329880623035
1.0609538763654613
0.42204747394664793
1.0443240019840252
0.3200005112425578
0.00873637004913742
0.30441000305165516
0.0661850270031896
0.2746463055962956
0.1387517515767292
0.27889826237563264
0.20980666938832002
0.29023681378719823
0.2793497804379621
0.28598485700786114
0.37459360644073286
0.22504014317069618
0.48042007977714474
0.2009457214211194
0.5892701666374541
0.1612607914806399
0.7102147075933534
0.14000100758395448
0.8281356350253553
0.13858368865750875
0.09793296900411316
0.3908664575648426
0.1251454907191905
0.35826812225659166
0.168987886815704
0.34834688977147177
0.2173657031980637
0.3554334844037002
0.2521372587228847
0.3823625440061685
0.25969629253262844
0.41779551716731084
0.23853099786534612
0.4560631281813446
0.19317679500688384
0.4645670417400188
0.14631078538647288
0.4546458092548989
0.11002742309970309
0.43055138750532207
0.5650812584462742
0.3001580462723181
0.607411847780839
0.26897702989051275
0.66637231149684
0.26047311633183856
0.7283563887367382
0.26330775418473
0.7721987848332518
0.29023681378719823
0.7752223983571493
0.3398429762127976
0.7495216834040207
0.3851971818590599
0.6905612196880196
0.39370109541773407
0.6346243694959163
0.37527594937394
0.5892701666374541
0.3440949329921346
0.22341293024585868
0.4007876900499625
0.7238209684508919
0.32283514909544925
0.3277275968203218
0.603464296531697
0.3398220509159117
0.7196781771775607
0.4169241957752976
0.7295994096626804
0.5000735676824783
0.7324340475155718
0.5786875193038129
0.7210954961040064
0.6331125627339675
0.7409379610742461
0.6331125627339675
0.7437788702498209
0.5786875193038129
0.7239364052795811
0.5000735676824783
0.7352749566911466
0.4169241957752976
0.7324403188382552
0.3398220509159117
0.7225190863531354