0.010317689029882301
0.40583609876266086
0.018715808007693457
0.4971026564140293
0.01535656041656901
0.5898178895836733
0.062386026692311525
0.670943718607112
0.11445436435474075
0.740480143484345
0.1967559303372901
0.7969784886970969
0.27569824872871507
0.8549255094281244
0.34960169573345334
0.9201159077505305
0.43526250930712723
0.9679221998536282
0.5377195608364234
0.978062928481558
0.6284192457967839
0.9346026629332873
0.6972838214148355
0.86651491357433
0.7795853873973849
0.7984271642153725
0.8333333488553762
0.7288907393381395
0.8753239437444321
0.6492135858329766
0.90387754826899
0.5753311344009165
0.9206737862246124
0.49275662985920216
0.14300796887929867
0.3145695411112925
0.24042614902190818
0.31167219007474106
0.33616470536895543
0.3319536473306008
0.4235051427381915
0.3609271576961145
0.48733084696955636
0.3826572904702499
0.6888857024370243
0.3609271576961145
0.7493521590772647
0.35513245562301177
0.8131778633086296
0.35223510458646035
0.8686054485621831
0.3507864290681847
0.9156349148379258
0.35802980665956313
0.2303484062485348
0.41430050286230025
0.28409636770652624
0.41864652941712727
0.3395239529600799
0.42588990700850576
0.39327191441807136
0.43892798667298694
0.426864390329316
0.4606581194471223
0.426864390329316
0.46378311949368844
0.39327191441807136
0.44205298671955306
0.3395239529600799
0.4290149070550719
0.28409636770652624
0.4217715294636934
0.2303484062485348
0.4174255029088664
0.6972838214148355
0.4707988480750521
0.7241578021438313
0.4563120928922953
0.7644687732373248
0.4461713642643654
0.8081389919219428
0.4461713642643654
0.8366925964465008
0.45920944392884655
0.8366925964465008
0.4623344439754127
0.8081389919219428
0.4492963643109315
0.7644687732373248
0.4492963643109315
0.7241578021438313
0.4594370929388614
0.6972838214148355
0.47392384812161825
0.33482100633250556
0.4332471091048916
0.766148397032887
0.45729512270826805
0.5662731653609814
0.679635771716766
0.3865534192358224
0.7723510048864102
0.44366062828493835
0.7680049783315831
0.5007678373340543
0.7709023293681345
0.5595546701787324
0.7752483559229615
0.6099433840455993
0.7882864355874428
0.606584136454475
0.8230546480260592
0.5545157987920457
0.8360927276905404
0.499088213538492
0.8346440521722648
0.44198100448937605
0.8274006745808864
0.38991266682694686
0.8100165683615781