0.04727215415882421
0.3803674315182579
0.06140018955785908
0.48006122616874203
0.0843582470812907
0.5797550208192261
0.10378429575496359
0.68144269136272
0.13557237540279202
0.7771487342271848
0.19914853469844884
0.8529160181615527
0.27685272939314054
0.9167200467378627
0.3563229285127115
0.964573068170095
0.44462314975667944
0.9944812065652401
0.5346893754255265
1.002456710137279
0.6194575878197356
0.976536323528153
0.6971617825144274
0.9246955503099012
0.7766319816339984
0.8748486529846591
0.8508041674789313
0.8110446244083493
0.8984862869506739
0.7213202092229137
0.9302743665985025
0.6236202904654391
0.9408703931477785
0.5299081234939841
0.031378114334909994
0.24877162257961882
0.08259224265641135
0.21686960829146387
0.14263639310230947
0.19892472525437677
0.21680857894724245
0.2088941047194252
0.27332072054338186
0.24677774668660918
0.45521917630595554
0.2687103815097157
0.5399873887001646
0.25874100204466727
0.6265216055192532
0.24677774668660918
0.7112898179134622
0.2687103815097157
0.7748659772091189
0.3145695270489383
0.08965626035592877
0.3684041761601998
0.12850835770327465
0.3165634029419481
0.1920845169989314
0.30460014758389
0.24506464974531209
0.34447766544408365
0.25742668071946756
0.3863490591972869
0.26449069841898504
0.46411021902466465
0.23093661434627727
0.523926495814955
0.1708924639003791
0.5279142476009745
0.12321034442863653
0.4840489779547614
0.0931882692056875
0.4222388252714612
0.4817092426791459
0.39631843866233535
0.5488174108245614
0.36441642437418037
0.6265216055192532
0.3584347966951514
0.6989277869393066
0.392330686876316
0.7413118931364111
0.4541408395596162
0.7413118931364111
0.5299081234939841
0.6777357338407544
0.5717795172471875
0.6035635479958215
0.5717795172471875
0.5311573665757678
0.5418713788520422
0.4870072559537839
0.47407959848971293
0.18148849044965526
0.40230006634136434
0.5823714948972691
0.4720857225967033
0.2856827515175373
0.6296019181444682
0.34925891081319416
0.830894371021794
0.38811100816053995
0.830894371021794
0.42343109665812717
0.8408637504868424
0.4587511851557142
0.8548208817379102
0.48524125152890457
0.8687780129889779
0.48524125152890457
0.8768425288776689
0.4587511851557142
0.8628853976266011
0.42343109665812717
0.8489282663755333
0.38811100816053995
0.8389588869104849
0.34925891081319416
0.8389588869104849