0.018813968050164092
0.39614691126425533
0.04304635889877546
0.5000000149011612
0.06381697962615664
0.6055840035986823
0.08978025553538313
0.7077062221749729
0.13651415217199073
0.7890578200238825
0.2195966350815154
0.8444461419635656
0.30787177317288533
0.9015653489638639
0.39441602620364025
0.9534919007823167
0.48615293441624047
0.993302257176464
0.5900060380531463
1.010611107782615
0.6782811761445162
0.9742625215096979
0.7475165785691202
0.9102197742669392
0.8184828660543391
0.8444461419635656
0.8773329581152524
0.7665563142358862
0.8998344639032486
0.6644340956595954
0.9032962340244789
0.5536574517802292
0.9050271190850939
0.4532661182645536
0.1538230027781417
0.30441000305165516
0.23690548568766634
0.2247892902633607
0.33729681920334204
0.17632450856613796
0.4567278883857837
0.17459362350552285
0.550195681658999
0.2213275201421305
0.726745957841739
0.28883203750611935
0.7855960499026522
0.2542143362938174
0.8617549925697167
0.24555991099074184
0.9327212800549355
0.2680614167787381
0.9777242916309281
0.30787177317288533
0.29921734786980986
0.40653222162794594
0.3528747847488779
0.35460566980949304
0.4186484170522516
0.33037327896088164
0.48788381947685555
0.33556593414272695
0.5155779804466971
0.39960868138548555
0.5155779804466971
0.4636514286282442
0.48615293441624047
0.5173088655073121
0.41345576187040634
0.5276941758710028
0.3476821295670326
0.5069235551436215
0.29748646280919483
0.46538231368885924
0.7613636590540409
0.41691753199163656
0.7855960499026522
0.38403071583994963
0.83232994653926
0.36499098017318365
0.8721403029334073
0.371914520415644
0.8946418087214033
0.4238410722340969
0.8963726937820186
0.4688440838100895
0.8738711879940223
0.5086544402042368
0.8288681764180297
0.5190397505679272
0.7890578200238825
0.49826912984054617
0.7630945441146559
0.4567278883857837
0.4636514286282442
0.444611692961478
0.851369682206026
0.4584587734463989
0.7475165785691202
0.6488561301140595
0.4480734630827083
0.8076083925213442
0.5190397505679272
0.8353025534911859
0.602122233477452
0.8491496339761065
0.6817429462657464
0.8353025534911859
0.7492474636297353
0.8093392775819593
0.7492474636297353
0.8150210959331089
0.6817429462657464
0.8409843718423354
0.602122233477452
0.8548314523272561
0.5190397505679272
0.8409843718423354
0.4480734630827083
0.8132902108724938