0.008480500810210134
0.26623277665911527
0.0008462104929927554
0.38943442041116044
0.0054267846833232
0.5110565559099743
0.022222223381201407
0.6263606583958627
0.0741353975382796
0.7084950875638928
0.14437086845667946
0.7795729589593036
0.21918691356540976
0.8459123055950202
0.300110390927914
0.90435411096458
0.38561444248074855
0.9675344410938339
0.4787527843508006
1.013340180437543
0.5825791326649569
0.9975450979052295
0.6589220358371306
0.9248877182565874
0.7352649390093045
0.8601278798741022
0.8039735518642609
0.7811524672125348
0.8390912873234608
0.6879614802718853
0.8803164550364346
0.5742368860392283
0.9032193259880869
0.47156884957919054
0.1901766103599837
0.15092867417322678
0.3046909651182444
0.13197457513445063
0.4207321779399485
0.15408769067968947
0.5291391004444352
0.19831392177016724
0.6146431519972699
0.25675572713972716
0.768855816405061
0.2994024499769736
0.8192421324986956
0.28834589220435414
0.8726821647192173
0.28202785919142875
0.9215416227494085
0.2915049087108168
0.945971351764504
0.3215155655222124
0.2955298167375835
0.3183565490157498
0.3489698489581051
0.33731064805452593
0.4069904553689572
0.34204917281422
0.46348420371636584
0.3546852388400707
0.5092899456196701
0.3767983543853096
0.49249450692179186
0.40364999469024254
0.4482156230819311
0.4352401597548695
0.390195016671079
0.42734261848871286
0.3398087005774443
0.3957524534240859
0.2985835328644704
0.3546852388400707
0.7505335196437392
0.43050163499517546
0.7841243970394955
0.42734261848871286
0.8161884163718086
0.43208114324840685
0.8482524357041217
0.4383991762613322
0.8650478744019998
0.45577376704687705
0.8604673002116695
0.48420491560504136
0.8360375711965737
0.5015795063905861
0.8024466938008173
0.5015795063905861
0.7780169647857218
0.48420491560504136
0.7581678099609566
0.46051229180657105
0.41767846181306156
0.3957524534240859
0.8024466938008173
0.4636713083130338
0.7230500745017567
0.7053360710574301
0.451269339208818
0.7779934507060722
0.5047093714293397
0.7906295167319229
0.5581494036498613
0.8064245992642364
0.6131162939338264
0.8127426322771618
0.6589220358371306
0.8253786983030127
0.6482340293930263
0.8364352560756321
0.602428287489722
0.8601278798741022
0.5474613972057569
0.8490713221014828
0.4970750811121223
0.8269582065562439
0.4466887650184876
0.800106566251311