0.11571303615927968
0.2722086166406936
0.08609792847655685
0.37181631995367137
0.05648282079383408
0.4697911100975839
0.03744453728351228
0.5759304660868225
0.03744453728351228
0.6886014747523219
0.04167526695247271
0.8012724834178214
0.06282891529727469
0.9025130998998643
0.16648179218680442
0.9498675818027555
0.29340368225561636
0.9890574978603204
0.4287870316623491
1.0070195427200377
0.5747472052414828
1.0070195427200377
0.7185920139861364
1.0037537163819072
0.8645521875652701
1.000487890043777
0.9766665237927207
0.9531334081408858
1.033781374323686
0.8633231838422993
1.0633964820064088
0.7604496541911911
1.1014730490270523
0.6673736035544742
0.15378960317992327
0.10565147339604229
0.2066737240419282
0.08115777586006413
0.26167320973841335
0.1105502129032379
0.310326600931458
0.15137304212986813
0.33571097894522034
0.19709461086369398
0.5387860030553195
0.2803731824860196
0.6593617986206908
0.30160105368386736
0.7841683238550226
0.32609475121984555
0.8962826600824731
0.37018340678460615
0.9449360512755176
0.4567278047450623
0.1495588735109628
0.23138578741406338
0.19609689986952722
0.24118326642845464
0.24263492622809157
0.2575123981191067
0.2912883174211362
0.2722086166406936
0.29974977675905695
0.30160105368386736
0.2870575877521758
0.3211960117126499
0.2405195613936114
0.33589223023423675
0.19398153503504703
0.31956309854358467
0.15802033284888364
0.2934364878385413
0.13686668450408165
0.2591453112881719
0.8010912425308642
0.5171455920004749
0.7333995678274978
0.4795885891119751
0.6635925282896511
0.4420315862234754
0.5959008535862849
0.40120875699684516
0.5260938140484381
0.3767150594608669
0.5218630843794778
0.41427206234936675
0.5493628272277206
0.4730569364357143
0.6128237722621264
0.5122468524932793
0.6847461766344531
0.5400063763673879
0.7693607700136611
0.5449051158745836
0.1855200756971262
0.2722086166406936
0.5684011107380423
0.41427206234936675
0.08609792847655685
0.5759304660868225
0.12759919822060886
0.6335950857897417
0.2159375631446518
0.671736899441116
0.32316589289521963
0.7278901250945282
0.4348389202520286
0.7649724439222533
0.4992870355425253
0.8041737523972768
0.4220604146340853
0.8815168745236748
0.32538824169834024
0.9164802037041012
0.2181599119477724
0.8846953589946227
0.12593243661826842
0.823244659222964
0.10704247179174352
0.7172951768580352