0.008442111363027681
0.3020474206017717
0.032789444302448685
0.39726512060499625
0.05270998943470221
0.4941533065731895
0.06820374675978831
0.5943824644713207
0.10583144312071169
0.6845887065796387
0.16559307851747232
0.7514081451783927
0.26962259198590754
0.7948407802675828
0.3736521054543428
0.8416143872867107
0.4732548311156105
0.8817060504459631
0.6082718592342179
0.8883879943058385
0.7100879787990694
0.848296331146586
0.7742764020029975
0.7631015469331747
0.8318246434961745
0.6762362767547944
0.8937996727965188
0.5927119785063518
0.9491345203861121
0.5108581662228782
0.9690550655183656
0.41229949428971585
0.9801220350362843
0.31708179428649136
0.06377695895262088
0.24023943989792423
0.14345913948163508
0.1801019451590456
0.2607690163715727
0.1784314591940767
0.39135925668301264
0.208500206563516
0.4931753762478642
0.253603327617675
0.7255817361241556
0.2302165241081111
0.7853433715209162
0.208500206563516
0.8495317947248443
0.19012486094885864
0.9247871874466911
0.19012486094885864
0.9668416716147819
0.21852312235332913
0.1611662907103049
0.3120703363915848
0.22535471391423303
0.27866061709220774
0.3050368944432472
0.2753196451622701
0.38250568106867766
0.2870130469170521
0.45776107379052444
0.30538839253170946
0.4621878615976919
0.34548005569096185
0.3935726505865963
0.3638554013056192
0.30946368225041465
0.36886685920052575
0.23199489562498424
0.36218491534065034
0.15231271509597002
0.34715054165593073
0.738862099545658
0.3003769346368029
0.7764897959065813
0.27866061709220774
0.8296112495925907
0.26863770130239467
0.884946097182184
0.2736491591973012
0.9314273691574422
0.2870130469170521
0.9270005813502746
0.32209325218139795
0.8960130667001026
0.3488210276208995
0.8362514313033419
0.3488210276208995
0.778703189810165
0.34715054165593073
0.7277951300277393
0.3354571399011487
0.28511634931099367
0.3120703363915848
0.8340380373997582
0.31039985042661594
0.6392593738843901
0.5626432311369125
0.3382378029970031
0.6982470709919321
0.4466941042726058
0.6648373516925551
0.5573637994517922
0.6514734639728041
0.6746736763417298
0.6414505481829911
0.7543558568707439
0.6848831832721811
0.7543558568707439
0.6896001644745451
0.6746736763417298
0.646167529385355
0.5573637994517922
0.6561904451751681
0.4466941042726058
0.6695543328949191
0.3382378029970031
0.702964052194296