0.04957680498481337
0.4089038920748417
0.04957680498481337
0.4759506384750128
0.07583544083218705
0.5546576885969529
0.1263328174617518
0.6260770488927874
0.15865113850467322
0.7062416369799487
0.20106893487350755
0.7834911491366675
0.25964589176380265
0.8578255853629444
0.3061034782630022
0.9277874076935578
0.4111380216524969
0.9481929392066534
0.5343516206286348
0.9481929392066534
0.6313065837573991
0.9146695660065677
0.7181620715602505
0.8694858890847134
0.8231966149497453
0.8286748260585222
0.8615746211882144
0.7514253139018031
0.9019725224918661
0.6741758017450842
0.9120719978177789
0.5881810617970386
0.9080322076874138
0.5065589357446562
0.041497224724083015
0.35351744939643936
0.06775586057145667
0.3345694558485649
0.11219355200547365
0.3258242280572382
0.16067103356985582
0.3345694558485649
0.19702914474314237
0.3520599114312183
0.34852127463183663
0.3549749873616605
0.4454762377606009
0.322909152126796
0.5707097318019215
0.32436669009201713
0.6757442751914161
0.3564325253268816
0.7605798679290848
0.4016162022487361
0.08997470628846517
0.413276505970505
0.12027313226620402
0.3972435883530728
0.16067103356985582
0.39870112631829385
0.19904903980832497
0.4118189680052839
0.2111684101994205
0.4365971134140427
0.20510872500387273
0.452630031031475
0.1849097743520469
0.4730355625445706
0.13845218785284732
0.4672054106836861
0.1041139717447433
0.4540875689966961
0.08593491615809999
0.42930942358793717
0.44433413345405587
0.4663614096897973
0.4975411055286301
0.4946175951961192
0.5610113514043912
0.5151864361161623
0.6320440095547111
0.5212116521432457
0.695784341583135
0.5045903665512916
0.695784341583135
0.5074312757268664
0.6320440095547111
0.5240525613188205
0.5610113514043912
0.5180273452917371
0.4975411055286301
0.497458504371694
0.44433413345405587
0.46920231886537206
0.16875061383058618
0.4453423412053694
0.5661429883049847
0.5018139465271106
0.19702914474314237
0.6493976563363252
0.24498756673335403
0.7420233274886552
0.3241515420329905
0.7564058934127007
0.4062117603313942
0.7576299415764493
0.4873065642968754
0.7619141101495691
0.5677577587070751
0.7625261342314434
0.528175771057257
0.8047557958807687
0.4654238394173012
0.8390291444657282
0.3852944497847423
0.8310728314013625
0.3051650601521834
0.8246465785416827
0.256250733950782
0.7793567964829861