0.08552465696209166
0.4394154402773053
0.08167801801301328
0.5413513724278831
0.11052781013110136
0.643287304578461
0.14707088014734623
0.737529958830882
0.20669378385806159
0.822156015710607
0.2836265628396298
0.8856255583704008
0.36825261971935475
0.9375551841829594
0.4663419129208542
0.9779448931482827
0.5721244840205105
0.9971780878936747
0.681753694069245
0.972174934724665
0.7702263898980485
0.9202453089121064
0.8510058078286952
0.858699085726852
0.9106287115394105
0.7779196677962054
0.9548650594538122
0.6913702914419412
0.9817915320973609
0.5894343592913633
1.0029480463172922
0.47980514924262857
1.0241045605372234
0.3720992586684332
0.06629146221669961
0.22977361755253206
0.11245112960564056
0.20669378385806159
0.16630407489273827
0.19130722806174796
0.21246374228167914
0.17207403331635593
0.25477677072154165
0.1682273943672775
0.5567379282241968
0.1566874775200422
0.643287304578461
0.1566874775200422
0.7471465562035782
0.16438075541819908
0.8394658909814599
0.1932305475362871
0.9048587531157928
0.2355435759761496
0.154764158045503
0.4682652323953934
0.1816906306890519
0.43749212080276617
0.21438706175621836
0.4124889676337565
0.26439336809423775
0.3971024118374429
0.295166479686865
0.39517909236290366
0.295166479686865
0.39517909236290366
0.26439336809423775
0.3971024118374429
0.21438706175621836
0.4124889676337565
0.1816906306890519
0.43749212080276617
0.154764158045503
0.4682652323953934
0.6365280891182702
0.36026796932634436
0.6758032917655659
0.3864514377578747
0.7225594853932987
0.4014134197187493
0.7749264222563594
0.40702416295407723
0.8254231113743111
0.4126349061894051
0.8254231113743111
0.4195793506855897
0.7749264222563594
0.4139686074502618
0.7225594853932987
0.40835786421493386
0.6758032917655659
0.3933958822540593
0.6365280891182702
0.36721241382252895
0.21438706175621836
0.4124889676337565
0.7270480799815612
0.3970306014373825
0.37017593919389397
0.6202074708839905
0.389409133939286
0.8106160988633717
0.46249527397177576
0.8144627378124502
0.529811455580648
0.8163860572869894
0.6048209150876769
0.8029228209652151
0.6779070551201666
0.8144627378124502
0.6779070551201666
0.8144627378124502
0.6048209150876769
0.8029228209652151
0.529811455580648
0.8163860572869894
0.46249527397177576
0.8144627378124502
0.389409133939286
0.8106160988633717