0.08634837563429763
0.2511381984294036
0.08801551529805725
0.37776753142112435
0.08634837563429763
0.504396864412845
0.09134979462557632
0.6275087159325736
0.13802970521084365
0.7295156786203486
0.21805240907130186
0.8069002710041779
0.309745090578077
0.8631799745560538
0.39643635309357345
0.9282533817879103
0.4914633139278676
0.9880505668117784
0.6081630903910359
0.9915680482837705
0.7148600288716468
0.9581519742998442
0.788214174077067
0.8772499004440227
0.8498983416361703
0.7770016784922439
0.8999125315489567
0.6785121972764611
0.913249648859033
0.5536416050207364
0.9149167885227926
0.430529753501008
0.9249196265053499
0.314452864925264
0.18304247613235136
0.16847738383758584
0.23805808503641646
0.12978508764567118
0.3197479285606343
0.12626760617367896
0.3997706324210925
0.13154382838166737
0.47979333628155074
0.13682005058965568
0.7181943081991661
0.13506130985365958
0.7748770567669906
0.14209627279764403
0.8198898276884984
0.15968368015760528
0.8582340399549679
0.184306050461551
0.8815739952476016
0.21596338370948115
0.2680665989840883
0.23882701327743072
0.309745090578077
0.2124459022374889
0.3547578614995847
0.19837597634951995
0.40310491174861157
0.2018934578215122
0.43811484468756207
0.2353095318054385
0.43144628603252394
0.28279553167733373
0.40143777208485204
0.32324656860524453
0.3530907218358252
0.33204027228522515
0.30641081125055786
0.31093538345327176
0.2680665989840883
0.2810367909413376
0.7035119035848627
0.23779366926984238
0.730563736530232
0.21009992192276325
0.7730737597300982
0.20936142199350774
0.8113511832174236
0.22634692036638304
0.8343544425247106
0.25847166728899484
0.8350905468225438
0.29687366361027806
0.81282339181309
0.3312139103206562
0.7704973946876822
0.3337986600730503
0.7344282840938562
0.3171824116648028
0.7156576244991102
0.27988816523740284
0.3530907218358252
0.26696686505336864
0.7632070791206738
0.2810367909413376
0.5948259730809596
0.5747464938526899
0.47145763796275314
0.720721974940368
0.5181375485480203
0.6978583453724183
0.5698188781245663
0.704893308316403
0.6231673473648718
0.6978583453724183
0.66651297862262
0.7172044934683758
0.6765158166051772
0.748861826716306
0.6248344870286314
0.7453443452443137
0.5698188781245663
0.7453443452443137
0.5148032692205012
0.7453443452443137
0.46312193964395537
0.7541380489242941