0.025838669710206662
0.29232366780172747
0.041616904995430914
0.39401346261080594
0.037672346174124856
0.491406505526543
0.08500705202979761
0.5830705459178251
0.14220315493873545
0.6747345863091071
0.20531609607963244
0.7635341254381616
0.26842903722052935
0.8537659151983298
0.3295696989507733
0.9411332036962704
0.44001734594734304
0.969778216318546
0.5425758753013006
0.9268106973851326
0.6530235222978703
0.8838431784517191
0.765443448705093
0.8308499051005093
0.8680019780590504
0.7706953785937305
0.9488654338958248
0.6947860951447
1.0119783750367217
0.6074188066467593
1.0731190367669656
0.5229160194110463
1.0810081544095778
0.43125197901976425
-0.02741287437742515
0.09610533133913944
0.027810949120859706
0.1605566097392596
0.07317337556587941
0.22930464003272108
0.1441754343493885
0.2880269159083861
0.21714977254355064
0.34102018925959604
0.3670430077531809
0.31237517663732045
0.5603263899971779
0.3338589361040271
0.7536097722411748
0.30664617411286527
0.9429485956638657
0.2651109058105656
1.1224260220332913
0.249356148868314
0.05739514028065513
0.2837301640150448
0.09684072849371574
0.2751366602283621
0.13628631670677635
0.28659466527727234
0.17573190491983695
0.31237517663732045
0.20334381666897935
0.34245243989070984
0.20728837549028545
0.3682329512507579
0.16981506668787785
0.38112320693078194
0.12050808142155213
0.3696652018818717
0.08697933144045061
0.3453169411529374
0.06331197851261423
0.31094292600620665
0.5208808017841173
0.3453169411529374
0.6273838899593809
0.3467491917840511
0.7299424193133384
0.3467491917840511
0.836445507488602
0.34818144241516497
0.9212535221466824
0.3696652018818717
0.89364161039754
0.41692947270862646
0.8108058751501126
0.45703249037981236
0.7102196252068081
0.465625994166495
0.6076610958528506
0.43554873091310564
0.5307421988373824
0.3911489613485784
0.15600911081330665
0.3438846905218236
0.6234393311380748
0.3954457132419197
0.12050808142155213
0.5415352776155254
0.2514528932002216
0.6477252690098649
0.3466624024915469
0.6265995722009365
0.47354609592844454
0.6246058142201247
0.5548538628085783
0.6779734258044666
0.580243065286265
0.7605556951484591
0.5710394793881036
0.8128898076978495
0.5024886326983494
0.8844290991644476
0.39775817247789147
0.9180381622695608
0.3358719914385301
0.83977705818194
0.30318339324850835
0.757674918310878