-0.023288270054594752
0.524895762794427
0.03967124420972685
0.5864029270822951
0.0933720063763541
0.6508390039552998
0.1507762693820591
0.7167395371208729
0.21929103490499735
0.7738533325310362
0.295212802106091
0.8265737590634945
0.37298631972672364
0.8778297293033845
0.439649334830123
0.9364079810061161
0.5229781037093721
0.9627681942723453
0.6007516213300048
0.9246923306655699
0.6729698876920208
0.8690429915479749
0.741484653214959
0.8133936524303798
0.8099994187378973
0.7592087696053531
0.8729589330022189
0.6962371490249168
0.926659695168846
0.6332655284444804
0.9711017052377792
0.5673649952789074
0.972953455657318
0.5029289184059026
-0.07328553138214429
0.42677719119235163
0.021153740014338153
0.4209193660220785
0.11929651224989835
0.43117056007005655
0.22299453574407507
0.43702838524032966
0.31558205672101863
0.4355639289477614
0.5155711020312167
0.4106681719741005
0.626676127203549
0.39455915275584935
0.7433364036344978
0.3872368712930079
0.856293179226369
0.36527002690448357
0.9544359514619292
0.3594122017342104
0.05263349714649897
0.5234313065018588
0.11559301141082057
0.5497915197680879
0.1822560265142199
0.5688294515714757
0.2507707920371582
0.560042713816066
0.3007680533647077
0.5483270634755196
0.3007680533647077
0.5483270634755196
0.2507707920371582
0.560042713816066
0.1822560265142199
0.5688294515714757
0.11559301141082057
0.5497915197680879
0.05263349714649897
0.5234313065018588
0.6248243767840101
0.5073222872836076
0.6877838910483318
0.5234313065018588
0.7525951557321923
0.535146956842405
0.8192581708355916
0.5263602190869953
0.8451826767091357
0.504393374698471
0.8451826767091357
0.504393374698471
0.8192581708355916
0.5263602190869953
0.7525951557321923
0.535146956842405
0.6877838910483318
0.5234313065018588
0.6248243767840101
0.5073222872836076
0.18040427609468104
0.5500844110266017
0.7459288542218523
0.5193308288826675
0.454463338186434
0.611298684055956
0.4766843432209005
0.8060713709675384
0.4933500969967503
0.8016780020898335
0.5174228524507556
0.798749089504697
0.539643857485222
0.7958201769195604
0.5451991087438387
0.7943557206269922
0.5451991087438387
0.7943557206269922
0.539643857485222
0.7958201769195604
0.5174228524507556
0.798749089504697
0.4933500969967503
0.8016780020898335
0.4766843432209005
0.8060713709675384