0.04196560574815978
0.3616032573234852
0.03793930624285024
0.46366119733826594
0.066123402780017
0.5579874752307148
0.12651789535966013
0.6353040964540335
0.20704388546585084
0.7064353879794867
0.2895830253246965
0.7713813498070744
0.3701090154308872
0.8409663089080612
0.45466130504238755
0.9074586031601155
0.5492793434171618
0.9662192352898376
0.6781209275870669
0.9523022434696403
0.7546206181879482
0.8873562816420526
0.790857313735734
0.7930300037496038
0.8250808595308651
0.6956110610082221
0.8613175550786509
0.6012847831157732
0.9015805501317463
0.5100511700722572
0.9196988979056393
0.40799323005747645
0.913659448647675
0.302842625193763
0.066123402780017
0.2827403036757001
0.17684663917602936
0.28428663610016647
0.28354357606673214
0.302842625193763
0.3922536627100896
0.31830594943842677
0.5049900488587568
0.32758394398522495
0.6841603768450312
0.31212061974056127
0.7425417196720195
0.29356463064696475
0.7948836132410435
0.26573064700657
0.8472255068100676
0.23789666336617526
0.9096331491423654
0.2348039985172425
0.1788597889286841
0.35077893035222063
0.22918853274505335
0.32758394398522495
0.2915961750773512
0.32294494671182583
0.35400381740964904
0.3306766088341577
0.41439830998929217
0.33995460338095596
0.4224509089999112
0.3693349194458171
0.3660827159255777
0.38479824369048077
0.30166192384062507
0.3956225706617455
0.24126743126098196
0.3940762382372791
0.18288608843399362
0.377066581568149
0.7063050241242338
0.32294494671182583
0.7445548694246743
0.30902795489162843
0.7848178644777697
0.29356463064696475
0.8230677097782104
0.27655497397783463
0.8633307048313058
0.28119397125123374
0.8572912555733413
0.30438895761822937
0.8270940092835198
0.32758394398522495
0.790857313735734
0.3461399330788214
0.7425417196720195
0.3523252627766869
0.6982524251136146
0.34768626550328785
0.3097145228512441
0.36469592217241803
0.7586469176932576
0.32758394398522495
0.7163707728875075
0.5889141237200423
0.5403856180443701
0.7302704840477728
0.586028582264043
0.7220425571008446
0.6301501143430601
0.7115706500774818
0.6757930785627329
0.704838709848177
0.7208274699261433
0.6999767530159012
0.7199146106417499
0.7070826899246119
0.680053088556569
0.7190505836655982
0.6341058379087651
0.7257825238949029
0.588158587260961
0.7351324408800485
0.5428199094694194
0.7418643811093533