0.04825255407994945
0.25288010485651213
0.06390044712369014
0.37260278697571747
0.07954834016743083
0.49539528145695366
0.1091054714722744
0.6105132450331126
0.17343569842987505
0.7056774282560706
0.2568911279964921
0.7931670805739515
0.33513059321519556
0.876052014348786
0.4220633323470883
0.9497275110375276
0.5368145480011868
0.9328435430463577
0.6446111445247338
0.8745171081677705
0.7437144671350915
0.7962368929359823
0.8289085514843464
0.7087472406181016
0.9088866714856877
0.6105132450331126
0.9714782436606505
0.4984650938189845
1.0062513393134076
0.3772075055187638
1.0236378871397862
0.2513451986754967
1.0166832680092348
0.13008761037527594
-0.05954404244359756
0.16232064017660047
0.030866006253570902
0.15618101545253865
0.11606009060282582
0.17613479580573954
0.2029928297347186
0.20069329470198677
0.2864482593013356
0.19608857615894043
0.3751196532158662
0.16232064017660047
0.5037801071310675
0.11473854856512145
0.6515657636552852
0.06869136313465785
0.8028287297447786
0.028783802428256067
0.9610463149648234
0.02724889624724061
0.0934575784285337
0.2544150110375276
0.12301470973337725
0.23139141832229582
0.1630037697340479
0.21757726269315675
0.20994744886526998
0.21911216887417218
0.2534138184312164
0.23139141832229582
0.25862978277912996
0.25288010485651213
0.22385668712637283
0.272833885209713
0.1821289723430643
0.2866480408388521
0.13866260277711795
0.2943225717439294
0.09519623321117153
0.28204332229580575
0.5368145480011868
0.14697157836644592
0.6028834297414252
0.11934326710816778
0.6741682758295773
0.09478476821192056
0.7506690862656429
0.08711023730684325
0.8254312419190707
0.09785458057395147
0.83412451583226
0.1454366721854305
0.7784875627878487
0.18841404525386313
0.7072027166996966
0.21143763796909493
0.6272245966983553
0.20836782560706402
0.5559397506102032
0.19608857615894043
0.18908359147361573
0.23753104304635764
0.6672136566990259
0.13008761037527594
0.27775498538814636
0.47544150110375283
0.37859696278114197
0.6633985237306843
0.40989274886862337
0.6541890866445916
0.44988180886929396
0.658793805187638
0.4916095236526025
0.6633985237306843
0.5211666549574461
0.6741428669977925
0.5211666549574461
0.6780491169977925
0.4916095236526025
0.6673047737306843
0.44988180886929396
0.662700055187638
0.40989274886862337
0.6580953366445916
0.37859696278114197
0.6673047737306843