0.06993897033292003
0.3344175493998441
0.06993897033292003
0.4490515523719669
0.09957148617022481
0.5493563049725745
0.16095312611892754
0.6385160850620033
0.2244513743417235
0.7213073094307586
0.2921828391127058
0.8040985337995141
0.35779769560959496
0.893258313888943
0.4403454182992297
0.9601281489560146
0.5842747809375671
0.956943871095678
0.6774055449976678
0.8980347306794481
0.7620698759613957
0.8216120620313662
0.8403843821028442
0.7451893933832843
0.9102324551479197
0.6687667247352025
0.9694974868225292
0.5748305278552684
0.9864303530152747
0.46656508060381907
0.9758473116448088
0.35829963335236964
0.9652642702743428
0.253218463961257
0.053006104140174454
0.2277442410785631
0.08687183652566564
0.24048135251991007
0.12497078545934322
0.253218463961257
0.16095312611892754
0.26913985326294076
0.19058564195623234
0.27710054791378264
0.3387482211427562
0.24844204717075194
0.4382288100251365
0.21659926856738446
0.5482924402779827
0.17520365638300678
0.6562394622567358
0.14176873884947094
0.7557200511391162
0.11151809917627188
0.10803791926659756
0.31849616009816034
0.12285417718524996
0.3089433265171501
0.16306973439302078
0.31371974330765523
0.2032852916007915
0.316904021167992
0.23291780743809626
0.32486471581883386
0.2456174570826555
0.3471546608411911
0.21598494124535067
0.36148391121270645
0.1778859923116731
0.3726288837238851
0.13978704337799555
0.36944460586354827
0.11862096063706355
0.3503389387015278
0.4911440168774664
0.25481060289142543
0.5609920899225419
0.24525776931041518
0.6266069464194312
0.2341127967992366
0.6922218029163202
0.21819140749755286
0.7345539683981842
0.22455996321822633
0.7409037932204637
0.2627712975422673
0.7197377104795318
0.30575904865681336
0.64565642088627
0.3073511875869817
0.5758083478411944
0.31371974330765523
0.5123100996183984
0.29939049293613984
0.1990520750526051
0.33282541046967573
0.6731723284494815
0.25481060289142543
0.26255032327540107
0.5318427767407223
0.4276457686546705
0.7834007277073253
0.4382288100251365
0.7674793384056415
0.46786132586244134
0.7658871994754731
0.4953772334256529
0.7690714773358098
0.518659924440678
0.7738478941263149
0.5228931409888644
0.786585005567662
0.49961044997383924
0.7929535612883355
0.47632775895881396
0.7993221170090089
0.45092845966969564
0.8009142559391773
0.4297623769287637
0.7897692834279987