-0.019764041612675334
0.23511266833431302
-0.061851200187805024
0.3259711211069437
-0.08746947062484049
0.4308077973830561
-0.08197984124547575
0.539837940710213
-0.05270181788886379
0.6404811499352808
0.009513981743936634
0.7215548462554745
0.06441027553758408
0.8012307202253198
0.13394558100953746
0.8753153047937726
0.1998211335619144
0.9521955340629217
0.3022942153100563
0.9899367375223223
0.41208680289735117
0.9507977117125735
0.5273690198640107
0.9074652188517803
0.6298421016121526
0.8571436142392465
0.7323151833602946
0.7984350755246234
0.8109998711311892
0.7299417803575635
0.8713857943042013
0.6502659063877181
0.9336015939370018
0.5733856771185689
0.03696212864076035
0.058987052190444186
0.17420286312487893
0.09672825564984464
0.3041240917698445
0.14704986026237857
0.43404532041481014
0.20296275427630517
0.565796425519564
0.2393061353853575
0.7853816006941536
0.3217776540558992
0.8402778944878011
0.3581210351649515
0.9098131999597545
0.37489490336912945
0.972028999592555
0.40005570567539644
1.0031368994089551
0.4391947314851451
0.06624015199737232
0.19317799782386805
0.17237298666509066
0.1917801754735199
0.2803356977925973
0.20436057662665336
0.37548927370158613
0.2476930694874465
0.4084270499777746
0.31199289760346205
0.3608502620232802
0.3776905480698258
0.2656966861142913
0.4098404621278336
0.16139372790636117
0.39027094922295935
0.08270904013546655
0.3315624105083364
0.03696212864076035
0.2560800035895355
0.7030371600036824
0.43220561973340427
0.7524438244179652
0.40005570567539644
0.8311285121888599
0.4196252185802708
0.8750455472237778
0.45876424439001945
0.913472952879331
0.514677138403946
0.8732156707639895
0.5691922100675245
0.8109998711311892
0.5887617229723987
0.7249956775211414
0.5789769665199616
0.6810786424862235
0.5384401183598648
0.6829085189460118
0.4783337572948937
0.2364186627576794
0.30220814115102496
0.7597633302571182
0.5048923819515089
0.5310287727835872
0.6055355911765767
0.3286749342720035
0.7450902737357554
0.3523108385442684
0.7463580661000248
0.3756417634065686
0.7507953393749671
0.3940930177094334
0.7631563149265924
0.41422165876710415
0.773615601931814
0.40537725587812756
0.7850257332102373
0.38463865600052743
0.7805884599352949
0.36313760759801555
0.7720308614764774
0.341789048900486
0.7622054706533905
0.31983053138302703
0.7542817683767077