0.008812502698837125
0.36616680485753555
0.02801429784381823
0.4635000363337677
0.06881811252690309
0.5556189875523446
0.10242125403062001
0.6407855650940477
0.14082484432058223
0.7242140492165325
0.1984302297555255
0.8059044399197988
0.2632362883698368
0.8858567372038467
0.32084167380478007
0.9658090344878945
0.42165109831593095
1.0057851831299185
0.5200602984339591
0.9640709410686762
0.5992677034070061
0.8997614845575942
0.6832755571662985
0.8337139346272937
0.7504818401737323
0.7676663846969933
0.8200883475742888
0.6911902742513822
0.8872946305817226
0.6112379769673345
0.9352991184441756
0.5225952125871943
0.9449000160166662
0.43047626136861755
0.09042013206500683
0.2827383207350509
0.15762641507244074
0.3140240022809826
0.2368338200454878
0.34704777724613284
0.31604122501853477
0.367904898276754
0.40724975195719504
0.37138108511519086
0.527260971613327
0.3592144311806619
0.6304706205176005
0.35226205750378814
0.7240793718493832
0.33488112331160386
0.8200883475742888
0.31750018911941946
0.911296874512949
0.30359544176567205
0.13122394674809165
0.38180964563050146
0.19122955657615767
0.380071552211283
0.25603561519046886
0.3887620193073752
0.3136410006254122
0.4026667666611226
0.3712463860603555
0.41830960743408857
0.37364661045347813
0.4478571955608019
0.31604122501853477
0.45828575607611255
0.24883494201110093
0.4565476626568941
0.18882933218303502
0.4426429153031466
0.14322506871370486
0.41309532717643327
0.5896668058345156
0.4096191403379964
0.6616735376281947
0.4096191403379964
0.7336802694218738
0.40788104691877797
0.8056870012155529
0.40614295349955953
0.8608921622573737
0.4287381679493991
0.8608921622573737
0.4617619429145494
0.7960861036430623
0.47740478368751516
0.7264795962425059
0.47740478368751516
0.659273313235072
0.4704524100106414
0.5992677034070061
0.444381008722365
0.2872385323010631
0.4235238876917438
0.692876454738789
0.43047626136861755
0.4809259669200403
0.5707798428331318
0.42245725911268456
0.8531178100304766
0.4407068294837995
0.8507773092330062
0.4599816566173367
0.8504652424600102
0.47946153510335837
0.849373008754524
0.49750605412198895
0.8518695429384924
0.49750605412198895
0.8576166693538643
0.47946153510335837
0.8551201351698959
0.4599816566173367
0.8562123688753821
0.4407068294837995
0.8565244356483781
0.42245725911268456
0.8588649364458485