0.09958032214703307
0.5118211411271628
0.13004809225276195
0.5869200784304982
0.15645349301106035
0.6634097367950063
0.1950460018116503
0.73294578985365
0.2580127266968234
0.7871839112393921
0.33113537495057266
0.8414220326251343
0.4144139465728984
0.8914879908273579
0.49363014884779355
0.9415539490295812
0.574877535796404
0.9804941387424218
0.6865926928507432
0.9638054860083473
0.7394034943673401
0.9053952014390866
0.7800271878416452
0.833077706258097
0.8206508813159504
0.7621509321382804
0.8653369441376862
0.6953963212019824
0.895804714243415
0.6216881049598201
0.9018982682645608
0.5382448412894476
0.8937735295696997
0.45758301974142074
0.0812996600835957
0.4408943670073463
0.15442230833734508
0.45758301974142074
0.2417632493071013
0.4687087882308037
0.33113537495057266
0.4798345567201867
0.41644513124661364
0.4909603252095697
0.5545656890592513
0.4784438356590139
0.6439378147027228
0.45619229868024785
0.7292475709987637
0.4269871563956175
0.8125261426210894
0.3977820141109872
0.8917423448959846
0.3713583139487025
0.15848467768477562
0.5146025832495086
0.20723310985394186
0.5020860936989527
0.2641062807179691
0.5062582568824715
0.3189482669082812
0.5118211411271628
0.3758214377723085
0.5146025832495086
0.379883807119739
0.5299005149224103
0.32910419027685744
0.5424170044729661
0.2722310194128301
0.5479798887176577
0.21535784854880288
0.5424170044729661
0.1645782317059214
0.5299005149224103
0.6378442606815771
0.4937417673319155
0.692686246871889
0.4798345567201867
0.7394034943673401
0.4631459039861123
0.7942454805576521
0.4506294144355564
0.8551810207691098
0.4492386933743835
0.840962728053103
0.47009950929197664
0.7983078499050826
0.49652320945426126
0.747528233062201
0.5132118621883358
0.6865926928507432
0.5146025832495086
0.6276883373130007
0.5159933043106816
0.2966052354974133
0.5187747464330272
0.7353411250199096
0.4867881620260512
0.5972205672072718
0.6759262263455622
0.4448817166786273
0.7779780536267387
0.5037860722163698
0.7793687746879114
0.5708151664489735
0.7807594957490843
0.6358130760078617
0.7779780536267387
0.6865926928507432
0.762680121953837
0.6865926928507432
0.7649323742606262
0.6358130760078617
0.7802303059335278
0.5708151664489735
0.7830117480558735
0.5037860722163698
0.7816210269947006
0.4448817166786273
0.7802303059335278