0.052702106585119354
0.3871500596148252
0.052702106585119354
0.48218158169392666
0.06460461644804641
0.5738191208416314
0.07888762828355883
0.6620626770579399
0.1407806795707795
0.7367303015486624
0.21933724466609794
0.7944280113824025
0.31693782554209976
0.8487317382847461
0.41453840641810147
0.9030354651870897
0.5145194892666887
0.9437632603638474
0.6311640859233738
0.933581311569658
0.7121011529912777
0.8792775846673144
0.7787552082236691
0.8113979260393848
0.8430287614834752
0.741821275945757
0.8953998048803541
0.663759668523638
0.9096828167158666
0.5738191208416314
0.9215853265787936
0.48218158169392666
0.9215853265787936
0.39224103401192
0.15744419337887733
0.29381552900142216
0.2336202565016104
0.2853305716729309
0.31931832751468514
0.2870275631386292
0.4026358965551745
0.2887245546043274
0.4811924616504929
0.2870275631386292
0.6954376391831799
0.27514862287874153
0.7525696865252296
0.278542605810138
0.807321231894694
0.2853305716729309
0.859692275291573
0.29381552900142216
0.9049218127706957
0.30739146072700807
0.24552276636453751
0.3888470510805235
0.2955133077888311
0.3769681108206358
0.3526453551308809
0.37187713642354114
0.40977740247293065
0.37527111935493757
0.45976794389722425
0.3888470510805235
0.45976794389722425
0.40921094866890234
0.41215790444551614
0.42108988892879
0.3526453551308809
0.42278688039448825
0.29789380976141644
0.4176959059973936
0.24076176241936667
0.41260493160029876
0.6740131214299111
0.3820590852177305
0.7168621569364484
0.37187713642354114
0.7668526983607421
0.37018014495784285
0.8192237417576211
0.37527111935493757
0.8620727772641584
0.3871500596148252
0.8620727772641584
0.41090794013460064
0.8192237417576211
0.42108988892879
0.7716137023059129
0.42108988892879
0.7192426589090339
0.4176959059973936
0.6740131214299111
0.4058169657375058
0.37406987288414956
0.4041199742718077
0.7692332003333274
0.39563501694331643
0.5679220835183546
0.5404449553495662
0.5430855129377136
0.819882883367876
0.5573685247732261
0.7859430540539112
0.5835540464716655
0.7570941991370412
0.6168810740878612
0.7604881820684376
0.6311640859233738
0.7927310199167041
0.6216420780330322
0.833458815093462
0.6073590661975196
0.869095635873125
0.5835540464716655
0.9013384737213914
0.545466014910299
0.891156524927202
0.5359440070199574
0.8538227126818408