-0.019662407070406784
0.17511511579680253
-0.04500018303450643
0.2772902086563197
-0.06400351500758114
0.3874477306454866
-0.055557589686214603
0.4992017384605836
-0.025996851061431688
0.6013768313201007
0.031013144857792437
0.693973009224038
0.1133609167411162
0.7658148713908861
0.2126005392671731
0.839253219383664
0.31395164312357154
0.9047091382467923
0.4300831162923614
0.9557966846765509
0.5377686641397849
0.9079021098986522
0.6306738426748167
0.8296743044280843
0.7278019838705321
0.7546394706093764
0.8164841997448807
0.6812011226165984
0.8819401209854715
0.6013768313201007
0.9178353036012792
0.5039911959383734
0.9685108555294784
0.4289563621196654
0.0880231407770166
0.050589221374266
0.2759449791774221
0.08092245206693514
0.4343060789530447
0.1479748567559933
0.588444216067984
0.21822023309691133
0.7341364278615569
0.2884656094378294
0.8692712330034217
0.334763698389798
0.9241697475923041
0.33157072673793814
0.9811797435115281
0.32678126926014833
1.033966776770069
0.31560586847863864
1.0783078847072436
0.3092199251749188
0.2126005392671731
0.21662374727098135
0.3118401617932299
0.22141320474877124
0.40685682165860354
0.2325886055302809
0.4934275562026106
0.2725007511785298
0.571552365425251
0.3108164110008488
0.5567719961128597
0.33955315586758794
0.45964385491714443
0.3379566700416579
0.3604042323910875
0.334763698389798
0.2759449791774221
0.29644803856747914
0.2062660952761482
0.24855346378958046
0.8185956810752224
0.3794653015158369
0.8671597516730799
0.37467584403804693
0.9178353036012792
0.3778688156899069
0.9621764115384536
0.3890442164714166
0.9875141875025532
0.4241669046418756
0.9706223368598201
0.44013176290117517
0.930504191583329
0.4545001353345447
0.8819401209854715
0.45290364950861484
0.843933457039322
0.43534230542338526
0.8164841997448807
0.409798532208506
0.3857420083551872
0.2613253503970201
0.8924975276371795
0.40820204638257607
0.8566023450213718
0.590201430538591
0.47442422422953584
0.7138552561140155
0.5103194068453437
0.7090657986362255
0.5504375521218347
0.7090657986362255
0.588444216067984
0.7090657986362255
0.6264508800141335
0.7090657986362255
0.6264508800141335
0.7131308391351975
0.588444216067984
0.7131308391351975
0.5504375521218347
0.7131308391351975
0.5103194068453437
0.7131308391351975
0.47442422422953584
0.7179202966129874