0.08190266986427218
0.4590222000648668
0.057451288129132166
0.5270608267413873
0.06189699389915766
0.604377447964706
0.09968549294437408
0.6646844125188947
0.13302828621956497
0.7296303743464823
0.1508111092996668
0.8007616658719356
0.15747966795470503
0.8780782870952544
0.18193104968984505
0.9430242489228419
0.27306801797536695
0.9646729028653713
0.3797649564559779
0.9631265704409048
0.4686790718564872
0.9337462543760437
0.5553703343719836
0.905912270735649
0.6309473324624164
0.873439289821855
0.6887415074727474
0.8239566522389311
0.7398671238280401
0.7667423525336753
0.7865470344133074
0.7017963907060877
0.8198898276884984
0.6368504288784999
0.1708167852647814
0.4033542327840773
0.19749101988493412
0.3832519112660145
0.23527951893015053
0.3786129139926153
0.2775137237453924
0.38479824369048077
0.3086336641355706
0.3971689030862118
0.510913276671729
0.45592953521593405
0.5864902747621619
0.46211486491379955
0.6576215670825691
0.4760318567339969
0.7065243305528492
0.505412172798858
0.7198614478629255
0.554894810381782
0.15747966795470503
0.46467700613838075
0.20415957853997235
0.4631306737139145
0.24417093047020144
0.4553990115915826
0.27084516509035417
0.47240866826071265
0.2864051352854433
0.4894183249298428
0.2864051352854433
0.493041513403127
0.27084516509035417
0.4760318567339969
0.24417093047020144
0.4590222000648668
0.20415957853997235
0.4667538621871987
0.15747966795470503
0.468300194611665
0.47312477762651256
0.5342619652393676
0.5331418055218563
0.5249839706925694
0.5820445689921363
0.5435399597861659
0.6131645093823146
0.5713739434265607
0.6531758613125436
0.5899299325201571
0.6531758613125436
0.5935531209934414
0.6131645093823146
0.5749971318998449
0.5820445689921363
0.5471631482594501
0.5331418055218563
0.5286071591658537
0.47312477762651256
0.5378851537126519
0.23261209546813522
0.4708183311635287
0.5709303045670726
0.5546295485696062
0.2997422525955197
0.6755087394901592
0.2597309006652906
0.7868446740517382
0.27306801797536695
0.7713813498070744
0.3130793699055961
0.77756667950494
0.3375307516407361
0.7930300037496038
0.321970781445647
0.8115859928432001
0.3019651054805324
0.8517906358793259
0.28862798817045604
0.8749856222463216
0.27306801797536695
0.8579759655771915
0.2663994593203287
0.8285956495123302
0.26195375355030326
0.7976690010230029