0.10528724375905026
0.40407171864781394
0.0888835973657084
0.47112838589775546
0.11231737792762535
0.5642626459671186
0.14043791460192567
0.6536715356337073
0.18964885378195132
0.7374923696961342
0.26229357352389376
0.8250385741613356
0.3208780249286862
0.8976832970154389
0.37711909827728685
0.961014593862606
0.4685108424687629
1.0019936682931256
0.5856797452783477
0.9908175570848022
0.681758245582207
0.9312116306404098
0.7614330994927248
0.8511161669807574
0.8223609289537087
0.7691580181197177
0.8715718681337343
0.6946506100642272
0.8926622706394596
0.5959282943907022
0.9090659170328015
0.4934806083144026
0.93484307565091
0.4022090334464266
0.06779319485998314
0.30907477337706335
0.12872102432096713
0.3351523661964851
0.21776939045625165
0.34632847740480865
0.31150451270391943
0.35564190341174495
0.3958661227268204
0.37054338502284306
0.5294386719297469
0.3519165330089705
0.6559810869640984
0.34632847740480865
0.7848668800546416
0.35377921821035774
0.9090659170328015
0.35936727381451955
1.019204685673811
0.35564190341174495
0.12637764626477552
0.4003463482450393
0.168558451276226
0.39289560743949026
0.2412031710181685
0.39475829264087753
0.31150451270391943
0.39289560743949026
0.37243234216490334
0.41152245945336297
0.37711909827728685
0.4506388486824955
0.31150451270391943
0.4674030154949808
0.2412031710181685
0.47112838589775546
0.168558451276226
0.4674030154949808
0.10997399987143365
0.4431881078769464
0.6348906844583732
0.3873075518353285
0.6864450016945906
0.38171949623116674
0.759089721436533
0.3854448666339412
0.8317344411784755
0.39289560743949026
0.8973490267518429
0.4133851446547502
0.8973490267518429
0.4525015338838827
0.8270476850660922
0.4674030154949808
0.7567463433803412
0.4748537563005299
0.6864450016945906
0.4599522746894318
0.6231737941774147
0.4376000522727846
0.26698032963627716
0.4301493114672355
0.759089721436533
0.42083588546029926
0.3841492324458619
0.6313193132170601
0.421643281344929
0.7859221849322032
0.4638240863563795
0.7821968145294286
0.50600489136783
0.7821968145294286
0.5481856963792805
0.7803341293280412
0.5786496111097724
0.7952356109391394
0.5856797452783477
0.8045490369460757
0.5528724524916638
0.8175878333557866
0.5083482694240218
0.8213132037585612
0.4685108424687629
0.8119997777516248
0.43570354968207914
0.8008236665433013