0.14895863604071913
0.3940914735099338
0.10411268069920755
0.45855753311258285
0.06994433377234155
0.5260934050772627
0.07848642050405802
0.6043736203090508
0.10624820238213664
0.6749793046357616
0.13828102762607353
0.744050082781457
0.16604280950415215
0.8146557671081678
0.19807563474808904
0.8852614514348787
0.2621412852359627
0.9313086368653423
0.3625108043336316
0.9451227924944812
0.44793167165079656
0.9113548565121412
0.524810452236245
0.8622378587196469
0.6059602761875518
0.8161906732891833
0.6828390567730003
0.7716783940397351
0.7490402289438031
0.7148868653421634
0.7917506626023856
0.6504208057395143
0.8408676613097555
0.5905594646799117
0.32407141404090734
0.24367066777041946
0.37105289106534806
0.31888107064017657
0.42016988977271796
0.38795184878587197
0.46928688848008776
0.4539528145695364
0.5461656690655362
0.4846509381898455
0.6700259266754254
0.5306981236203091
0.73195605548037
0.5153490618101545
0.7938861842853148
0.49539528145695366
0.8558163130902594
0.47390659492273735
0.9092043551634874
0.4478131898454746
0.29203858879697053
0.42632450331125826
0.34969767423605685
0.4232546909492274
0.3966791512604976
0.4447433774834437
0.4415251066020092
0.4677669701986755
0.4842355402605916
0.49693018763796915
0.4778289752118043
0.5245584988962473
0.42230541145564704
0.5306981236203091
0.3625108043336316
0.5276283112582781
0.3219358923579782
0.5015349061810155
0.3048517188945452
0.4616273454746137
0.6892456218217876
0.5383726545253863
0.729820533797441
0.5260934050772627
0.7703954457730944
0.5138141556291391
0.8173769227975352
0.5184188741721855
0.832325574578039
0.5521868101545254
0.815241401114606
0.5675358719646799
0.7789375325048108
0.5920943708609272
0.7362270988462284
0.6013038079470199
0.6999232302364333
0.5859547461368654
0.6678904049924964
0.5613962472406181
0.4137633247239305
0.5107443432671082
0.7084653169681496
0.5690707781456954
0.5846050593582605
0.6964679911699779
0.26854785028475014
0.7563293322295805
0.31339380562626173
0.6933981788079471
0.4158988464068597
0.6903283664459161
0.507726278772812
0.7179566777041942
0.5525722341143235
0.7686085816777042
0.49064210530937896
0.8330746412803531
0.43084749818736356
0.8914010761589404
0.33047797908969473
0.9144246688741722
0.24078606840667152
0.8791218267108167
0.23865054672374234
0.8100510485651213