0.0390858350107837
0.46514117067975813
0.07321869520055212
0.563655220641329
0.11417812742827414
0.6667160729088186
0.1960969918837183
0.7409805105721566
0.27118928430120876
0.8152449482354946
0.3394550046807455
0.8955717889733908
0.4179605831172128
0.9683206258680894
0.5340123077624254
0.969836226636729
0.6329976023127537
0.9137589981970656
0.72344968181564
0.8470725643769251
0.796835331223642
0.7788705297881453
0.8514479075272714
0.6849032821324932
0.8685143376221556
0.5621396198726896
0.8702209806316441
0.43634475607560663
0.8565678365557368
0.31358109381580296
0.8309681914134104
0.19839543539919702
0.7883021161761998
0.09988138543762615
-0.08208581866289408
0.36662712071818726
-0.05136624449210254
0.35601791533771043
-0.012113455273868895
0.35298671380043134
0.02543269093487636
0.35601791533771043
0.05785890811515632
0.3620803184122686
0.11247148441878575
0.286300279980291
0.2302298520734867
0.19839543539919702
0.34457493370921083
0.10594378851218436
0.4623333013639118
0.030163750080206733
0.5920381700850317
-0.007726269135782064
0.02543269093487636
0.4545319652992813
0.030552619963341594
0.43028235300104845
0.051032336077202645
0.4136107445460134
0.08345855325748264
0.41057954300873434
0.11076484140929731
0.418157546851932
0.13124455752315836
0.4348291553069671
0.11417812742827414
0.4530163645306417
0.09369841131441316
0.4681723722170373
0.06297883714362158
0.47575037606023496
0.03567254899180686
0.4696879729856769
0.31385535953841925
0.24992586153294175
0.3804144369084676
0.21052024154831345
0.4538000863164697
0.16202101695184778
0.5254790927149833
0.12261539696721942
0.6125178861988927
0.1165529938926612
0.638117531341219
0.13777140465361495
0.5886248840660547
0.19839543539919702
0.5186525206770296
0.24689465999566265
0.4367336562215855
0.2681130707566164
0.3496948627376761
0.27417547383117463
0.09199176830492471
0.4408915583815253
0.5288923787339602
0.1605054161832082
0.11076484140929731
0.6136700460064343
0.32409521759534976
0.7175463573831374
0.37017457885153715
0.7069371520026606
0.414547297098236
0.6963279466221837
0.4520934433069812
0.67510953586123
0.4811063744682844
0.6554067258689158
0.4811063744682844
0.6591380690656208
0.4520934433069812
0.678840879057935
0.414547297098236
0.7000592898188887
0.37017457885153715
0.7106684951993656
0.32409521759534976
0.7212777005798424