-0.043997868451456375
0.5896396121620786
0.017723478150716378
0.6706600262172865
0.10060642930220552
0.7516804402724944
0.20465098500301102
0.8171863069554284
0.30693207365804015
0.8775206578476045
0.4180304975419512
0.9171689455767488
0.5432366577920731
0.9378550087397806
0.6666793509964187
0.9516457175151352
0.7971759123838696
0.9550933947089737
0.8924031328557933
0.9102735911890714
0.9153282044508861
0.7999479209862351
0.9206186055882151
0.6723838648142058
0.901220468084675
0.5517151630298535
0.8694780612607006
0.43966565423009796
0.832445253299397
0.3327876612211003
0.8059932476127515
0.21901431382442538
0.7830681760176588
0.10006945063699252
-0.15509629233536737
0.5086191981068707
-0.04752480254300914
0.4172557524701468
0.09355256111910007
0.3586452401748901
0.23462992478120925
0.3069300822673106
0.33162061229890927
0.22246199101826403
0.48856917937300576
0.14661309275381412
0.5520539930209549
0.10868864362158914
0.6137753396231276
0.06214500150476755
0.6754966862253005
0.01904903658178466
0.7425084339648024
0.006982166403349439
0.07944482475288912
0.5086191981068707
0.10766029748531097
0.4362179770362593
0.16938164408748377
0.401741205097873
0.24344726001009104
0.37933130333792187
0.3139859418411457
0.34485453139953554
0.34043794752779116
0.4000173665009537
0.2998782054749347
0.462075555990049
0.24521072705586747
0.5206860682853058
0.17467204522481286
0.5534390016267728
0.09707949521065276
0.5568866788206115
0.5326558555174149
0.227633506809022
0.5661617293871658
0.18626138048295837
0.6049580043942459
0.14488925415689483
0.6525716146302076
0.1138601594123471
0.7090025600950515
0.10696480502466978
0.7284006975985914
0.1500607699476527
0.7090025600950515
0.2000520892583129
0.668442818042195
0.24314805418129581
0.615538806668904
0.2707294717320049
0.5608713282498368
0.2759009875227629
0.23639339182698557
0.4586278787962105
0.6367004112182205
0.20349976645215156
0.6790236203168531
0.4931046507345968
0.6807870873626296
0.7534042788694136
0.6931313566830641
0.7292705385125432
0.7142929612323805
0.7016891209618341
0.7389814998732497
0.6827268963957216
0.7583796373767896
0.6758315420080443
0.7724873737430006
0.6947937665741568
0.7583796373767896
0.7137559911402694
0.7336910987359205
0.7344420543033011
0.7107660271408277
0.7534042788694136
0.6825505544084058
0.7740903420324454