0.1083925401498051
0.41873413846890417
0.11708075926976363
0.5159180781832567
0.1540056905295873
0.5980217513902097
0.20613500524933842
0.6700719135922298
0.26043637474907916
0.7421220757942498
0.3082215799088511
0.8175234083312475
0.3560067850686229
0.896275911203223
0.4255125380282911
0.9616237327352876
0.5406314413677414
0.9716772437402207
0.6209974682273577
0.9113561777106225
0.6818150020670674
0.844332771011069
0.7296002072268392
0.7706070236415601
0.7817295219465904
0.6935301059370736
0.8295147271063622
0.6214799437350536
0.8577514392462274
0.5343495150256339
0.8599234940262172
0.4371655753112813
0.8534073296862482
0.3517107317693506
0.07798377322995027
0.3098211025821297
0.11708075926976363
0.3081455174146408
0.16269390964954583
0.31484785808459614
0.2039629504693488
0.3249013690895292
0.23654377216919326
0.3349548800944622
0.43420075714824957
0.3031187619121743
0.48850212664799025
0.27966056956733054
0.5580078796076585
0.2578779623899757
0.6188254134473682
0.23777094038010962
0.6839870568470571
0.22604184420768772
0.14966158096960808
0.41564781869265854
0.16921007398951476
0.4072698928552143
0.2017908956893592
0.3972163818502814
0.23437171738920365
0.39051404118032595
0.2669525390890481
0.38883845601283723
0.2669525390890481
0.39360036095657164
0.23437171738920365
0.39527594612406036
0.2017908956893592
0.4019782867940158
0.16921007398951476
0.4120317977989487
0.14966158096960808
0.42040972363639295
0.45809335972813553
0.35029999716059385
0.5167388387878554
0.3452732416581274
0.5710402082875962
0.3435976564906385
0.6275136325673266
0.34024648615566083
0.6796429472870779
0.34192207132314967
0.6796429472870779
0.3466839762668841
0.6275136325673266
0.34500839109939524
0.5710402082875962
0.3483595614343729
0.5167388387878554
0.3500351466018618
0.45809335972813553
0.35506190210432825
0.2043973614253467
0.40227827059013066
0.5706057973315984
0.3466488430295012
0.332114182488737
0.524296004020701
0.366867058968571
0.7337441499568057
0.3646950041885814
0.6885033504346071
0.449405140608177
0.6801254245971629
0.531943222247783
0.6750986690946963
0.590588701307503
0.6885033504346071
0.5710402082875962
0.7572023423016493
0.5428034961477312
0.8158478231637588
0.49719034576794885
0.8694665485234016
0.43202870236825996
0.8393060155086024
0.39727582588842586
0.7789849494790042