0.012214864166268474
0.18617275483067466
0.017093451480868466
0.29743877943876573
0.03335540919620176
0.4044253415619301
0.04311258382540174
0.5156913661700211
0.04311258382540174
0.6241044157881611
0.07563649925606836
0.7253850279314235
0.14068433011740153
0.8181067151048327
0.21223694406486807
0.9065489397933153
0.2886681453269346
0.9778733145420916
0.40738043664886764
0.9507700521375565
0.5195879448846674
0.9151078647631684
0.6057763207759339
0.8537689024792209
0.6984694797533337
0.7881504777103466
0.7862840514161336
0.7153996154665947
0.852958078049
0.6326633407580143
0.9261368877679997
0.5513535535444093
0.9798013482285998
0.4743232288157309
0.08701986965680165
0.014994255433611546
0.22362031446560135
0.04922995531302417
0.3537159761882678
0.10058350513214309
0.4838116379109341
0.15764300493116415
0.5830095799744672
0.2104230422452586
0.7862840514161336
0.3131301418834964
0.8708462315358667
0.3202625793583741
0.9521560201125332
0.34165989178300693
1.0220824382884663
0.3758955916624196
1.0789992902921328
0.41013129154183225
0.14068433011740153
0.14908407996131098
0.23012509755173466
0.14623110497135994
0.31956586498606787
0.179040317355797
0.3959970662481343
0.2275408921849649
0.46917587596713417
0.27889444200408386
0.44153054785106755
0.33452745430812936
0.3455849973306011
0.3359539418031049
0.25614422989626795
0.3202625793583741
0.17971302863420147
0.2689090295392551
0.13255335125973491
0.20186411727540543
0.7309933951840003
0.36876315418754196
0.7895364429592002
0.3758955916624196
0.8497056865059334
0.38588100412724824
0.9066225385096
0.41155777903680774
0.9342678666256665
0.45577889138104904
0.9131273215957333
0.49144107875543724
0.8545842738205334
0.5028529787152414
0.7911626387307334
0.5057059537051924
0.7488815486708669
0.46719079134085323
0.729367199412467
0.4186902165116854
0.2919205368700012
0.25892361707442646
0.7781530725584668
0.44436699142124486
0.5765047968883339
0.5584859910192869
0.3781089127612677
0.7496353153460074
0.40087565356273436
0.7453558528610809
0.42526859013573426
0.7467823403560564
0.44315674362260093
0.7553412653259094
0.45291391825180094
0.7710326277706403
0.44478293939413427
0.7795915527404935
0.4285209816788009
0.78387101522542
0.41225902396346764
0.7738856027605913
0.394370870476601
0.7624737028007872
0.37323032544666773
0.7553412653259094