0.1022331016898879
0.4643645805818652
0.161883741057998
0.5673114311949208
0.21430399989664023
0.678177270316673
0.27395463926475044
0.7890431094384254
0.35348882508889723
0.8721924887797394
0.4583293427661818
0.9038684428145258
0.5722078361053012
0.9098076841960483
0.6860863294444205
0.9137671784503965
0.7927344422540719
0.9137671784503965
0.8903445794018886
0.8860507186699585
0.9644559798289345
0.8128000749645151
0.9463800285052647
0.6920355002068921
0.9048053404608244
0.5791899139579657
0.85961546215165
0.46634432770903933
0.8126179887101086
0.3594379828416354
0.7529673493419985
0.27034936211879873
0.6860863294444205
0.2109569483035743
0.2197267852937412
0.33964051156989394
0.25407109280871376
0.30598481040793335
0.2884154003236863
0.27430885637314706
0.32999008836812666
0.2564911322285798
0.36433439588309907
0.2505518908470573
0.5613622653110992
0.16938225863291728
0.583053406899503
0.16146327012422074
0.6047445484879067
0.15354428161552405
0.6246280949439433
0.14760504023400167
0.6390888560028791
0.14958478736117584
0.2829926149265853
0.3930936840035959
0.29926097111788813
0.3475595000785905
0.32999008836812666
0.30598481040793335
0.3769875618096679
0.29212658051771445
0.41494705958937445
0.3158835460438042
0.4294078206483101
0.35547848858728703
0.4185622498541083
0.4049721667666408
0.3769875618096679
0.4307088794199047
0.32637489810339265
0.43664812080142706
0.2848002100589523
0.4406076150557754
0.588476192296604
0.24263290233836074
0.5902837874289709
0.2010582126677036
0.6155901192821086
0.17730124714161383
0.6517420219294481
0.1891797299046587
0.6806635440473197
0.21293669543074847
0.6951243051062554
0.25253163797423145
0.6951243051062554
0.29212658051771445
0.6662027829883838
0.31192405178945587
0.6282432852086773
0.30202531615358513
0.6011293582231727
0.2782683506274954
0.3607192056183652
0.36537722422315777
0.6354736657381453
0.25451138510140564
0.7150078515622921
0.3356810173155456
0.6860863294444205
0.6623392932992799
0.6951243051062554
0.6128456151199262
0.7168154466946591
0.5871089024666624
0.7565825396067325
0.5772101668307915
0.7909268471217049
0.5752304197036174
0.8035800130482739
0.6148253622471003
0.7818888714598702
0.6504608105362351
0.7547749444743656
0.6841165116981954
0.7222382320917601
0.7078734772242852
0.6915091148415214
0.7039139829699369