0.07686255517480184
0.3232167817210349
0.042810340766096217
0.410419280315188
0.022379012120872815
0.5007927788582194
0.011028273984637604
0.5927517773756898
0.04508048839334327
0.6767832760209647
0.11318491721075456
0.7528872747940437
0.18355949365541283
0.8194782737204879
0.26074451298181234
0.8876547726213713
0.34019967993545885
0.9479037716500587
0.453707061297811
0.9780282711644026
0.5694845902874102
0.9590022714711328
0.6443994619865626
0.8908257725702495
0.7102337431767267
0.8178927737460487
0.7737978767396441
0.7386177750240913
0.8350918626753141
0.6656847761998906
0.882764962847502
0.5864097774779332
0.9077365867472196
0.5087202787304151
0.3129579084084943
0.28040828241117793
0.37652204197141154
0.25662578279459075
0.453707061297811
0.24869828292239501
0.5286219329969634
0.25662578279459075
0.5876457713053865
0.2883357822833737
0.8646037818295257
0.38822228067304
0.9009261438654784
0.39139328062191825
0.9236276201379489
0.40883378034074885
0.9349783582741841
0.43420177993177517
0.937248505901431
0.4595697795228016
0.33111908942647067
0.3263877816699132
0.3924130753621408
0.3216312817465958
0.453707061297811
0.3168747818232784
0.5104607519789871
0.3263877816699132
0.5331622282514574
0.3644397810564527
0.50819060435174
0.38663678069860086
0.453707061297811
0.40883378034074885
0.39695337061663494
0.40883378034074885
0.349280270444447
0.3834657807497225
0.31522805603574133
0.34699928133762215
0.7601769909761618
0.44847127970172757
0.7964993530121144
0.43737277988065354
0.8419023055570554
0.44688577972728843
0.871414224711267
0.4770102792416322
0.880494815220255
0.5039637788070976
0.8691440770840198
0.5293317783981241
0.826011272166326
0.5340882783214415
0.7896889101303733
0.5245752784748066
0.7647172862306558
0.507134778755976
0.7556366957216677
0.4770102792416322
0.42646528977084647
0.37553828087752683
0.8146605340300909
0.4912797790115845
0.7147740384312209
0.679954275969843
0.4446264707888228
0.7291047751774564
0.48775927570651656
0.7370322750496522
0.5377025235059516
0.7433742749474088
0.5808353284236455
0.7544727747684828
0.617157690459598
0.7592292746918002
0.5944562141871276
0.7750842744361918
0.555863704523928
0.7925247741550224
0.5104607519789871
0.7845972742828267
0.4718682423157873
0.7687422745384351
0.44235632316157575
0.7481307748707262