0.09920334710478446
0.45246242191145686
0.1340122766111989
0.5475375548054789
0.1668873767005904
0.6457299051714362
0.22296842979425816
0.723660341969815
0.30999075356029426
0.7922391263523882
0.3892777596582384
0.867052345678832
0.4685647657561824
0.9449827824772108
0.5768592131094719
0.9745963484605947
0.6696830251265771
0.9075761728139888
0.7470362018074981
0.8389973884314157
0.816654060820327
0.7610669516330368
0.8669336256629256
0.6659918187390147
0.9036763845863631
0.5615650334291871
0.9172131905055243
0.45246242191145686
0.9094778728374323
0.34024259292179143
0.8630659668288796
0.23581580761196383
0.7973157666500967
0.15320954460568229
0.010247193921725286
0.32777372303405083
0.052791441096231864
0.3293323317700183
0.09533568827073845
0.32777372303405083
0.13207844719417594
0.33244954924195347
0.17268886495165944
0.33556676671388863
0.25584352988364956
0.24828467749970443
0.3854101008241923
0.18905754553293652
0.509175183513666
0.11892015241439564
0.6464770721223008
0.06748606412746565
0.7799113018968895
0.023845019520373528
0.1088724941898996
0.4197316384561377
0.09920334710478446
0.38544224626485113
0.12434312952608378
0.3605045064893698
0.17268886495165944
0.3620631152253374
0.20943162387509695
0.37764920258501317
0.22296842979425816
0.39635250741662414
0.2287699180453272
0.4337591170798459
0.20363013562402787
0.4649312917991974
0.16882120611761345
0.4789587704229056
0.137879935445245
0.4586968568553272
0.3757409537390771
0.2576363299155099
0.43375583624976793
0.21711250278035288
0.5014398658455738
0.17814728438116353
0.5807268719435179
0.15944397954955258
0.6580800486244389
0.15320954460568229
0.6948228075478765
0.19685058921277443
0.6600138780414618
0.2576363299155099
0.5981313366967251
0.30127737452260195
0.518844330598781
0.3090704182024399
0.43375583624976793
0.2981601570506669
0.17075503553463642
0.43999355202371626
0.5285134776838962
0.27322241727518565
0.22296842979425816
0.6036474693003118
0.4197446188272093
0.7048368141591734
0.44992016945719426
0.6987330138900668
0.48066151166149135
0.6925046462685295
0.5136660201630374
0.6862762786469921
0.5432757792187101
0.6861517112945614
0.5572319713850782
0.6966153688987442
0.5263020319893437
0.7059579203310502
0.4953720925936091
0.7105669123709878
0.4638763616235623
0.7149267697060638
0.4327578250363903
0.7191620596887093