0.07519981702974694
0.4808728648658028
0.12333866133545802
0.5637571574713023
0.1700616572792364
0.6555674508189326
0.22811144011847623
0.7384517434244321
0.31730988692023504
0.7996586056561856
0.4065083337219938
0.8595903249247777
0.5013701739714832
0.9093209004880775
0.6004795593067708
0.9590514760513772
0.6967572479181929
0.9718029056829924
0.7675496660148268
0.894019184930139
0.841173780835326
0.8136851782509624
0.9048869571222967
0.7295257426823014
0.9487782563422097
0.635165163408348
0.9898378588382574
0.5331537263554255
0.9997487973717861
0.4158405737445647
0.9898378588382574
0.29597713520738067
0.9586891948757383
0.19779112704394272
-0.013998629772011814
0.35335856854964964
0.017150034190507125
0.32020485150744976
0.0709522719439489
0.30745342187583447
0.12333866133545802
0.29597713520738067
0.17572505072696715
0.289601420391573
0.3045672516628409
0.1965159840807812
0.4334094525987147
0.14423512259115842
0.5523407150010596
0.08685368924888949
0.6755195224892028
0.029472255906620563
0.8086092685108746
-0.007506890025063863
0.06528887849621821
0.4387931470814722
0.10351678426840052
0.3967134292971417
0.15307147693604428
0.37886142781288024
0.2097054114133514
0.37248571299707256
0.2521808622713318
0.3826868567023648
0.27341858770032196
0.42731686041301836
0.25501255899519715
0.4757722930131566
0.20828956305141877
0.4987248663500642
0.14740808348831355
0.4987248663500642
0.0978533908206698
0.47449715004999515
0.4659739649231663
0.2589979892756963
0.5424297764675309
0.20926741371239654
0.630212374907357
0.16846283889122748
0.7250742151568464
0.15061083740696607
0.8227677521302014
0.14806055148064298
0.8369262357495282
0.21054255667555805
0.7930349365296151
0.28705113446525
0.7094998831755871
0.3240302803969343
0.6103904978402995
0.32785570928641894
0.51552865759081
0.3176545655811267
0.238022378652005
0.4171157167077262
0.7066681864517217
0.21436798556504266
0.3385476123492252
0.6313397345188635
0.50494003388463
0.7370345959040097
0.5249723413109215
0.7310327298205834
0.5461678149748687
0.7275579652459682
0.5665878444803787
0.7196607730309337
0.5877833181443258
0.7176075030550247
0.5932114272533855
0.726610302180164
0.5718867128963655
0.7310327298205834
0.5530175717077296
0.7414570235444289
0.5322098201230011
0.7466691704063516
0.5104973836867625
0.7430364619874359