-0.12476438874427427
0.269471524005796
-0.15769194046862076
0.3533000614082866
-0.16543959969787875
0.44644288074438726
-0.15188119604667727
0.5411380804027563
-0.13251204797353228
0.634280899738857
-0.08989992221261328
0.719661817463616
-0.024044818763920305
0.7957284532547649
0.053431773528659667
0.8609284267900355
0.13865602505049768
0.904395075813549
0.24131250983816616
0.9338903019366476
0.3575273982770361
0.9416522035479893
0.4698684571012771
0.926128400325306
0.5686511122743165
0.8950807938799389
0.6635599378327269
0.8485093842118886
0.7545949337765085
0.7941760729324966
0.837882270491032
0.724318958430421
0.9076112035543539
0.6529094636060773
0.0669901771798612
0.18874774724784207
0.14252985466512663
0.18874774724784207
0.22194336176502114
0.19961440950372047
0.2916722948283431
0.2213477340154773
0.3517166538550926
0.2492905798163075
0.659686108218098
0.37969052688684846
0.7352257857033635
0.3874524284981902
0.7972070595374275
0.4200524152658255
0.857251418564177
0.45886192332253406
0.899863544325096
0.4976714313792427
0.0359995402628292
0.28965246819528445
0.10960230294078016
0.2663667633612593
0.21806953215039215
0.2818905665839428
0.28586155040639966
0.3238048352851881
0.2955461244429721
0.40297623172087366
0.2645554875259401
0.46507144461160743
0.19676346926993268
0.5162999952464629
0.10379155851883666
0.4976714313792427
0.03793645507014369
0.44333812009985063
0.022441136611627704
0.36882386463097006
0.597704834384034
0.49301429041243766
0.6577491934107835
0.44644288074438726
0.7545949337765085
0.46662382493387583
0.822386952032516
0.5194047558909995
0.8553145037568625
0.589261870393075
0.8185131224178869
0.6513570832838088
0.737162700510678
0.6901665913405175
0.6383800453376385
0.6824046897291758
0.5822095159255181
0.6311761390943204
0.5763987715035745
0.5566618836254399
0.17933123600410217
0.3843476678536535
0.7158566376302185
0.570633306525855
0.3882657167900501
0.5766714642816796
0.282432988563567
0.754456797803203
0.29570196816310085
0.7573882694815328
0.3095943226431497
0.7615760861648615
0.32019169561190486
0.7695329378631857
0.3255349088734621
0.7804212612398401
0.32660355152577353
0.7852372504256678
0.3099505368605868
0.7898438487773293
0.2993531638918316
0.781886997079005
0.2886667373687171
0.773092582044015
0.2789598999435548
0.7642981670090251