0.0842005659190827
0.5745781828041824
0.13654998143431765
0.6381077504954271
0.1814209090188047
0.7085427059791982
0.23937919048210052
0.767929040994927
0.31229444780689203
0.8162667555426131
0.3982970590104922
0.8646044700902992
0.48429967021409254
0.91156110707948
0.5703022814176928
0.9543745113931449
0.6600441365866669
0.9598988216271661
0.7273505279633975
0.9060367968454587
0.7815695654613195
0.8411261515957088
0.8301797370111805
0.7748344287874536
0.8750506645956675
0.7002562406281664
0.9199215921801547
0.6215348197933631
0.951705165885833
0.5345269336075282
0.9629228977819548
0.4461379698631878
0.9460962999377721
0.3674165490283847
0.01876379652503905
0.39503810019849106
0.07298283402296092
0.38537055728895386
0.1272018715208828
0.372940859262406
0.1814209090188047
0.3591300836773528
0.22816145858597878
0.34808146320931027
0.44503760857766633
0.26659788725749645
0.560954171504258
0.23621418097037944
0.6955669542577192
0.2224034053853263
0.8283101150284935
0.2154980175927997
0.951705165885833
0.22516556050233694
0.11411451764207407
0.5485873015224317
0.1589854452265612
0.5278711381448519
0.2057259947937352
0.5085360523257775
0.25246654436090926
0.4947252767407243
0.29546784996270936
0.4864388113896924
0.29546784996270936
0.4889513741768527
0.25246654436090926
0.4972378395278846
0.2057259947937352
0.5110486151129378
0.1589854452265612
0.5303837009320121
0.11411451764207407
0.551099864309592
0.5833896352965016
0.39943092520385737
0.6338694288290495
0.371809374033751
0.706784686153841
0.36490398624122444
0.7834391874440063
0.3704282964752457
0.8395278469246154
0.3883823047358148
0.8395278469246154
0.3908948675229751
0.7834391874440063
0.372940859262406
0.706784686153841
0.3674165490283847
0.6338694288290495
0.37432193682091125
0.5833896352965016
0.40194348799101765
0.20535207039719783
0.5144879974182757
0.7094021569296027
0.3802472587315588
0.39455781504511833
0.6477752934049642
0.5011262680582752
0.7541182654098738
0.5198224878851447
0.7472128776173471
0.5497364396081362
0.73754533470781
0.5833896352965016
0.7320210244737887
0.6189124529675537
0.7347831795907993
0.6170428309848668
0.7458318000588419
0.5964769891753102
0.759642575643895
0.5684326594350059
0.7720722736704428
0.5329098417639535
0.7762155063459588
0.508604755989023
0.7637858083194109