0.06941246684158599
0.6621824045307197
0.11217231929321242
0.7333510612612262
0.169185455895381
0.8004138339495879
0.23253338545334606
0.8565275825255642
0.3069672026839551
0.9016923069891548
0.39248690758720794
0.9359080073403597
0.49067619840205384
0.9591746835791791
0.5920328856947981
0.9769668477618056
0.6949732712264913
0.9906531279022878
0.7773255796518459
0.9591746835791791
0.8264202250592688
0.8934805389048656
0.8707637757498444
0.8182059981322145
0.9071888352456743
0.7374569453033707
0.9341117053078095
0.6526020084323824
0.9436138947415043
0.5595353034771048
0.9341117053078095
0.4664685985218272
0.9135236282014708
0.382982289664887
0.004480839044671748
0.47468036660611646
0.082082052753179
0.4295156421425258
0.16601805941748274
0.38708817370703164
0.2610399537544304
0.3597156134260676
0.3608129428082254
0.3432920772574892
0.6379601346243227
0.2721234205269828
0.6933895729875421
0.25159400031625984
0.7504027095897108
0.23927634818982604
0.8121669409087268
0.23790772017577783
0.8739311722277427
0.2433822322319706
0.15968326646168624
0.6313836031292631
0.20085942067436355
0.588956134693769
0.2499540660817865
0.5602149463987567
0.3101345991618534
0.5437914102301783
0.3703151322419202
0.5328423861177927
0.3703151322419202
0.5348999992242371
0.3101345991618534
0.5458490233366228
0.2499540660817865
0.5622725595052012
0.20085942067436355
0.5910137478002134
0.15968326646168624
0.6334412162357076
0.6870547800317456
0.43703842513441876
0.7266472360054739
0.4178776329377439
0.7662396919792019
0.40145409676916555
0.8169180356255742
0.3987168407410691
0.8612615863161497
0.4069286088253583
0.8612615863161497
0.4089862219318028
0.8169180356255742
0.4007744538475136
0.7662396919792019
0.40351170987561
0.7266472360054739
0.41993524604418836
0.6870547800317456
0.43909603824086324
0.25818929692432196
0.5724665026671741
0.7716242659916291
0.4134319274347734
0.6205394539958823
0.5704843275894904
0.5671487995724594
0.7538200072108633
0.6001042856850285
0.7389146932811245
0.6371227769347634
0.7243642677782841
0.6741412681844984
0.7091040654216466
0.7025823041446606
0.7151371686789219
0.6991964665303556
0.7460124618190952
0.6937791263474676
0.7807915276551527
0.6696268180320917
0.8059886059649494
0.6310282692290143
0.7956968415848916
0.5976213381012048
0.775823089678573