0.09933102783978529
0.5055125851171444
0.12310720019774014
0.5889889022396723
0.14688337255569509
0.6708901945108318
0.17714395555672866
0.7480664122278857
0.22253483005827898
0.8157924808367292
0.2960248173465032
0.8740684003373618
0.3716762748490871
0.9244691955811521
0.4538121429947496
0.9732949659735741
0.5662085941414456
0.9906202393386271
0.676443575073782
0.9701449162708374
0.7477720921476467
0.9213191458784155
0.8018088475066352
0.8520180524182036
0.849361192222545
0.7811419341066232
0.8774603050092191
0.7039657163895692
0.8839447156522976
0.615764324712936
0.8839447156522976
0.5291379578876712
0.8817832454379381
0.44093656621103794
0.11229984912594246
0.4503867153192487
0.15552925341313328
0.4314864171028272
0.20956600877212173
0.41888621829187966
0.2679257045598292
0.4110110940350374
0.31980098970445814
0.39841089522408973
0.5229791898542547
0.3700604478994577
0.5899847664994003
0.3779355721562999
0.6613132835732652
0.37321049760219455
0.7304803304327705
0.3700604478994577
0.7953244368635566
0.37163547275082615
0.1641751342705714
0.4960624360089337
0.19875865770032403
0.4692870135356701
0.2398265917731553
0.45511178987335393
0.29386334713214374
0.45196174017061713
0.3370927514193345
0.4661369638329331
0.33060834077625584
0.4929123863061968
0.3046706982039414
0.5244128833335658
0.26144129391675064
0.5417381566986188
0.20956600877212173
0.5401631318472503
0.16633660448493098
0.5244128833335658
0.5835003558563219
0.4283363674000904
0.6180838792860744
0.40313596977819516
0.6699591644307034
0.3968358703727213
0.7218344495753324
0.40313596977819516
0.7650638538625231
0.4204612431432481
0.7780326751486804
0.4472366656165117
0.7434491517189277
0.47558711294114386
0.6894123963599393
0.4881873117520914
0.6396985814296698
0.4787371626438807
0.59214623671376
0.4582618395760909
0.2679257045598292
0.4897623366034599
0.6786050452881416
0.4362114916569326
0.5164947792111761
0.6850654181731477
0.45165067278039
0.8142174559853607
0.48623419621014263
0.7953171577689393
0.5489168324265692
0.7921671080662024
0.6051150579999172
0.7811419341066232
0.6569903431445461
0.7811419341066232
0.6721206346450629
0.8252426299449398
0.6202453495004341
0.8346927790531506
0.564047123927086
0.8472929778640982
0.5035259579250189
0.853593077269572
0.455973613209109
0.8441429281613612