0.030578455921657238
0.33296142284456165
0.10041897347974064
0.4396415284884143
0.1359981050659341
0.556147433336306
0.19661440332389332
0.6515980541755427
0.2809501226393148
0.7330118190090092
0.3666035875690397
0.8045997846384366
0.45489254372737165
0.8818024926701721
0.5352750261998828
0.9561978295007536
0.6367414385012493
0.9463720302967145
0.7118529385165465
0.863554579862671
0.7922354209890576
0.7681039590234343
0.8502162280184099
0.6656349101813127
0.9081970350477623
0.5659732325403452
0.9622246052342041
0.45367838449418446
0.9885795175202733
0.3217319380399456
0.996485991206094
0.18557443478397578
0.9503648947054729
0.07468327233839213
-0.08406541252274387
0.215051832396093
-0.02213136865048121
0.2375108020053251
0.043755912064691836
0.2669881996174423
0.11886741207998912
0.2824287412237894
0.18475469279516213
0.26839188521801927
0.22560480683856943
0.20803340439320794
0.39822948231232286
0.16732652197647468
0.5497702279572209
0.05924273073204501
0.6934044999162982
-0.044630003710653614
0.8528517192470169
-0.12885113974527412
0.030578455921657238
0.30769508203417556
0.07142856996506453
0.2964655972295595
0.11359642962277527
0.3048877108330215
0.15181105243757564
0.31752088123821465
0.19134342086667946
0.32032825243936863
0.20715636823832098
0.33857616524686973
0.172894982266431
0.35963144925552487
0.13204486822302372
0.3680535628589869
0.09119475417961642
0.35682407805437083
0.05693336820772643
0.33296142284456165
0.48783618408495816
0.2038223475914769
0.5629476841002554
0.1687302075770517
0.627517219201125
0.12100489715743341
0.7052642104450292
0.08872012834416221
0.7843289473032368
0.08731644274358519
0.7816934560746299
0.11539015475512537
0.7250303946595812
0.17574863557993672
0.6512366402585873
0.20662971879263092
0.5734896490146831
0.2304923740024401
0.49442491215647544
0.24172185880705616
0.1597175261233964
0.33296142284456165
0.6630963507873185
0.14627123796781955
0.18739018402376906
0.5800100885461151
0.3998510265059332
0.6842337443889576
0.42221646201704277
0.6861287199497371
0.4504142134009383
0.6828619607338489
0.47825727608818114
0.6800035464199465
0.5068097161687295
0.6785743392629954
0.5105339474835836
0.6936831006364789
0.4819815074030353
0.6951123077934299
0.4537837560191397
0.6979707221073322
0.4252313159385913
0.7038917231861298
0.40119267505414147
0.6984779630402674