-0.019148590629118563
0.4101126885527815
0.022307956190348074
0.5012841103531659
0.06196204445244659
0.5950237412183499
0.10522104982928135
0.6720700131623366
0.16109726510769287
0.7504003896387232
0.23499806595978556
0.8171738253235118
0.3161087010413507
0.8813790519435007
0.4008242532376521
0.9404478604338907
0.49815701533553025
0.9853915190678829
0.604502070220249
0.9571412193550878
0.6874151638591822
0.8942200972674986
0.7721307160554836
0.8287307661151099
0.8442290583502082
0.7606732258979214
0.9181298592023008
0.6900474766159336
0.9704011573659762
0.6014442638803488
1.0154626213001792
0.5051364239503652
1.046104416775437
0.4152491066823806
-0.03897563476016782
0.3009638032988002
0.0871964642556002
0.3035320123635997
0.20796118759926382
0.3189412667523971
0.3251209938281913
0.3356346256735942
0.42245375592606943
0.36003261178919005
0.5936873188760404
0.3459074619327925
0.7090446665475997
0.3356346256735942
0.8189946385470546
0.3202253712847969
0.9325495276612458
0.3035320123635997
1.0370921239885964
0.2932591761044015
0.045739917436133565
0.4113967930851813
0.1286530110750668
0.39598753869638387
0.21336856327136816
0.39727164322878367
0.29988657402503766
0.40882858402038175
0.3791947505492347
0.4293742565387782
0.38099720910660284
0.4666132879783718
0.29628165691030145
0.47688612423757004
0.21336856327136816
0.4845907514319687
0.1268505525176987
0.47303381064037076
0.06015958589507847
0.4396470927979764
0.6874151638591822
0.4165332112147804
0.7667233403833793
0.40754447948798195
0.8460315169075763
0.3921352250991846
0.9289446105465097
0.38956701603438504
1.0028454113986023
0.4024080613583828
0.9956355771691299
0.4396470927979764
0.9253396934317734
0.4678973925107716
0.8460315169075763
0.4807384378347694
0.7631184232686431
0.4717497061079709
0.6928225395312867
0.45634045171917353
0.27645461277925215
0.43707888373317694
0.8640561024812575
0.4203855248119797
0.5504283134992055
0.6425356089171417
0.43146604871291
0.7834372250663907
0.47652751264711285
0.7795849114691913
0.5233914351386838
0.7795849114691913
0.572057816187623
0.7808690160015911
0.6081069873349851
0.7860054341311901
0.6081069873349851
0.7876394210783167
0.572057816187623
0.7825030029487178
0.5233914351386838
0.781218898416318
0.47652751264711285
0.781218898416318
0.43146604871291
0.7850712120135174