0.040251281283072156
0.2283831321476048
0.01976321437077444
0.3404403191396996
0.005128880861990366
0.4512794932297063
0.015372914318139225
0.5645546931238891
0.05742029163129456
0.6537602971461286
0.11630014956365224
0.7358100753686011
0.18659461637091293
0.8154653509540142
0.2621125726107999
0.8869544036731558
0.3382556349631159
0.9522703455476241
0.4369025173628775
0.9760215971383399
0.5289215623514051
0.9281702993531284
0.6230985078924275
0.870287004392538
0.7065887078401425
0.8117227294912347
0.7927505941861842
0.7395388557756749
0.8511937341495847
0.663269102415838
0.9051403916522113
0.573080783438505
0.9607508589855908
0.480511802879818
0.20122894987969703
0.12485203547012595
0.30659615114294236
0.15408434512023764
0.4148902191079446
0.2003688353995811
0.5290380204764603
0.23569120956013273
0.6300149216870705
0.2831937127415642
0.7631873566170057
0.34896640945431545
0.8407493242135613
0.35871051267101933
0.9197747251609953
0.3672366029856352
1.0002635594593077
0.3769807062023391
1.0705083603014713
0.387942822321131
0.1558625160024664
0.23812723536430866
0.25098568380956293
0.22594710634342882
0.34757228496753784
0.24056326116848464
0.43391485266936386
0.28197569983947623
0.5114768202659195
0.33191422882508365
0.48074471989747297
0.38185275781069106
0.3826946853886196
0.3940328868315709
0.28464465087976626
0.38916083522321904
0.20122894987969703
0.34774839655222745
0.14269161584456072
0.28197569983947623
0.6958694224765989
0.40986705455871475
0.7573336232134921
0.39890493843992286
0.8202612573012636
0.4049950029503628
0.8802620246872783
0.42935526099212257
0.9212381585118737
0.46711366095685014
0.8919694914943056
0.49756398350904985
0.8348955908100477
0.5219242415508095
0.7690410900205193
0.5207062286487215
0.7207477894415318
0.4866018673902579
0.6841619556695717
0.4439714158171784
0.2919618176341583
0.30755397078332386
0.7558701898626136
0.44518942871926637
0.6987962891783558
0.6449435446616961
0.4539910345952528
0.7402004582384001
0.4804869706648137
0.7375872669211931
0.5060015757688354
0.7423236761836308
0.5293899637808552
0.7519598191658314
0.5560494550113395
0.7532664148244349
0.5486894727697949
0.7601260420321031
0.5230113125048499
0.7648624512945408
0.49782381772267464
0.7593094197454759
0.47198210229680654
0.7519598191658314
0.44744882815832415
0.7460801387021158