-0.06479714657683708
0.3396278143290915
-0.0536099575710777
0.44168282972101863
-0.034964642561478736
0.542412455302661
-0.014454796050919884
0.6404913012637339
0.03402302297403742
0.72001468988082
0.1048752200105135
0.7942365192567669
0.17945648004890935
0.8631567893915749
0.2633603975921046
0.9294262799058133
0.35472244113913953
0.9864180417480582
0.4684588626976932
0.9744895334554955
0.5486337172389688
0.9055692633206874
0.6250795087783245
0.83399821356531
0.70711889482056
0.7677287230510715
0.7910228123637553
0.7041100121574027
0.8674686039031111
0.6259120133506014
0.9345917379376674
0.5397616756820914
0.9774759624597449
0.45096055839301197
-0.046151831567238115
0.2123903925417538
0.1403013185287515
0.22696968045488622
0.30810915361514213
0.27733449324570736
0.4796460517034526
0.3223977467953895
0.636266697784084
0.3661356105347869
0.7667839028512766
0.40324652522276033
0.8432296943906324
0.38734184749934314
0.9215400174309479
0.3740879493964955
0.9961212774693439
0.3568578818627935
1.06510894300486
0.3383024245188067
0.11233334601435305
0.34227859394966104
0.20183085806042805
0.33697703470852197
0.2894638386055432
0.34360398375994583
0.37150322464777863
0.3714371697759259
0.453542610690014
0.39264340674048226
0.45167807918905417
0.41915120294617764
0.3621805671429792
0.42445276218731665
0.27081852359594427
0.4218019825667471
0.1869146060527489
0.3979449659816213
0.10860428301243327
0.3740879493964955
0.759325776847437
0.43373049085931
0.8003454698685548
0.42710354180788623
0.8432296943906324
0.4218019825667471
0.8879784504136697
0.4204765927564624
0.9271336119338277
0.4310797112387405
0.9066237654232688
0.44963516858272723
0.8730621984059906
0.46288906668557495
0.830177973883913
0.4695160157369988
0.7854292178608756
0.4668652361164292
0.7500031193426374
0.4536113380135816
0.2633603975921046
0.3754133392067802
0.7984809383675949
0.4443336093415882
0.7518676508435975
0.6590467586077207
0.42689475702650004
0.7661382552787297
0.46636958368988857
0.7653430213925588
0.5038456849525991
0.7629573197340461
0.5428208302658182
0.7629573197340461
0.5525646165941229
0.7725001263680966
0.5560623860453092
0.7624271638099323
0.5403224235149708
0.7748858280266091
0.502096800227006
0.7730302822922105
0.4628718142387022
0.7722350484060395
0.42439635027565265
0.7727652043301535