0.0898512082108879
0.49150075289134304
0.12986915806576899
0.5804160167426125
0.15654779130235638
0.6732540128226144
0.21490730150739126
0.7451707703493764
0.28493871375343316
0.8092420634186736
0.36163978430862187
0.8706982016688155
0.4383408548638106
0.9295391850998028
0.5267138274600063
0.9779195492541698
0.6317609458290692
0.9569983107009301
0.7201339184252649
0.898157327269943
0.7868305015167334
0.8327784567910683
0.8551944991854885
0.7608616992643064
0.9135540093905234
0.6863297869183893
0.9669112758636982
0.6052599875245848
0.9969247382548592
0.5111144140350055
0.9952573236775722
0.4065082212688061
0.9635764467091249
0.31497780259838176
0.00981530850112574
0.3803566730772563
0.0464984292014334
0.3607430119335939
0.09485345194274805
0.345052083018664
0.15488037672506963
0.33851419597077653
0.20657022862095775
0.3280535766941566
0.36163978430862187
0.2535216643482396
0.47502397556411824
0.23260042579499976
0.5717340210467475
0.19860341314598495
0.6784485539930972
0.17114428754485764
0.7901653306713068
0.15545335862992776
0.08484896447902777
0.4614264724710608
0.11152759771561516
0.41696884054542604
0.1615500350342165
0.3973551794017636
0.22657920354839828
0.3960476019921862
0.2715993971351395
0.419583995364581
0.29661061579444015
0.4588113176519058
0.27493422628971287
0.5032689495775405
0.2199095452392514
0.5268053429499353
0.15654779130235638
0.5228826107212028
0.10319052482918159
0.501961372167963
0.48002621929597844
0.3280535766941566
0.5350509003464399
0.27967321253978944
0.621756458365349
0.25482924175781707
0.7101294309615447
0.24436862248119715
0.8018372327123138
0.26398228362485954
0.8168439639078942
0.3215156896462692
0.7734911848984397
0.3842794053059888
0.6951226997659642
0.41696884054542604
0.6000800688606217
0.41043095349753855
0.5117070962644259
0.3868945601251438
0.20490281404367097
0.4522734306040183
0.6400980187155028
0.3319763089228891
0.29160837206258
0.6248736486682472
0.4144278299433437
0.7312891636639784
0.4469136656732399
0.7227747061132413
0.48243151273792656
0.716122786151728
0.5192487932318091
0.7105351733840566
0.5556329292492929
0.7070761750040697
0.5584483683458838
0.7198478613301753
0.5294276884271765
0.7363446228347287
0.4978081416500774
0.7507127699515976
0.46055771667979645
0.7531074611377424
0.4269890197589035
0.7432626195947026