0.11439609169244573
0.5316934819943858
0.12496058258616569
0.6179701576264325
0.14961106133817903
0.7007253362939059
0.19010827643077235
0.7799590179968058
0.24645222786394572
0.8398244663945525
0.3133606701908391
0.8820824299694325
0.3873121064468791
0.9208188965797391
0.46654578814977915
0.9560338662254726
0.5493009668172524
0.9859665904243459
0.6320561454847258
0.9718806025660525
0.6936823423647591
0.9208188965797391
0.7500262937979325
0.8679964421111391
0.8081309937133926
0.8063702452311059
0.8556712027351325
0.7377010544219258
0.8768001845225725
0.6549458757544525
0.8820824299694325
0.5633869546755458
0.8768001845225725
0.47182803359663916
0.14608956437360568
0.3292074065314191
0.2147587551827857
0.3045569277794058
0.2851886944742524
0.2887101914388257
0.36266162769486576
0.2834279459919658
0.42604857305718574
0.3010354308148324
0.7359403059396391
0.2534952217930924
0.7517870422802192
0.24645222786394572
0.7958057543373859
0.24293073089937237
0.8398244663945525
0.25173447331080573
0.8662356936288524
0.27814570054510573
0.17176414142368404
0.4556771679727549
0.23344185230261397
0.3968881771698608
0.30903658512345633
0.3585258696120401
0.39158982891525496
0.3645044110496225
0.4311268230684152
0.4347522729412164
0.42416831209745903
0.523932182718488
0.3979157479797606
0.6011550096205948
0.32105583134601706
0.6305495050220417
0.24514480257194943
0.5891979267454297
0.1970678176817066
0.5244303945049533
0.6861444607729067
0.4390821862854049
0.702947382538483
0.37201835062912963
0.7657205619645987
0.3344826217170352
0.8313470677282652
0.36451120484671073
0.8659040200386016
0.42506884749155643
0.8617825486621395
0.48712791929288574
0.8380048291825503
0.550688420250699
0.7799871936523524
0.594730342174223
0.7134095791095023
0.5757122395254285
0.685193351993723
0.5146541204950883
0.33431977272629904
0.5117696436062862
0.7562158943083092
0.4773660972111866
0.5576344933452226
0.591018217508435
0.5296123164389622
0.8071005556811454
0.5391887688338449
0.7671835872474874
0.5823698632689525
0.7584298660997554
0.6285109520806602
0.7563289730242997
0.6499273819819433
0.7832904341593143
0.6386097564243547
0.8309106772029764
0.6198050862671305
0.8690769014070879
0.5898569078685881
0.9030413394602881
0.5592122602049634
0.8788810690925477
0.5391887688338449
0.8386139518129806