-0.002384971789748423
0.17253005377142375
0.01873349892201671
0.30218141065051096
0.049790073498141935
0.43049615560300963
0.09699606685385222
0.5507912289959772
0.15538242705696761
0.6497005115635283
0.21873783919226306
0.7419267344981366
0.2907890922088735
0.8274698977998024
0.3727784490898441
0.9049933895419371
0.45352554298776965
0.9718239858713634
0.5529065816313703
0.9464283592661814
0.6311691495632058
0.8689048675240468
0.7019781395967712
0.7780152565160269
0.7740293926133818
0.6911354812877726
0.8423538566808573
0.59356281064681
0.9019824798670176
0.4839606326665507
0.9640956290192679
0.36099233542040615
0.9951522035953932
0.24604370973379275
-0.03841059829805366
0.052234980378456204
0.09451154088776222
0.06426448771775295
0.21749557620921803
0.10168962166223174
0.3392373485476289
0.14579781523965316
0.45601006895385965
0.18054972533095487
0.6224733086818908
0.19658906845001722
0.7218543473254914
0.17520327762460078
0.817508597019957
0.14579781523965316
0.9032247428500626
0.10302623358882027
1.0063325704427983
0.089660114322935
0.06593949227772701
0.18188633725754344
0.1379907452943375
0.16852021799165814
0.213768787260083
0.18054972533095487
0.28830456624278356
0.1992622923031943
0.360355819259394
0.2246579189083763
0.364082608208529
0.259409828999678
0.2907890922088735
0.27277594826556334
0.212526524277038
0.279459007898506
0.13923300827738253
0.2580732170730895
0.0746353331590421
0.21931147120202218
0.663467987122376
0.23668742624767306
0.7206120843424464
0.2179748592754337
0.7802407075286067
0.2046087400095484
0.8386270677317221
0.19658906845001722
0.8970134279348375
0.211291799642491
0.8821062721382975
0.24470709780720423
0.8336580157995421
0.2861420675314486
0.7765139185794718
0.3035180225770995
0.7144007694272213
0.29282512716439124
0.6597411981732411
0.27277594826556334
0.22743368007357811
0.2046087400095484
0.7628490257659767
0.22866775468814188
0.5678137374279104
0.5414349455098575
0.39389691980160924
0.6890257767485928
0.43613386122513953
0.699718672161301
0.48333985458084977
0.7064017317942437
0.5305458479365601
0.7104115675740093
0.5777518412922704
0.7090749556474207
0.5777518412922704
0.7111846601866005
0.5305458479365601
0.712521272113189
0.48333985458084977
0.7085114363334235
0.43613386122513953
0.7018283767004808
0.39389691980160924
0.6911354812877726