0.11336102808279142
0.43249606684502534
0.16491050909830432
0.5220807554614154
0.2075721485594184
0.6230212496770663
0.27867488099460863
0.7050354012272826
0.36044302329507727
0.7719084786451512
0.44754387052818523
0.8425668245961068
0.5239793078960148
0.9132251705470623
0.6093025868182429
0.9813600041426267
0.7301772319580663
0.9687424423656703
0.8297210573673326
0.910701658191671
0.9239321778439595
0.8425668245961068
1.0092554567661878
0.7693849662897599
1.0803581892013778
0.6848473023841524
1.1141319871080932
0.5801215396354147
1.1123544187972134
0.46403997128741625
1.0768030525796184
0.3694082579602436
1.0234760032532257
0.28739410641002733
0.07780966186519632
0.35048191529480904
0.11691616470455092
0.35679069618328724
0.15780023585478528
0.36688474560485235
0.1951291703832601
0.3795023073818087
0.23068053660085525
0.39085811298106937
0.3071159739686847
0.3378643535178527
0.4528765754608245
0.3037969367200706
0.5968596086420846
0.2697295199222884
0.7319548002689459
0.22935332223602808
0.8510518770978894
0.1826683436612896
0.09571610861985169
0.4040405307212965
0.1327355010803975
0.4025807081668695
0.17185528460253452
0.40871196289546263
0.21150016589006937
0.41046374996077495
0.24746936281981954
0.42214233039619037
0.260071709189367
0.4361566269186889
0.2243650611423158
0.44287181066905273
0.18629547315097436
0.4481271718649897
0.14980117845582638
0.43674055594045963
0.11540727482226966
0.42477001099415884
0.6017665271652363
0.34177501904132673
0.6789379460577055
0.32055593683254663
0.7543393782783291
0.29412515022160995
0.8350507705144897
0.27253380341267575
0.9143461734131737
0.2710447450120596
0.9157621627506501
0.29933685462376647
0.8481486718861472
0.33246840403747585
0.776995207677953
0.3626218366499529
0.694513828769947
0.3663444826514932
0.6120324498619408
0.363738630450415
0.232458104911735
0.419878505068069
0.78023416854703
0.31299601955047945
0.232458104911735
0.6318535429209357
0.43865602897378647
0.7454115989135429
0.4973157832328184
0.7428880865581516
0.5541979691809705
0.7454115989135429
0.6093025868182429
0.751720379802021
0.6501866579684773
0.7542438921574123
0.6501866579684773
0.7542438921574123
0.6093025868182429
0.751720379802021
0.5541979691809705
0.7454115989135429
0.4973157832328184
0.7428880865581516
0.43865602897378647
0.7454115989135429