0.11329367327571704
0.39651482886168077
0.13542485152624104
0.5076092197570053
0.17458001304639886
0.6065288828829792
0.25289033608671446
0.6932738182396025
0.3294982608000667
0.7800187535962259
0.39929659220556557
0.8621981660393426
0.4656901269571374
0.9413338965401218
0.5559172382861968
0.9915546485886932
0.6665731295388166
0.9535086243094724
0.7397762575982422
0.8850257806068751
0.8095745890037409
0.7998026862214206
0.867456132120496
0.7054485460089531
0.9185280819293976
0.6080507238541482
0.9644928367574088
0.5091310607281742
0.983219218354006
0.3934711469193431
0.9678976334113356
0.2778112331105121
0.9321472685451045
0.1758478880422005
0.052007333505035225
0.2762893921393432
0.07243611342859585
0.2686801872834991
0.09626969000608322
0.2641146643699926
0.1201032665835706
0.2625928233988238
0.14223444483409453
0.26715834631233026
0.26650952270242156
0.19867550260973293
0.3737606173011148
0.1408455457053174
0.49122610186158816
0.11193056725310963
0.5984771964602814
0.06931902006038239
0.7295618676364619
0.06931902006038239
0.13542485152624104
0.3919493059481743
0.14734163981498472
0.3782527372076548
0.16266322475765516
0.36455616846713534
0.17458001304639886
0.3554251226401223
0.18649680133514254
0.35238144069778465
0.18649680133514254
0.35238144069778465
0.17458001304639886
0.3554251226401223
0.16266322475765516
0.36455616846713534
0.14734163981498472
0.3782527372076548
0.13542485152624104
0.3919493059481743
0.39248699889771194
0.25802730048531725
0.44015415205268665
0.21845943523492772
0.5133572801121122
0.21237207135025238
0.588262806498501
0.21237207135025238
0.6580611379039998
0.21085023037908357
0.6580611379039998
0.21085023037908357
0.588262806498501
0.21237207135025238
0.5133572801121122
0.21237207135025238
0.44015415205268665
0.21845943523492772
0.39248699889771194
0.25802730048531725
0.1613013060960845
0.36851295499217435
0.5184644750930024
0.22241622175996664
0.16777041973854528
0.5471770850073949
0.36014143068540766
0.6658806807585635
0.3873798039168218
0.6491404300757065
0.4350469570717965
0.6400093842486935
0.47930931357284456
0.6278346564793429
0.5235716700738926
0.6202254516234987
0.5286788650547827
0.635443861335187
0.49463089851551495
0.6628369988162259
0.4605829319762473
0.6947956592107715
0.4163205754751993
0.6993611821242779
0.37886781228200495
0.6780554085279142