0.03492021167314656
0.4403322437676632
0.026694265061040112
0.5327752752390253
0.04108967163222634
0.6218567419296106
0.08427589134578499
0.6958111671067004
0.15213995089566296
0.7546385507702945
0.21794752379251428
0.8134659344338886
0.28786806999541875
0.8689317533167059
0.3598451028513499
0.922716789809135
0.44416105562544067
0.9613747847880683
0.5387594416646645
0.9428861784937956
0.6107364745205955
0.8941434891725321
0.6786005340704735
0.8420392350704915
0.7505775669264044
0.7848926337972858
0.8225545997823357
0.7294268149144685
0.8801362260670806
0.6638763016893208
0.9027575792503731
0.5798371821699007
0.9356613656987989
0.5008404098216457
0.026694265061040112
0.2588077456057156
0.1809307640380354
0.2504038336537736
0.32488482974989763
0.3008273053654257
0.47500835542083975
0.34452764751552417
0.618962421132702
0.3209966940500865
0.7731989201096973
0.347889212296301
0.8266675730883889
0.347889212296301
0.8780797394140539
0.3109119997077561
0.9438873123109053
0.28401948146154166
1.0158643451668363
0.26721165755765763
0.15830941085474273
0.38486642488484585
0.23645590366975372
0.35629312424824305
0.33722374966805724
0.34452764751552417
0.431822135707281
0.3613354714194082
0.5140816018283452
0.3983126840079531
0.4832343020329461
0.46722476201387764
0.4235961890951746
0.5277329280678602
0.33311077636200404
0.5479023167525209
0.2426253636288335
0.514286668944753
0.19121319730316844
0.45041693810999356
0.7402951336612716
0.43360911420610954
0.7773118934157504
0.3932703368367879
0.8246110864353622
0.3663778185905734
0.8883621726791869
0.3613354714194082
0.9233224457806393
0.3983126840079531
0.9068705525564265
0.45041693810999356
0.8719102794549741
0.4974788450408689
0.8204981131293091
0.5361368400198022
0.7526340535794311
0.5277329280678602
0.7258997270900853
0.48739415069853836
0.3783534827285893
0.49411728026009205
0.8102156798641761
0.48403258591776166
0.6744875607644202
0.5831987469506774
0.3639580761574031
0.781531069016509
0.41125726917701494
0.7042150790586424
0.5079121418692654
0.6756417784220397
0.6169059344796752
0.7008535142778657
0.6847699940295532
0.6890880375451468
0.633357827703888
0.7865734161876742
0.5757762014191433
0.8739741004878712
0.4996861952571589
0.931120701761077
0.39480537595280213
0.914312877857193
0.34750618293319024
0.8369968878993264