0.08488287833581651
0.3968358703727213
0.09042410197626546
0.5023625354144076
0.10889484744442884
0.6047391507533568
0.13660096564667382
0.7023906915382008
0.18831905295753112
0.7842919838093602
0.2677432584706334
0.8457179530127297
0.3286967185155724
0.9244691955811521
0.4062738494818584
0.9843201399331535
0.52633369502492
0.9732949659735741
0.6408523169275326
0.9559696926085212
0.7239706715342675
0.9008438228106256
0.7683004606578596
0.8189425305394661
0.8384892934368802
0.7370412382683067
0.8772778589200232
0.6425397471861996
0.8809720080136559
0.5370130821445134
0.8735837098263906
0.42991139225145875
0.8551129643582273
0.3322598514666148
0.09227117652308181
0.3070594538447197
0.1125889965380615
0.28815915562829825
0.1384480401934901
0.2787090065200875
0.1716953820361841
0.2739839319659822
0.20494272387887816
0.27555895681735065
0.48939220408859335
0.22043308701945485
0.542957365946267
0.20625786335713883
0.6057579005380224
0.20783288820850723
0.6556289133020634
0.22673318642492868
0.6962645533320226
0.2519335840468239
0.1199772947253268
0.37636054730493146
0.1384480401934901
0.3527351745344047
0.17354245658300047
0.3385599508720887
0.2141780966129598
0.34171000057482553
0.23634299117475577
0.3590352739398785
0.24003714026838843
0.38738572126451065
0.2289546929874904
0.423611292845985
0.1920132020511638
0.43778651650830097
0.15137756202120448
0.42991139225145875
0.1236714438189595
0.4094360691836689
0.5234767617554132
0.30633374289085247
0.5443532179346865
0.2744006355607648
0.5933325958937505
0.2665896596670743
0.6415090332305351
0.27715745058206737
0.6780428315442633
0.29921197075248757
0.6924957627452986
0.3336721585187692
0.6613818136319586
0.36353765458287984
0.6176215497177128
0.3789298717851523
0.5690436420697885
0.3734162417425473
0.5377289578008787
0.3424020727528938
0.19016612750434747
0.3968358703727213
0.592828378710308
0.3401349757234571
0.34347331489010313
0.6283645235238835
0.39334432765414407
0.7653916855929387
0.42659166949683813
0.7496414370792542
0.465380234979981
0.7433413376737804
0.5060158750099403
0.7496414370792542
0.542957365946267
0.7606666110388334
0.5558868877739813
0.7779918844038863
0.5170983222908383
0.7811419341066232
0.47461560771406275
0.7858670086607287
0.4339799676841034
0.790592083214834
0.398885551294593
0.7764168595525179