0.0786273790117476
0.2590572497353939
0.06452988754433583
0.3639950662667395
0.05924332824405641
0.47307516502958563
0.061005514677482886
0.5835360245362652
0.0944870569125858
0.6788085158607764
0.14206609061510048
0.7657964427222865
0.1984560564847475
0.8486420873522962
0.2636569545215269
0.9273454497508055
0.34824190332599736
0.9880989224794792
0.46454620793214435
0.9618644683466429
0.5614664617706002
0.9066340385933029
0.654862342742203
0.8486420873522962
0.7447338508469529
0.7823655716482885
0.8152213081840117
0.7119467737127803
0.8680869011868059
0.6235780861074365
0.9262390534898792
0.5393516807335934
0.9843912057929528
0.45512527535975017
0.03633490460951233
0.13755030427804635
0.16673670068307106
0.13893106502187985
0.25837039522124744
0.19554225551905313
0.3729125133939679
0.23972659932172494
0.4927411908669679
0.2687225749422284
0.6795329528101737
0.31981072246406766
0.7694044609149235
0.3253337654394016
0.8768978333539382
0.3267145261832351
0.9738180871923939
0.3377606121339031
1.0531164766965853
0.3667565877544065
0.113871107680277
0.24524964229705895
0.1878829378841887
0.24110736006555844
0.25837039522124744
0.25215344601622647
0.3288578525583062
0.2714840964298954
0.3905343777282327
0.29909931130656525
0.37819907269424735
0.33085680841473564
0.3059494289237621
0.33361832990240264
0.23193759871985045
0.33085680841473564
0.1632123278162181
0.31014539725723317
0.10506017551314462
0.27838790014906284
0.6777707663767472
0.3667565877544065
0.7412094779801002
0.370898869985907
0.8081725624503059
0.376421912961241
0.8716112740536588
0.3916102811434094
0.9227146806230263
0.4233677782515798
0.9086171891556146
0.44684071089674915
0.8451784775522617
0.45374451461591664
0.7799775795154824
0.4482214716405827
0.7218254272124089
0.4233677782515798
0.6707220206430413
0.3943718026310764
0.24251071732040924
0.2866724646120638
0.7799775795154824
0.40265636709407737
0.572039580371159
0.6042474356937676
0.3657351483056386
0.7177684463373617
0.399837506795736
0.7200483071004355
0.43393986528583345
0.7268878893896572
0.4669130066073846
0.7348674020604159
0.49807940045926175
0.7469506641047078
0.4958209661221692
0.7535622603176221
0.4632995116680365
0.7455827476468634
0.4298746834790669
0.7380592071287195
0.3966756987238064
0.7307636526868829
0.36460593113709233
0.7218721957108948