0.03592291027841355
0.4294009768350153
0.05509656094776827
0.5200786224632998
0.08225923272935412
0.614642452904225
0.11421531717827868
0.7040247035949627
0.17173626918634283
0.7752714251600433
0.24683306764131546
0.8361549872247488
0.32512547454118057
0.8944477594143602
0.40661348988593815
0.948854346791331
0.4944927221204807
0.9916023797303792
0.5935565839121467
0.9592175062917063
0.6670555781446731
0.9009247341020947
0.7405545723771996
0.8413365669749364
0.8204447834995109
0.7739760302224965
0.8715745186177901
0.6975477289072282
0.905128407289161
0.6094608731540374
0.9370844917380855
0.5213740174008468
0.9562581424074401
0.43069637177256226
0.010358042719273928
0.30504306283051086
0.12060653406806357
0.3063384577680578
0.2244638085270683
0.32836017170635545
0.32991888720851925
0.35426807045729386
0.4273849447777391
0.3762897843955916
0.5823719543550231
0.35685886033238773
0.6846314245915817
0.34390491095691855
0.7900865032730325
0.32836017170635545
0.8971393861769297
0.3128154324557924
0.9946054437461496
0.3076338527056047
0.08090936364487372
0.3941662345337391
0.1405790868486414
0.3717167390114143
0.2217089736607817
0.368113733557214
0.2962961276654914
0.38751453215675397
0.3674810606103371
0.4149528044618176
0.3716684096070927
0.4737095087918528
0.3012686045991387
0.49699046711130074
0.22484948540834845
0.5114024889281019
0.14869207552985544
0.49920770123696245
0.08876064301379051
0.4601289497721749
0.6365834314103882
0.4045324065804808
0.7080383381721299
0.37640275488433106
0.7867109122835426
0.3662354108977709
0.8651428974832996
0.3696245255599576
0.9279366034254363
0.4045324065804808
0.9236060030156338
0.4604527985065615
0.8653834863949552
0.5031556432501141
0.7845456120786414
0.5170510133650796
0.708760104907097
0.5024778203176767
0.6438010987600591
0.4635030017025295
0.23139221821577913
0.4296419805443264
0.7855079677252641
0.4272394748171317
0.5136663727898353
0.5978023187161151
0.4289496909817899
0.7698970424424069
0.4705587168021827
0.7698970424424069
0.5111098860339214
0.7696620638258287
0.5528952212857565
0.7708369569087201
0.5932700810860528
0.7694270852092504
0.5895675830257636
0.7791786977972489
0.5513084364027754
0.7905751607012955
0.5105809577395943
0.7939823506416804
0.4686193130563168
0.7891652890018258
0.4303601664333286
0.780001122955273