0.11791411729706308
0.5248693082883551
0.14448748601325037
0.6060218058205795
0.18434753908753132
0.6858653921022843
0.2457984542437145
0.7552376883798311
0.3288402314817998
0.8115208721521803
0.41022117317512335
0.8678040559245296
0.49326295041320867
0.9214694171958392
0.5680005499274855
0.9777526009681883
0.672633189247473
0.9725169559661093
0.7606574731198434
0.9136159496927206
0.8320734015445967
0.8520971209182925
0.8968459877903032
0.7827248246407458
0.9599577384912481
0.7094257946116398
1.0164261470131462
0.6295822083299352
1.0496428579083803
0.5366495095430329
1.062929542266474
0.4358633432530122
1.0429995157293335
0.33769499946403103
-0.029900246186728773
0.3769623369796235
0.03321150451421607
0.379580159480663
0.09964492630468431
0.3965960057374197
0.16275667700562915
0.41492076324469623
0.2225467566170506
0.4397900770045714
0.3687002845560807
0.34162173321559025
0.49492378595797043
0.2997365731989583
0.6277906295389069
0.2735583481885633
0.7457099532169881
0.2395266556750498
0.8669509479845926
0.20811278566257582
0.12716776039666572
0.5257736469705323
0.15496173147927825
0.5046168814848585
0.19247387426909796
0.5089481878047603
0.2280423827174762
0.522108695469077
0.260306712785404
0.535602380542617
0.260306712785404
0.535602380542617
0.2280423827174762
0.522108695469077
0.19247387426909796
0.5089481878047603
0.15496173147927825
0.5046168814848585
0.12716776039666572
0.5257736469705323
0.47499375942082994
0.42015640824677525
0.5680005499274855
0.3808890707311827
0.6626681759789027
0.3507841119692285
0.7589966375750816
0.3259147982093532
0.8387167437236436
0.34293064446611
0.858646770260784
0.36256431322390625
0.8005175261941243
0.4240831419983344
0.7075107356874688
0.45942374576236766
0.5995564252779578
0.458114834511848
0.4999062925922555
0.44502572200665047
0.19259049232958445
0.519409958454369
0.7340841044036561
0.3965960057374197
0.2507809608779996
0.6937188596054028
0.4467595551598809
0.7774891796386667
0.48495877268940013
0.7801070021397063
0.5264796613084429
0.7774891796386667
0.5696613854722472
0.7709446233860681
0.6061997674570048
0.7591644221313902
0.6061997674570048
0.7735624458871075
0.5812872342855792
0.797122848396463
0.5430880167560599
0.8115208721521803
0.4999062925922555
0.807594138400621
0.4666895816970214
0.791887203394384