0.06224564753604386
0.44436699142124486
0.09543331485924213
0.5313827286147519
0.117005298619321
0.6255309032831367
0.14189604911171974
0.7196790779515213
0.1866993999980374
0.8009888651651264
0.26303103484139345
0.865180802439025
0.35595650334634865
0.9222403022380461
0.44390382175282406
0.9764468270471159
0.5567418906516982
0.9792998020370671
0.6513267425228133
0.940784639672728
0.7077457769722503
0.8708867524189272
0.7890555619140861
0.810974277629955
0.8720247302220818
0.7510618028409829
0.9168280811083995
0.6711785031223535
0.9251249979391992
0.5713243784740667
0.928443764671519
0.4714702538257799
0.9201468478407193
0.38873397911719937
0.030717363579005494
0.35877774172271326
0.07220194773300335
0.34593935426793354
0.117005298619321
0.32596852933827625
0.16180864950563867
0.3074241919035944
0.20329323365963653
0.29601229194379014
0.4306287548235448
0.22040845471008727
0.5169166898638603
0.1990111422854544
0.6081827750026555
0.19330519230555226
0.6977894767752909
0.2104230422452586
0.7741211116186468
0.24037927963974462
0.09543331485924213
0.4471489647711745
0.1269615988162805
0.42717813984151715
0.15848988277331888
0.4129132648917619
0.19167755009651713
0.3972219024470311
0.2248652174197154
0.39151595246712895
0.2248652174197154
0.3944399290971014
0.19167755009651713
0.40014587907700355
0.15848988277331888
0.41583724152173435
0.1269615988162805
0.4301021164714896
0.09543331485924213
0.45007294140114695
0.49866347283610124
0.3130591402434751
0.5584012740178582
0.30592670276859746
0.6247766086642547
0.30735319026357294
0.6828550264798516
0.3230445527083038
0.7127239270707302
0.337309427658059
0.7127239270707302
0.34023340428803145
0.6828550264798516
0.32596852933827625
0.6247766086642547
0.3102771668935454
0.5584012740178582
0.3088506793985699
0.49866347283610124
0.31598311687344754
0.15948551279301476
0.4166576331987089
0.6154840618137593
0.31880059104338787
0.2763061017706728
0.5813097909388953
0.34765958651554907
0.7139731279716193
0.3924629374018667
0.7039877155067906
0.43726628828818437
0.6968552780319129
0.47875087244218223
0.6868698655670843
0.5268729900608198
0.6840168905771331
0.5335105235254594
0.6968552780319129
0.49368532273762145
0.721105565446497
0.4522007385836237
0.7382234153862032
0.40573800433114604
0.7396499028811788
0.3625940368109883
0.723958540436448