-0.1293423966880863
0.2540044535486496
-0.12277797233337993
0.380886375087634
-0.09652027491455441
0.5064735831415268
-0.06205704705234593
0.6255872237699611
-0.006259440037341711
0.722690735151837
0.09056581919457737
0.802962971227521
0.20708435149061558
0.8625197915417382
0.3236028837866538
0.9168977579155886
0.44996805261475153
0.9648021568639806
0.5911031762409388
0.9829281456552643
0.691210647650211
0.9233713253410469
0.7732659520840408
0.8430990892653629
0.8536801504291938
0.7498797183387622
0.9144010757102279
0.654070920441978
0.950505409661113
0.5388414202688188
0.9833275314346448
0.4236119200956594
1.0325607140949427
0.32391898174360023
0.019998257381483805
0.09216526791218987
0.1463634262095816
0.05720800381471458
0.2891396559244453
0.046850295933981156
0.4269925673732793
0.067565711695448
0.5271000387825515
0.12194367806929846
0.8389101956311046
0.16078508262204882
0.9061955452668449
0.14654323428604032
0.9816864253459683
0.14006966686058198
1.0489717749817085
0.1491326612562237
1.0850761089325938
0.16596393656241548
0.10697688008134332
0.22811018384681603
0.19559660886987945
0.17502693095805727
0.30226850463385807
0.15172208822640704
0.4138637186638665
0.16078508262204882
0.4466858404373984
0.24494145915300786
0.44504473434872177
0.336866116594517
0.387606021245041
0.41454892570001767
0.27765191330370914
0.4197277796403843
0.1775444418944369
0.37570752114726735
0.1086179861700199
0.2941405715864916
0.7486493607538919
0.2902564311312166
0.7962414373255131
0.22293132990644932
0.8848611661140492
0.19962648717479914
0.970198682725232
0.21516304899589928
0.9948152740553811
0.2721304423399331
0.9849686375233214
0.36017095932616716
0.9455820913950831
0.43267491449130113
0.8586034686952236
0.45856918419313475
0.7732659520840408
0.421022493125476
0.743726042487862
0.3472238244752504
0.3137562472545942
0.30061413901195
0.8684501052272832
0.3524026784156171
0.7355205120444791
0.533662566328452
0.5397794798562119
0.7041763323150254
0.5611234617362673
0.6987385356776403
0.5833604972514715
0.7018458480418603
0.6070264185829136
0.7041763323150254
0.628370400462969
0.7006158702310233
0.6273880414643054
0.7136924764304492
0.6048830898585567
0.7134335337334309
0.5818423060717186
0.7134335337334309
0.5590694383754251
0.7141456261502312
0.5368324028602209
0.7118151418770663