-0.18697638313786022
0.3041116496316547
-0.1706191588993418
0.4393512793519575
-0.1251824249034572
0.5578602332305733
-0.05066618115020649
0.6554558423070804
0.02203259324320885
0.7669936812516601
0.12926328547349647
0.8492528374732876
0.2619385487414795
0.9119928718796135
0.41097103624798087
0.953819561483831
0.5709083399134945
0.9830982442067832
0.7344805822986792
0.9956462510880484
0.8798781310855098
0.9468484465497947
0.9380371506002422
0.8297337156579861
0.976204007156785
0.7056478698321413
1.0052835169141512
0.5801678010194893
1.0107359249936574
0.4505050632464154
0.9889262926756328
0.3264192174205706
0.9780214765166205
0.19954492562111129
0.027485001322715003
0.12843955329394177
0.12562834675382573
0.10752620849183311
0.24012891642345488
0.0949782016105679
0.3564469554529194
0.0949782016105679
0.4727649944823839
0.10334353953141139
0.7890046630937407
0.08521864070291717
0.8362588664494607
0.06291107291400125
0.8816956004453451
0.046180397072314326
0.9307672731609006
0.030843944217434627
0.9834738845961266
0.02666127525701289
0.0492946336407396
0.24973695314617214
0.12199340803415493
0.19536225666068954
0.22013675346526562
0.1730546888717736
0.3182800988963763
0.14935289809605048
0.37643911841110855
0.16329512796412293
0.3709867103316024
0.2553138450934011
0.3455421392939071
0.3208423254733416
0.2473987938627964
0.35012100819629377
0.1474379790718503
0.34036144728864304
0.06383438851942266
0.29992898067123297
0.7253932354995023
0.18978536471346058
0.758107683976539
0.14238178316201422
0.8199016422109422
0.11310310043906209
0.8889654778846867
0.11728576939948382
0.9380371506002422
0.1479586751092432
0.932584742520736
0.20093914860791856
0.9125925795625466
0.25670806808020835
0.8489811519683083
0.283198304829546
0.7653775614158806
0.27065029794828077
0.7272107048593376
0.2330062773044852
0.21650181474559485
0.2720445209350881
0.8089968260519299
0.21627560146279823
0.8653383762068266
0.4240148264970778
0.6186012427698644
0.6830646998249029
0.6601774211600296
0.6368607985179187
0.7223474075378469
0.6121376583448831
0.794231454287198
0.6003840343281942
0.8315334461138885
0.6319972299592888
0.8292020716247203
0.6915759448025053
0.8113282005410978
0.7442646041876627
0.7444954651849444
0.7637188784221826
0.671445731191009
0.7685824469808124
0.6197669300144484
0.7337268723106313