0.08341649216630602
0.30658622651009365
0.07411775323531485
0.397713868033807
0.06853850987672017
0.4962805007023132
0.07225800544911662
0.5967068811570176
0.09457497888349538
0.6896942704669293
0.13920892575225297
0.7715231730596515
0.18942211597960512
0.8496325800799771
0.2470742973517503
0.9203029959555098
0.3382019388754636
0.9426199693898887
0.4367685715439699
0.9333212304588974
0.5297559608538814
0.9128640048107168
0.6190238545913964
0.8849677880177435
0.7064320005427133
0.8421935889351841
0.7864011553492373
0.791980398707832
0.866370310155761
0.7268892261908938
0.9407602216036903
0.6617980536739558
1.002131898548232
0.5874081422260266
0.1206114478902706
0.1447881691108476
0.15594665582803705
0.15036741246944232
0.19314161155200157
0.15408690804183878
0.23219631506216448
0.15408690804183878
0.2675315229999308
0.1522271602556405
0.5892678900122248
0.22475732391737158
0.6729565403911452
0.28240950528951664
0.760364686342462
0.3326226955168689
0.8384740933627877
0.38655538131661765
0.8998457703073293
0.44048806711636634
0.1354894301798565
0.30472647872389547
0.18012337704861406
0.2470742973517503
0.24149505399315557
0.22847681948976803
0.28612900086191323
0.27683026193092203
0.29542773979290426
0.3475006778064547
0.27683026193092203
0.4125918503233928
0.24521454956555214
0.4683842839093398
0.18012337704861406
0.4758232750541327
0.1354894301798565
0.421890589254384
0.12805043903506352
0.3567994167374459
0.5948471333708195
0.40887235475099637
0.6432005758119735
0.3642384078822388
0.7101514961151099
0.37539689459942827
0.7733829208458496
0.4051528591785999
0.8105778765698142
0.47024403169553797
0.7938401464940302
0.5204572219228902
0.7361879651218849
0.566950916577846
0.6599383058877575
0.5892678900122248
0.5967068811570176
0.5613716732192513
0.5799691510812337
0.4832622661989256
0.2173183327725786
0.3586591645236442
0.6822552793221364
0.4907012573437185
0.30472647872389547
0.5799691510812337
0.28426925307571493
0.6841150271083346
0.3103057220824902
0.680395531535938
0.3326226955168689
0.6785357837497399
0.3512201733788513
0.6934137660393257
0.3642384078822388
0.7175904872599027
0.36795790345463525
0.7417672084804796
0.3419214344478601
0.7492061996252726
0.31402521765488667
0.743626956266678
0.29542773979290426
0.7306087217632904
0.2786900097171202
0.7064320005427133