0.08057395383616943
0.3316486605399886
0.0826811182577878
0.44876263840802455
0.08900261152264292
0.5658766162760605
0.08689544710102455
0.6903102177608486
0.11218142016044509
0.8019344779163202
0.16907485954414134
0.8970895849340995
0.25757576525211334
0.970285821101622
0.3587196574897955
1.032502621844016
0.47461370067880637
1.065440928119401
0.6073650592407643
1.0526315867900846
0.727473431273012
1.0160334687063235
0.839153145618786
0.9647961033890577
0.9381898734348497
0.8861101495089712
1.0140477926131115
0.7891251365870038
1.077262725261663
0.6866504059524725
1.1067630271643203
0.5750261457970007
1.1320490002237407
0.461571979737341
0.07846678941455106
0.14682816421699438
0.16907485954414134
0.12852910517511382
0.2702187517818236
0.14682816421699438
0.35450532864655876
0.18891600001331982
0.4198274257167285
0.2383234594263975
0.6115793880840009
0.21636458857614072
0.727473431273012
0.17976647049237948
0.8560104609917332
0.2108748708635766
0.9529400243861784
0.29322063655203934
1.011940628191493
0.38471593176144236
0.12061007784691859
0.29139073064785126
0.13746739321986567
0.22551411809708105
0.23018262777107432
0.22734402400126913
0.30604054694933597
0.26760195389340646
0.3165763690574279
0.3462879077734931
0.3039333825277177
0.404844896707511
0.2702187517818236
0.4743813210666574
0.18593217491708844
0.5018299096294783
0.12482440669015543
0.45608226202477675
0.12903873553339218
0.3773963081446901
0.6874373072622626
0.35360753139024537
0.7064017870568281
0.28773091883947516
0.8075456792945103
0.29322063655203934
0.8960465850024822
0.3389682841567408
0.9508328599645601
0.41399442622845134
0.9529400243861784
0.4725514151624693
0.8707606119430615
0.5256186863839232
0.7717238841269978
0.5494074631383679
0.6726871563109339
0.5402579336174276
0.6600441697812238
0.45608226202477675
0.22386113450621925
0.3755664022405021
0.7485450754891956
0.4304635793661439
0.28286173831153383
0.5677065221802485
0.2617900940953501
0.8001045720121323
0.2870760671547706
0.8019344779163202
0.3039333825277177
0.8165737251498248
0.32079069790066467
0.8312129723833294
0.32921935558713816
0.8476821255210218
0.32921935558713816
0.8476821255210218
0.32079069790066467
0.8312129723833294
0.3039333825277177
0.8165737251498248
0.2870760671547706
0.8019344779163202
0.2617900940953501
0.8001045720121323