-0.18371570824694802
0.2943361132384111
-0.16095080716066704
0.438019116120783
-0.1245269654226175
0.5788848052211475
-0.06685588267070569
0.7155245236485012
0.012062441095068334
0.8324430456018036
0.11071034580228589
0.918371115953026
0.2366761318130406
0.9803520191571866
0.37023021818588897
1.0310636672333178
0.5189609052829246
1.053602177489376
0.6676915923799603
1.0690974032904161
0.7936573783907149
1.0324723241243212
0.8513284611426268
0.9127364883890114
0.9120348640393761
0.7986352802177161
0.9651529665740316
0.6760821307003991
0.9879178676603126
0.5366250984910381
0.9894355277327312
0.3887161249356553
0.9955061680224062
0.24925909272629446
-0.10783270462601144
0.16051370859306474
0.005991800805393411
0.09571549160689706
0.13195758681614814
0.04922981420377674
0.26247635304415906
0.022465333274707483
0.4112070401411947
0.032325931511733
0.7693748172320153
0.04922981420377674
0.8346342003460209
0.026691303947718417
0.9120348640393761
0.029508617729725708
0.9833648874430564
0.05204712798578403
1.0243417093983622
0.08022026580585694
0.004474140732974681
0.23798983759826528
0.08794544471600489
0.16755699304808297
0.19873463000257233
0.1309319138819882
0.31862977572365203
0.11402803118994445
0.3747831984031451
0.19713878775915955
0.38085383869282
0.302788054584433
0.3413946768099331
0.39575940939067356
0.21998187101643454
0.41688926275572824
0.10919268572986716
0.4013940369546881
0.015097761239905796
0.33377850618651317
0.7299156553491284
0.19432147397715224
0.7466099161457344
0.11261937429894081
0.8209752596942522
0.10980206051693352
0.9044465636772824
0.13797519833700642
0.9545293460671005
0.1929128170861486
0.9423880654877507
0.2577110340723163
0.9105172039669572
0.3295525355135023
0.839187180563277
0.3689949284616043
0.7557158765802466
0.346456418205546
0.7223273549870347
0.27743223054636734
0.2321231515957844
0.26616297541833817
0.8361518604184395
0.25207640650830176
0.7617865168699216
0.44787971435780843
0.613055829772886
0.7070725823024792
0.635820730859167
0.69580332717445
0.6676915923799603
0.6915773565014391
0.698044793828335
0.6859427289374246
0.7208096949146159
0.6901686996104355
0.7177743747697783
0.7056639254114757
0.698044793828335
0.7197504943215121
0.6692092524523789
0.7253851218855266
0.6373383909315857
0.7253851218855266
0.6085028495556297
0.7225678081035194