0.16941028713735917
0.43696612772834026
0.19329339537613308
0.5153325751041439
0.22613266920444716
0.603920733007226
0.26942080288722486
0.6891016540678823
0.3261431849543129
0.7538391540739808
0.39480712114078775
0.8100585619740139
0.45600758600264596
0.86798158829526
0.5201934393943507
0.9190901409316536
0.5993062354352893
0.9412371804074242
0.6784190314762277
0.9156829040892275
0.7455902733977793
0.8662779698740469
0.8097761267894842
0.7930223777618827
0.8605277317968787
0.7095450751224396
0.9068012540095032
0.6192532987981442
0.9411332221027406
0.5272579040526356
0.9605382475467443
0.4301516540434877
0.9694944131362846
0.3313417856131267
0.05745821726810655
0.21549573297063443
0.11268790507027118
0.20016316717971633
0.17239567566720593
0.19845954875850322
0.23061075199921727
0.19164507507365075
0.2813623570066118
0.18483060138879828
0.569031872879097
0.1229484618351554
0.6556712118333111
0.1029849332936157
0.7217071651590055
0.07743065697541891
0.7961316397763114
0.06591323666299219
0.8844108400356525
0.10209713214453287
0.1783664527268994
0.35178520666768415
0.19329339537613308
0.28534408824037244
0.26942080288722486
0.2563825750797494
0.3380847390736998
0.27512237771309367
0.37390940143186063
0.3534888250888973
0.3903290383460177
0.4250407987798483
0.37390940143186063
0.5085181014192913
0.30972354804015584
0.5494049435284063
0.2544938602379912
0.5085181014192913
0.20971303229029012
0.4301516540434877
0.6261747322039098
0.27512237771309367
0.6366235920583735
0.18994145665243756
0.7217071651590055
0.16438718033424077
0.8247030694387179
0.17460889086151954
0.8844108400356525
0.23253191718276567
0.8829181457707292
0.31771283824342167
0.8381373178230281
0.40630099614650406
0.7664879931067065
0.4625204040465371
0.6769263372113044
0.4505950750980452
0.6425943691180669
0.37222862772224163
0.3007673824506156
0.42163356193742213
0.7396194963380858
0.3483779698252579
0.4470514204131057
0.5681447461617506
0.4903395540958833
0.6839907988042428
0.5022811082152704
0.6839907988042428
0.5261642164540442
0.6839907988042428
0.550047324692818
0.6822871803830297
0.5664669616069751
0.6925088909103084
0.5724377386666686
0.7095450751224396
0.557510796017435
0.7214704040709315
0.533627687778661
0.7248776409133577
0.5097445795398872
0.7231740224921447
0.4963103311555768
0.7061378382800134