-0.14334989389688368
0.2897351095915482
-0.089323494199943
0.413420349652478
-0.04405813229169542
0.5384798701585293
0.011428440370027456
0.6594165493292162
0.0844370886091365
0.7748561067194173
0.18372885021432475
0.854564372536461
0.3005426873968992
0.9095355903413188
0.43049808126251327
0.9507640036949621
0.5677543399520383
0.975501051707148
0.7079309445711276
0.9837467343778766
0.7897006305989297
0.9040384685608329
0.8597889329084744
0.7968445938413604
0.9167356785349795
0.6759079146706735
0.9547001756193162
0.5522226746097437
0.9590806945136627
0.4175431909878423
0.9795231160206131
0.2842379878110624
1.0014257104923459
0.1605527477501326
0.004127575546116546
0.10833009083551778
0.11510072086956227
0.06572739703675308
0.2523569795590872
0.058855994811145874
0.3910734112133944
0.0602302752562673
0.5078872483959689
0.031370385908717026
0.7561166524089395
-0.009858027444926263
0.8262049547184842
-0.02497511234126213
0.8816915273802071
-0.05383500168881241
0.9473993107954053
-0.0758234888107555
1.010186748281039
-0.07307492792051261
0.046472591524799794
0.23338961134156908
0.120941412728691
0.16467558908549695
0.22753403915779022
0.13306713884770374
0.33120631965732505
0.10833009083551778
0.3910734112133944
0.16742414997573984
0.39399375714295876
0.2663723420244837
0.36625047081209733
0.36119769273786323
0.26111801734778034
0.37906333852444196
0.15306521795389896
0.36394625362810606
0.0669150130317503
0.307600755378127
0.7312937120076425
0.16467558908549695
0.7561166524089395
0.09046444504893904
0.8174439169297911
0.06572739703675308
0.9035941218519398
0.06572739703675308
0.9503196567249695
0.11932433439648935
0.945939137830623
0.18391551531719713
0.9123551596406329
0.25400381801839067
0.8510278951197813
0.2993550727073983
0.7619573442680683
0.29523223137203397
0.7298335390428603
0.24026101356717627
0.27571974699560214
0.25812665935375506
0.8320456465776129
0.19628403932329014
0.7458954416554643
0.4697658479024572
0.6115595288955037
0.686902158231645
0.6349222963320185
0.6745336342255521
0.6655859285924444
0.6690365124450662
0.6904088689937414
0.6607908297743377
0.710851290500692
0.6621651102194591
0.7123114634654741
0.6745336342255521
0.6991699067824344
0.6965221213474952
0.6685062745220086
0.7006449626828595
0.6363824692968008
0.7020192431279809
0.6086391829659392
0.711639206243831