0.06363302082744393
0.4437086324127305
0.09490601660860559
0.5437822211492668
0.1304435118144711
0.6391648604137778
0.17166700625327516
0.7392384491503141
0.23563449762383312
0.8221118898227581
0.3081309878437988
0.8862215326071017
0.3863134772967029
0.9628403739835123
0.46449596674960714
1.0316409662398809
0.5640009533260306
1.0425865150079394
0.6492909418201078
1.0003679697597132
0.7331594305059506
0.9409492764473949
0.8141849195753239
0.8690213845430095
0.8923674090282281
0.8002207922866409
0.9449629019329091
0.7126564021421716
0.9762358977140708
0.6063282141096018
0.9947153952211207
0.49687272642901537
0.9961368950293554
0.3842899391004121
-0.006020469776052503
0.2826527005398675
0.06505452063567854
0.26701620229978373
0.14465850989681733
0.27327080159581724
0.2214194995414869
0.288907299835901
0.2868084907202795
0.3123620471960267
0.5512074550519189
0.23105225634759102
0.6535554412448117
0.2044702093394486
0.7573249272459391
0.18570641145134806
0.8667804124800048
0.1794518121553145
0.9677068988646629
0.18257911180333125
0.1076995148827172
0.3764716899803702
0.13897251066387886
0.346762343324211
0.20720450145914068
0.3358167945561524
0.27970099167910634
0.346762343324211
0.3195029863096757
0.39836278751648757
0.33087498477555277
0.4577814808288059
0.3010234888026257
0.5281457229091829
0.23563449762383312
0.5500368204453003
0.18019600510268285
0.5125092246690992
0.1418155102803481
0.4515268815327724
0.5753729517919076
0.30923474754800995
0.6052244477648346
0.25137970405969995
0.6890929364506774
0.24981605423569156
0.7715399253282853
0.25137970405969995
0.8426149157400165
0.28734365001189266
0.8397719161235472
0.3639624913883032
0.7928624224518045
0.42963578399665514
0.7189444324236043
0.4765452787169065
0.6379189433542309
0.4734179790688897
0.5938524492989576
0.4030537369885127
0.2342129978155985
0.4327630836446719
0.686249936834208
0.3577078920922697
0.39057797672140687
0.6219647123496856
0.4602314673249033
0.77207509545449
0.48013246464018794
0.7767660449265151
0.5042979613801765
0.7783296947505235
0.5284634581201652
0.7798933445745319
0.5455214558189805
0.7892752435185821
0.5497859552436843
0.8002207922866409
0.5369924569695728
0.817420940350733
0.5114054604213496
0.8189845901747413
0.4886614634895956
0.8142936407027163
0.47302496559901486
0.7986571424626325