0.08465235434044933
0.3376043829080087
0.0978973870336286
0.44737179705227575
0.11261409002604994
0.5541318847816314
0.13616081481392417
0.6518699932662527
0.18472593468891468
0.7466007753359627
0.24506441695784234
0.8353169045758498
0.3068745695260121
0.9165147177784583
0.37898641418887685
0.9796685724915983
0.4702299727418894
1.002223520603434
0.5688318827911126
0.975157582869231
0.6541887601471565
0.9300476866455597
0.733658956306232
0.8744121479696984
0.8146008227645497
0.818776609293837
0.8925993486243828
0.7571264177881528
0.9338061170031626
0.6593883093035313
0.9485228199955841
0.55112455836672
0.9544095011925526
0.44586813384482005
0.07287899194651225
0.19325271499226032
0.12733079301847133
0.17971974612515887
0.187669275287399
0.17671241971024745
0.2480077575563266
0.18423073574752605
0.2936295368328329
0.19926736782208318
0.604151969972924
0.17971974612515887
0.6777354849350308
0.18122340933261463
0.7513189998971376
0.18573439895498176
0.8219591742607602
0.19325271499226032
0.8837693268289301
0.21280033668918458
0.1332174742154399
0.2985091395141602
0.1685375613972512
0.247384590460666
0.24506441695784234
0.23385162159356454
0.3127612507229806
0.2594138961203117
0.3407229864085813
0.31956042441854016
0.3407229864085813
0.3872252687540473
0.3142329210222228
0.4533864498820987
0.2421210763593581
0.4774450612013901
0.1803109237911883
0.441357144222453
0.14940584750710337
0.36918131026457873
0.6409437274539774
0.2955018130992488
0.6747921443365464
0.23234795838610883
0.7572056810941064
0.24437726404575452
0.8366758772531817
0.26392488574267886
0.8837693268289301
0.3240714140409074
0.8793543159312035
0.38421794233913587
0.8234308445600025
0.44737179705227575
0.7527906701963798
0.47293407157902295
0.6733204740373043
0.451882786674643
0.6468304086509459
0.37820328950931303
0.2509510981548109
0.3556483413974773
0.7366022969047163
0.35865566781238867
0.38340142508660324
0.5451099055368972
0.4216648528668988
0.7240458272241269
0.4363815558593202
0.7210385008092155
0.4569849400487101
0.7255494904315827
0.47905999453734227
0.7300604800539499
0.4967200381282479
0.7375787960912285
0.49966337872673217
0.7541190913732414
0.47905999453734227
0.7571264177881528
0.455513269749468
0.7571264177881528
0.4363815558593202
0.7526154281657855
0.4216648528668988
0.7405861225061399