-0.08639172540668917
0.4731566976506377
-0.030131547515693875
0.5708937921479903
0.021440282217718487
0.6562416774837067
0.07457489467032516
0.7704977175299074
0.1589651615068181
0.8585987604570985
0.2308531665897566
0.9356871730183907
0.3449363050909415
0.9645953277288751
0.4730844880648753
0.9852440096649355
0.6059210191963919
0.986620588460673
0.7325064194511314
0.9728548005032993
0.8450267752331221
0.9288042790397039
0.8919102568089515
0.8324437633380887
0.9216031284736433
0.7250706172705745
0.9497332174191411
0.6149443136115859
0.9512960001383354
0.5020648523611223
0.9153519975968663
0.397444863885083
0.9028497358433116
0.2873185602260942
0.018314716779329866
0.24877435394544814
0.10583054905421146
0.20747699007332734
0.2199136875553964
0.19095804452447898
0.32618291246060976
0.1606733110182571
0.40275926570113113
0.11249305316744951
0.715315809539994
0.06155963772516721
0.7637620738350176
0.05742990133795513
0.810645555410847
0.05054700735926832
0.8590918197058708
0.04917042856353095
0.8981613876857286
0.060183058929429836
0.040193674848050275
0.3657835515831237
0.09801663545823988
0.2983311905919931
0.19334638132909307
0.2391383023752866
0.30430395439188934
0.2019706748903779
0.3668152631596619
0.27079961467724584
0.3793175249132164
0.3657835515831237
0.35587578412530174
0.4635206460804762
0.2667971691312258
0.5103243251355465
0.15115124791084658
0.5006882735653849
0.06363541563596496
0.45388459451031476
0.685622937875302
0.24739777514971076
0.6965624169096621
0.16617962620120652
0.7575109429582405
0.12075252594187365
0.8450267752331221
0.12488226232908574
0.8840963432129799
0.18269857175005488
0.8825335604937855
0.2542806691283976
0.8715940814594254
0.32861592409821494
0.824710599883596
0.3836790759277094
0.7371947676087144
0.3712898667660731
0.6903112860328849
0.31347355734510407
0.23710429746653386
0.40570433665950717
0.8012688590956812
0.2845654026346195
0.7825154664653494
0.5130774827270213
0.6840601551561076
0.7250706172705745
0.6949996341904678
0.7044219353345141
0.7137530268207997
0.6906561473771405
0.7387575503279087
0.6851498321941911
0.7621992911158234
0.6768903594197669
0.7590737256774347
0.7016687777430395
0.745008681204686
0.7181877232918877
0.7262552885743542
0.7333300900449988
0.7075018959440224
0.7443427204108977
0.6793718069985247
0.7429661416151602