0.0033788349084704376
0.13348510132683136
0.008109203780329002
0.26096854693509197
0.004955624532423276
0.39714404565300676
-0.009235482083152441
0.5289735178160945
0.009685993404281865
0.6608029899791821
0.05698968212286765
0.7839404090326157
0.10902373971331203
0.9012831260129466
0.19259358978281357
1.001241736773969
0.3281974974427595
1.0186258429932773
0.4716853532224696
0.9983443857374176
0.6041356816345098
0.9606788222622497
0.7334324307986443
0.9099751791226006
0.8343469667316273
0.8360927276905404
0.9336847130406576
0.7433774945208963
1.0188313527341117
0.6361755061684954
1.0819029376922265
0.5130380871150618
1.1276298367868591
0.39279801909817963
0.0310021845748591
-0.01025113522653361
0.10721427965676673
-0.013230703942896337
0.17045410323537097
0.010605845788005353
0.238558528627714
0.028483258086181632
0.30828448795797
0.031462826802544336
0.6249780909996914
0.08051625646769663
0.7254082415888621
0.10337240521285537
0.8283258262483527
0.11890286525764268
0.9275122598023634
0.14996378534721735
1.013328735228404
0.19509002774150508
0.09167905384983054
0.12189569718062582
0.12794521520074634
0.0755380805958038
0.20047753790257783
0.06684602748614965
0.2525115954930222
0.10306291544304186
0.2682794917325508
0.16825331376544786
0.26354912286069226
0.22620033449647542
0.22255259263791785
0.27255795108129754
0.15475063880794496
0.2957367593737085
0.10113979159354772
0.25517384486198924
0.08852547460192481
0.18853477102130753
0.6498625807291428
0.19722682413096168
0.6908591109519171
0.1523178830644153
0.771275381773513
0.17549669135682633
0.848538073347203
0.20881622827716717
0.8974185516897416
0.27400662659957314
0.8879578139460246
0.3362996738854278
0.8217326497400044
0.3768625883971471
0.7334324307986443
0.3826572904702499
0.6609001080968128
0.3464404025133576
0.6356714741135671
0.2812500041909516
0.19890074827862503
0.19577814861268597
0.7444699581663143
0.29139073281888145
0.24462764737325793
0.41307947635403935
0.2513472253903724
0.6413742758124893
0.2838728877774358
0.6319917971206025
0.32345795131161864
0.6376970793980267
0.3612729510292324
0.6564104052679776
0.37832992962526235
0.6851650279461949
0.38009999344183154
0.7200813554840301
0.34574424119251695
0.728838060228384
0.3075359252726013
0.7204324497780252
0.2702908442078096
0.7070289087896154
0.24990237310768654
0.6761326109180268