0.08558822444520649
0.263926485585626
0.09564522222671806
0.3823379659269399
0.1082164694536076
0.4992505667702624
0.1283304650166308
0.6146642881155936
0.1635299572519214
0.7210847324729771
0.21884344505023523
0.8155141408464299
0.2779283070166159
0.9099435492198826
0.3483272914871971
0.9818897651234657
0.43506889735273474
1.0193617525732488
0.5343817504451618
1.001375198597353
0.6236376057560774
0.9564088136576134
0.7066078374535479
0.8979525132359522
0.7858066949829519
0.8230085383363863
0.8486629311173994
0.7285791299629335
0.8989479200249575
0.6251564446015329
0.9454615347644486
0.5232326387381234
0.9718611539409165
0.41831107387873145
0.12528735620515616
0.05590466874521515
0.21567173382460048
0.056690709040092005
0.299691014428591
0.08105795818127402
0.38116425622639993
0.11878789233536242
0.44608824578402895
0.17695487415624864
0.6987825972975458
0.18795943828452438
0.7751637614829917
0.1942477606435391
0.8458163383545291
0.21940105007959798
0.9132863667183396
0.2587030648234401
0.9654801622450611
0.30507944222117367
0.15583982187933454
0.18009903533575597
0.21885428233232737
0.14315514147654446
0.2958719562193187
0.14158306088679076
0.36970708159858306
0.16123406825871178
0.4021690763773975
0.23747997686176534
0.37989123682330916
0.31293984516994205
0.32960697040122394
0.38289743141398086
0.25704486442505037
0.3986182373115177
0.19657644277823902
0.34909769873427676
0.16857001591024218
0.2642053468875779
0.6905079711774558
0.28857259602875995
0.7318811017779057
0.25162870216954847
0.8038066980525339
0.26499138718245474
0.8693671973117083
0.3011492407467894
0.9113768376137035
0.3671766255164441
0.897373624179705
0.4371342117604829
0.8419972801452569
0.48744079063260065
0.7700716838706285
0.4937291129916154
0.7051476943129996
0.45835729972215755
0.6866889129681835
0.37975327023447353
0.28568780099459257
0.2704936692465926
0.7885304652154447
0.386827632888365
0.5084661965354764
0.6069189154538804
0.44241657461120965
0.7298427202374023
0.46065572037229163
0.7253565390422516
0.47899240167220286
0.7302505548915069
0.4967438697391382
0.7392229172818084
0.5125446270294872
0.7516618742319991
0.511569271641194
0.7683830950502882
0.4935251969577708
0.7645086658362944
0.47470083796371293
0.7569637247353591
0.4556814078919965
0.7516618742319991
0.43812501090271977
0.7449326024392731