0.05963609783723127
0.36141772996880955
0.05396682213144849
0.48812154610795494
0.08609271779755091
0.6108658679927521
0.13900595771819024
0.7276709484960266
0.20703726618758364
0.8365570404906049
0.282627608931354
0.9395038911036604
0.38278481306684986
1.0186937761906263
0.49617032718250553
1.0741266957515025
0.6208943927097269
1.0840254313873732
0.7399491825311652
1.0582887187341092
0.8344371109608782
0.9790988336471435
0.927035280821997
0.8840709715427844
0.9912870721542019
0.7751848795482061
1.03475151923187
0.6544203047905832
1.0536491049178125
0.5237569943970896
1.0536491049178125
0.3871544426220734
1.0442003120748413
0.25451138510140564
0.12843532182030995
0.1345512932853585
0.18868022438278262
0.11419203224994671
0.25086851089888346
0.11012018004286436
0.309170029507728
0.1243716627676526
0.3558112443948036
0.15898240652785262
0.6492622213926541
0.13047944107827614
0.6881299004652172
0.08365314069682905
0.7328277313986648
0.04497054472954668
0.7930726339611373
0.026647209797676083
0.8572043044308664
0.038862766418923146
0.14089571628678452
0.36339747709598375
0.18058064622726394
0.29608607477206267
0.24294267899087463
0.25451138510140564
0.3223125388718336
0.2564911322285798
0.36766674451809583
0.30796455753510754
0.3790052959296614
0.3713164656046803
0.35065891740074745
0.43862786792860126
0.27317881608838274
0.4643645805818652
0.19569871477601808
0.4604050863275168
0.14467523342397295
0.4425873621829496
0.6550923732535386
0.23634759846241737
0.7192240437232675
0.18544944587388792
0.7911292500075092
0.1610183326313938
0.8805249118744042
0.1793416675632644
0.9329962786223641
0.24449130287658208
0.9524301181586456
0.3076050120863586
0.903845519317942
0.3707187212961351
0.8222233932655597
0.3971857606421703
0.7386578832595491
0.3788624257102998
0.6784129806970765
0.3218564948111468
0.2683589664815368
0.36461094298551155
0.8047329376829062
0.28520982494740565
0.49379150510240216
0.6048502232033705
0.5035084248705429
0.8145506118681116
0.5365459520822216
0.7799398681079117
0.5851305509229253
0.7616165331760409
0.6356585337172572
0.7656883853831233
0.6784129806970765
0.7921554247291588
0.6842431325579609
0.8206583901787352
0.6473188374390261
0.8593409861460175
0.6006776225519505
0.8735924688708059
0.5482062558039904
0.8674846905601822
0.5054518088241711
0.8389817251106058