0.025217684759875608
0.3574582357144612
0.0754537655854758
0.4564455920731686
0.11876073181444151
0.5653316840677466
0.17072909128920036
0.6722380289351506
0.22789428671143502
0.7771646266753803
0.3006499899760974
0.8603140060166946
0.38553164378487015
0.933564649722138
0.4825392481377534
0.9790988336471435
0.5899405243855883
0.9771190865199693
0.6800190141418369
0.9276254083406156
0.7666329465997683
0.8702127416525652
0.8411209285135892
0.8009215922014701
0.906947517181617
0.7296506956232008
0.9571835980072174
0.6306633392644934
0.9952937282887072
0.5178177530155671
1.0178133507277694
0.40101267251229245
1.0230101866752452
0.2941063276448885
0.0009657836716547827
0.19313922415900703
0.0875797161295862
0.17136200576009145
0.1949809923774211
0.19313922415900703
0.2850594821336698
0.24065315521118658
0.3664765786441253
0.2802480977546695
0.51198798517345
0.1297873160894343
0.6228538187196022
0.10405060343617042
0.7285228163182785
0.04267844249377185
0.8480500431102238
0.030799959730726963
0.9693095485513277
0.034759453985075295
0.12395756776191735
0.34360000582424216
0.15167402614845546
0.2782683506274954
0.2226974507639592
0.25847087935575386
0.3058468259235733
0.2644101207372763
0.3439569562050631
0.32974177593402315
0.35261834945085624
0.41685064952968565
0.33356328431011134
0.4960405346166515
0.2694689742912421
0.5376152242873087
0.19324871372826252
0.5138582587612188
0.1499417474992968
0.43268862654707885
0.6315152119653954
0.25451138510140564
0.655767113053616
0.17532150001443966
0.7458456028098648
0.16146327012422074
0.8307272566186376
0.15750377586987238
0.8965538452866654
0.2069974540492261
0.9000184025849827
0.28618733913619193
0.8584437150051757
0.36537722422315777
0.7839557330913546
0.4267493851655563
0.7042709152300577
0.43466837367425293
0.655767113053616
0.35547848858728703
0.24868163050133854
0.37725570698620264
0.7406487668623888
0.29608607477206267
0.4444291178562635
0.5554329484318759
0.4877360840852292
0.74350892551342
0.5154525424717672
0.7375696841318975
0.5449012795074639
0.7355899370047233
0.5743500165431605
0.7316304427503749
0.60033419628054
0.7355899370047233
0.60033419628054
0.7355899370047233
0.5743500165431605
0.7316304427503749
0.5449012795074639
0.7355899370047233
0.5154525424717672
0.7375696841318975
0.4877360840852292
0.74350892551342