0.05829739074194199
0.41754502167758206
0.07368899156866968
0.5173054007510998
0.10789254896139787
0.6089220754104527
0.1506469957023081
0.7005387500698056
0.19853197605212755
0.7880835725220764
0.25496784575012904
0.8613769122495588
0.3490276285801315
0.9102391387345471
0.4225652769744971
0.9774247001514058
0.5132047040652268
0.9977839611868176
0.593583063938138
0.9428139563912059
0.6790919574199584
0.8898798776991352
0.7457888943357783
0.8186224640751939
0.8056451197730528
0.7432931982441705
0.8501097443835994
0.647604671377735
0.8843133017763276
0.5478442923042174
0.915096503429783
0.44808391323069974
0.9270677485172377
0.34628760805364095
-0.024017660625723004
0.30598481040793335
0.015894040119963742
0.2822278448818436
0.07243561617635338
0.2822278448818436
0.12398822963953217
0.2941063276448885
0.18052980569592175
0.2941063276448885
0.4396670556708612
0.22209611573762914
0.5542489729365006
0.17730574145972322
0.66883089020214
0.13658721938889967
0.7577601394232333
0.2078446330128409
0.8073552976426891
0.323892420914688
0.08407652889384537
0.4049721667666408
0.09904341667347788
0.3515189943329388
0.16223694285414866
0.32974177593402315
0.21877851891053826
0.3574582357144612
0.25037528200087367
0.422789890911208
0.2620161947183656
0.4841620518536066
0.2537012570630142
0.5633519369405725
0.19715968100662457
0.5950278909753589
0.14394408001237557
0.5514734541775277
0.11068432939096988
0.48812154610795494
0.49097239175995344
0.3401798297430174
0.5251759491526816
0.26688649001553505
0.6021339532863199
0.24856315508366444
0.6893530246377769
0.2567068594978292
0.7355278271179599
0.31982056870760567
0.7423685385965055
0.38497020402092325
0.7081649812037774
0.4725150264731939
0.6346273328094119
0.496946139715688
0.5491184393275914
0.4786228047838174
0.5063639925866812
0.4114372433669585
0.19511162031285473
0.46233539595548795
0.5987135975470471
0.3544313124678057
0.3199546047963126
0.6333531886529469
0.36270905153722277
0.7514369026583352
0.3917820753210417
0.7473650504512528
0.4242754548441335
0.7494009765547939
0.45676883436722526
0.7494009765547939
0.48584185815104425
0.7473650504512528
0.48584185815104425
0.7473650504512528
0.45676883436722526
0.7494009765547939
0.4242754548441335
0.7494009765547939
0.3917820753210417
0.7473650504512528
0.36270905153722277
0.7514369026583352