-0.0018395880025463749
0.3549879248342405
0.004677809492189454
0.47393042911316946
0.014453905734293197
0.5847261865236787
0.03726479696586863
0.69226324518682
0.08940397692375529
0.7916535569815414
0.16924209623426928
0.8731210256657393
0.24908021554478324
0.9529591449762533
0.3305476842289812
1.0279092161657155
0.43156734539738656
1.0621255530130786
0.5391044040605278
1.0360559630341353
0.6384947158552493
0.9888048311973004
0.731367630155235
0.9350363018657297
0.806317701344697
0.8535688331815319
0.8747503750394233
0.7704720151236499
0.92688955499731
0.6727110527026123
0.9725113374604608
0.571691391534207
1.011615722428876
0.47881847723422133
-0.00021023862886241772
0.20019973433426444
0.07962788068165155
0.17250079498163717
0.17250079498163717
0.16924209623426928
0.2621150105342549
0.1757594937290051
0.3305476842289812
0.2132345293237361
0.6694523539552445
0.22952802306057574
0.7558078707604944
0.22463997493952387
0.845422086313112
0.2393041193026795
0.9220015068762581
0.2784085042710945
0.9822874337025647
0.33380638297634907
0.053558290702708206
0.30447809425003786
0.13013771126585422
0.2637443599079389
0.21649322807110402
0.25722696241320303
0.3028487448763538
0.27026175740267466
0.33869443109740094
0.3452118285921368
0.3272889854816132
0.42830864665001867
0.27026175740267466
0.4853358747289572
0.18553558997110883
0.4951119709710609
0.11547356690269861
0.452748887255278
0.08451592880270342
0.3794281654394999
0.6906338958131361
0.3696520691973961
0.731367630155235
0.31588353986582557
0.8177231469604846
0.3305476842289812
0.891043868776263
0.36802271982371215
0.9431830487341495
0.43645539351843843
0.9350363018657297
0.5114054647079005
0.8747503750394233
0.573320740907891
0.7867655088604896
0.573320740907891
0.7101860882973435
0.5391044040605278
0.6759697514499803
0.46252498349738175
0.23604542055531158
0.37454011731844805
0.806317701344697
0.4576369353763299
0.4983706697184288
0.6450121133499851
0.4071271047921272
0.7721013644973339
0.4234205985289668
0.7639546176289141
0.452748887255278
0.768842665749966
0.4804478266079053
0.7769894126183857
0.5016293684657968
0.7900242076078574
0.5032587178394807
0.8112057494657489
0.47881847723422133
0.8193524963341686
0.44623148976054217
0.8209818457078526
0.4185325504079149
0.8128350988394328
0.39898035792370745
0.7981709544762772