-0.007227800320833926
0.17398378560442893
-0.023962116334587343
0.29338890048274335
-0.03902300074696541
0.41011075435255634
-0.037349569145590074
0.5348823912478736
-0.02228868473321201
0.6556291366304388
0.00950651569291949
0.771009359996001
0.03460798971354961
0.8877312138658139
0.11660613818094132
0.9749371966421111
0.25717439269646997
1.0004281762228746
0.4094566684216261
0.9950616542058718
0.5483514913357793
0.9642041526081052
0.6822260194458067
0.9252968679848342
0.7993662315420805
0.872973278319056
0.9198533068411052
0.8112582751235228
1.016912339720875
0.717344139825972
1.0855230353772638
0.6019639164604098
1.1424197098240256
0.49999999813735485
-0.007227800320833926
0.02237953862409717
0.07309691654518245
0.03311258265810295
0.15007477020844814
0.05860356223886671
0.22537919227033854
0.09348595534938552
0.27390870871022344
0.12434345694715218
0.5483514913357793
0.16325074157042316
0.6688385666348039
0.16861726358742607
0.7859787787310779
0.18337519913418404
0.8964252644218503
0.22094085325320428
0.9951577289029956
0.2652146598934782
0.10154525376856324
0.1149520434173971
0.15509506501257417
0.11092715190464492
0.22370576066896317
0.12300182644290146
0.28060243511572475
0.1552009585449188
0.3040304775349796
0.2048412872021956
0.30068361433222884
0.2585065073722246
0.24378693988546724
0.2866807479614898
0.16513565462082622
0.28131422594448685
0.12497329618781805
0.23972368031271443
0.11325927497819065
0.18203356862993328
0.6420636610127984
0.23838204980846367
0.7006337670609355
0.2330155277914608
0.7909990735352039
0.2625313988849767
0.8763440852053463
0.30009705300399697
0.9382610544562339
0.34571249014852157
0.9181798752397298
0.41011075435255634
0.8345082951709628
0.4248686898993143
0.737449262291193
0.4154772763695592
0.6571245454251766
0.377911622250539
0.6387167978100478
0.3121717275422535
0.22872605547308922
0.2102078092191985
0.8094068211503326
0.34437085964427083
0.16513565462082622
0.4704841270438389
0.1952574234455824
0.6521323337204236
0.2370932134799659
0.6816482048139395
0.2939898879267275
0.7017726623777004
0.34586626756936306
0.7286052724627148
0.3927223524078727
0.751412991034977
0.3927223524078727
0.7535681634407415
0.34586626756936306
0.7307604448684792
0.2939898879267275
0.7039278347834649
0.2370932134799659
0.683803377219704
0.1952574234455824
0.654287506126188