0.07560379946271317
0.2708399083350207
0.06278981755654149
0.3725297031440992
0.05282338718507465
0.4842452523709742
0.06563736909124633
0.5930963003356216
0.10265553904240889
0.6919215938824724
0.14964013936503834
0.7878823861670959
0.1994722912223726
0.8723851734028089
0.270661079589993
0.9354042011718153
0.3745967106067187
0.9583202112696358
0.4828036689255017
0.9454299555896118
0.5867392999422274
0.9196494442295636
0.6878273794242483
0.8867076797139467
0.7832203558368597
0.8437401607805333
0.8729182291800613
0.7835856342737545
0.9583447752212058
0.7105408520869517
1.0309573393561784
0.6260380648512386
1.0736706123767508
0.5300772725666152
0.07609024271580407
0.10158234879228625
0.1361215419826287
0.0971636686386344
0.1961528412494534
0.09127209510043198
0.2547199624853799
0.0971636686386344
0.3045020155359174
0.10894681571503927
0.6002659777773462
0.1870101650962215
0.6851883035694397
0.2194138195563349
0.7935374778559037
0.24298011370914463
0.8799239816788953
0.2930584887838653
0.9516687051929054
0.343136863858586
0.11119819364652335
0.22500788813937972
0.16387789703856243
0.19636287551710413
0.24930444307970684
0.18776937173042144
0.3133743526105652
0.22930464003272108
0.33615476488820367
0.3138074272684342
0.3276121102840893
0.373961953775213
0.27777995842675496
0.432684229650878
0.18808208508355334
0.4455744853309021
0.12543595132004742
0.39974246513526107
0.10265553904240889
0.3181041791617755
0.6251812456607424
0.32526543231734445
0.6579280883098477
0.2751366602283621
0.7362357555142303
0.30378167285063773
0.8131196469512603
0.36107169809518896
0.8686469018780041
0.4341164802819918
0.8501378169024228
0.5343740244599565
0.7704063739306879
0.57734154339337
0.676437173285429
0.5601545358200045
0.6209099183586851
0.4885420042643155
0.6123672637545708
0.39258121197969215
0.2225080458056203
0.3004229557066183
0.7452196028362642
0.44771229416167924
0.30010948144322297
0.5346130038501651
0.3046734081317891
0.6701367362717248
0.32187701819371256
0.6734325402808218
0.33986707900132396
0.682831685047506
0.35608762563113755
0.6934514979657076
0.37191494688810717
0.7055361126657301
0.3725047849473731
0.7209165313748498
0.35333504802122984
0.7161559255839317
0.3347551491543524
0.7087098498596756
0.31735492640600693
0.698944504647536
0.3046734081317891
0.6844185536444786