0.05618130413035225
0.48731389853080037
0.10926783429807584
0.5938772995111603
0.17120211949375344
0.7004407004915203
0.2360856563654156
0.8036211363613927
0.31719007745499334
0.8814293339026079
0.4100915052485097
0.9490886361123603
0.507416810556003
1.003216077880162
0.6076913675394809
1.0471946243165011
0.7123898020369359
1.0624179673136953
0.7979181006404906
1.0065990429906497
0.8554285083221912
0.9017271245655336
0.9040911609759378
0.791780758474686
0.9380075552497612
0.6733769796076194
0.9616015686576385
0.5532817181853089
0.9601269428196461
0.42303756143153554
0.9512791877916921
0.29279340467776227
0.9439060586017305
0.17438962581069564
-0.01017685857930229
0.32154860811690705
0.0856738208901987
0.2708041314595927
0.19332150706363826
0.23697448035471655
0.30981694826503176
0.22175113735752228
0.40271837605854804
0.15409183514776992
0.5354347014778571
0.08812401549326138
0.6239122517573965
0.05429436438838517
0.7035420470089819
-0.004907525045148177
0.7920195972885213
-0.05226903659197481
0.8701747667021145
-0.02013086804234245
0.09009769840417568
0.40443125332385366
0.1313872218679607
0.33338898600361366
0.19774538457761523
0.29110192212251845
0.2729513023152237
0.2708041314595927
0.33341096167290896
0.30463378256446894
0.36290347843275544
0.37567604988470893
0.3437333425388551
0.4568672125364118
0.27590055399120833
0.4991542764175069
0.1962707587396229
0.4974627938622631
0.1269633443539837
0.46532462531263075
0.5840973541316038
0.15916628281350137
0.6253868775953888
0.0965814282694804
0.6961689178190203
0.07459215505131085
0.7713748355566288
0.0610602946093604
0.8465807532942372
0.07290067249606703
0.8569031341601835
0.14225145726106328
0.8333091207523063
0.22005965480227846
0.7625270805286749
0.2606552361281299
0.6917450403050434
0.269112648904349
0.6239122517573965
0.2268255850232537
0.25230654058333113
0.4162716312105604
0.7389330671207978
0.19976186413935274
0.6106406192154656
0.5312924449671393
0.5905958776521353
0.7336802995422419
0.6128983222225985
0.715199869206113
0.637966961468468
0.7028795823153604
0.6635542622159761
0.6921563696511868
0.6915619833044647
0.6896466815808484
0.6983045828257677
0.710180493065436
0.6746190409176013
0.7243260076437075
0.649204627337306
0.7361899876125804
0.6227528907537334
0.7491947348861525
0.597511364340651
0.7567237990971679