0.12653737557151462
0.4954344919876547
0.16958373511173078
0.5745702224884338
0.218010889594474
0.6476185891045377
0.2789932322764469
0.7115359098936285
0.33100758338754144
0.7769750716538881
0.39019632775533863
0.8393705514718102
0.46014666200819
0.9017660312897322
0.5390649878319197
0.9535086243094724
0.6448872883682845
0.95655230625181
0.7381544007054195
0.9200281229437581
0.8081047349582707
0.8637200070105115
0.851151094498487
0.7906716403944076
0.8959910523528789
0.7024048640666155
0.9300694203222165
0.6156599287099922
0.9372438135789194
0.5182621065551871
0.9228950270655139
0.42238612537155085
0.8870230607820004
0.3402067129284341
0.1050141958014065
0.42238612537155085
0.146266957027447
0.39651482886168077
0.2018685047668929
0.3873837830346678
0.26464444576304147
0.3843401010923302
0.31486519855996037
0.37064353235181063
0.4870506367208251
0.30976989350505746
0.5605881676020278
0.29455148379336915
0.6161897153414736
0.2610709824276549
0.6628232715100412
0.21845943523492772
0.7148376226211357
0.1865007748403823
0.18393252162513618
0.46499767256427804
0.20007490645271722
0.42847348925622625
0.24850206093546046
0.4132550795445379
0.28975482216150095
0.4132550795445379
0.33100758338754144
0.4269516482850574
0.3543243614718252
0.46499767256427804
0.3363883783300685
0.50152185587233
0.2933420187898523
0.5258713114110313
0.23774047105040638
0.5213057884975248
0.2036621030810686
0.4923908100453171
0.5605881676020278
0.35238144069778465
0.5892857406288385
0.314335416418564
0.6484744849966357
0.3006388476780445
0.7094568276786087
0.29150780185103153
0.7722327686747573
0.305204370591551
0.7758199653031086
0.34933775875544704
0.7471223922762978
0.3934711469193431
0.6933144428510276
0.42390796634271977
0.6305385018548791
0.42999533022739506
0.5839049456863116
0.3934711469193431
0.27540603564809557
0.47108503644895344
0.6538552799391627
0.35846880458246005
0.3650859513568792
0.5837012683154469
0.4834634400924738
0.7290538045892258
0.5300969962610413
0.7107917129351998
0.5785241507437845
0.6910077803100051
0.6305385018548791
0.6788330525406544
0.691520844536852
0.681876734482992
0.691520844536852
0.6856646133837584
0.6305385018548791
0.6826209314414208
0.5785241507437845
0.6947956592107715
0.5300969962610413
0.7145795918359662
0.4834634400924738
0.7328416834899921