0.18083609540989956
0.2636192931236481
0.13925220958053833
0.32619065621551163
0.09577814712256977
0.39919057982268574
0.054194261293208625
0.4756666902682967
0.03340231837852801
0.5625713612292184
0.04096302489295734
0.6512141256093583
0.07309602757928187
0.7294283294741879
0.12413079655167976
0.8059044399197988
0.19028697855293614
0.863261522754007
0.2621136904400146
0.9067138582344679
0.345281462098737
0.9379995397803996
0.44168047015771067
0.9414757266188365
0.5361893015880771
0.927570979265089
0.6231374265040142
0.8945472042999388
0.6949641383910925
0.8458805885618228
0.766790850278171
0.7954758794044883
0.8386175621652494
0.7502854505048089
0.2337610410109047
0.12109563274773669
0.3150386360410197
0.1489051274552316
0.37363411152784687
0.1993098366125661
0.4189983506144228
0.2601431062852112
0.4511313533007474
0.32097637595785633
0.6363686629042653
0.4878333442028258
0.7157560813057732
0.5017380915565733
0.7913631464500663
0.5260713994256312
0.8537389751941081
0.5625713612292184
0.8839818012518252
0.6077617901288976
0.25266280729697793
0.25840501286599277
0.29991722301216117
0.2549288260275559
0.3660734050134177
0.2949049746695799
0.42277870387163746
0.3540001509230066
0.43411976364328136
0.4235238876917438
0.3793046414136689
0.4704524100106414
0.3055877528979832
0.4635000363337677
0.24888245403976328
0.43047626136861755
0.20162803832458015
0.38180964563050146
0.22052980461065338
0.31228590886176416
0.6155767199895849
0.5504047072946894
0.674172195476412
0.56083326781
0.7365480242204538
0.597333229613587
0.7989238529644956
0.6373093782556108
0.8291666790222127
0.6877140874129454
0.7705712035353857
0.7224759557973142
0.7044150215341292
0.7294283294741879
0.6382588395328727
0.7120473952820034
0.5891142471890822
0.6633807795438874
0.5777731874174382
0.5990713230328054
0.32448951918405644
0.38180964563050146
0.662831135704768
0.6373093782556108
0.3660734050134177
0.6477379387709215
0.2829056333546952
0.6929283676706007
0.30747792952659053
0.6929283676706007
0.3301600490698784
0.7033569281859113
0.345281462098737
0.725952142635751
0.350951991984559
0.7502854505048089
0.33772075558430764
0.762452104439338
0.30747792952659053
0.7641901978585565
0.2829056333546952
0.7554997307624642
0.26967439695444395
0.7363807031510616
0.2677842203258366
0.7137854887012219