-0.09929549578211329
0.37914354552331875
-0.04458316005704715
0.48007859084878535
0.017945223628742745
0.5796855434726012
0.08203681690667738
0.677964403394766
0.14769161977675677
0.773587077913629
0.2024039555018229
0.8625692889242377
0.2930701118462183
0.9223334604985272
0.41500046003350854
0.9555357780397992
0.5509996945501016
0.967488612354657
0.6885621386588392
0.9741290758629113
0.7901707621482478
0.9316301094100834
0.844883097873314
0.8413198056978237
0.8964690144140907
0.741712853074008
0.9308596254412752
0.6328092515386361
0.9433653021784331
0.5159370937933591
0.9355492542177094
0.397736843346431
0.937112463809854
0.28750514910940833
0.010129175668018998
0.1706329913641312
0.10079533201241433
0.12813402491130313
0.2211624706075599
0.11618119059644524
0.34152960920270536
0.10422835628158734
0.4478278614685482
0.07501031684526807
0.7620329894896424
0.06969794603866458
0.8089292772539848
0.08829124386177685
0.8730208705319195
0.09227552196672949
0.9308596254412752
0.1029002635799365
0.9730662844291832
0.12680593220965225
0.05858867302450617
0.29414561261766264
0.12736989507887503
0.23172525564007146
0.23523135693686262
0.18391391838063995
0.34309281879485015
0.16133634245257503
0.3852994777827583
0.2237566994301662
0.3946787353356268
0.33000411556223636
0.3665409626770214
0.42297060467779773
0.26336912959546804
0.4548448295174188
0.16019729651391473
0.43226725358935375
0.07422076894595363
0.3645345258051591
0.708883863356721
0.2516466461648346
0.7338952168310369
0.1799296402756873
0.7979868101089717
0.13875876652451014
0.8808369184926431
0.16000824975092415
0.9089746911512486
0.215788143220261
0.9042850623748143
0.28750514910940833
0.8839633376769327
0.3592221549985556
0.8261245827675769
0.4070334922579872
0.7432744743839054
0.38179973092662056
0.708883863356721
0.31672318854572756
0.28838048306978403
0.3353164863688398
0.8136189060304191
0.3047703542308697
0.7698490374503661
0.5292180208098678
0.6463554796709311
0.6925734231129256
0.665113994776668
0.6806205887980677
0.6869989290666946
0.6726520325881624
0.7135734921331552
0.6673396617815589
0.7338952168310369
0.6713239398865115
0.7307687976467474
0.6899172377096238
0.7135734921331552
0.7031981647261326
0.6916885578431289
0.7124948136376887
0.6635507851845234
0.7151509990409904
0.6369762221180627
0.7098386282343869