-0.017894468659790875
0.20991771809902635
-0.017894468659790875
0.3457009260887312
-0.017894468659790875
0.48422722918933914
0.007288041828511015
0.6145242469572376
0.03966555531347059
0.7407066220587815
0.08283557329341669
0.8668889971603253
0.1403955972666781
0.9875851820400628
0.24472314071821455
1.0657633927008021
0.41740321263799884
1.0781073206998661
0.5864857830594544
1.0506763695908348
0.7465745997350879
1.0040437527054817
0.9066634164107213
0.9505533980428708
1.025380965855573
0.8723751873821316
1.1099222510663007
0.7599082878351033
1.1530922690462468
0.6282397225117533
1.171079776537891
0.4910849669665969
1.1764760287853844
0.35530175897689215
-0.034083225402270656
0.042588916333935606
0.01808054632349754
0.04944665411119343
0.08643307479174551
0.06453367722116063
0.15298685251082905
0.08510689055293408
0.199754371989104
0.11116629410651381
0.4695669843637671
0.10568010388470755
0.6134670442969208
0.10156546121835285
0.7555683534809099
0.11116629410651381
0.8922734104174058
0.1303679598828357
1.012789710611422
0.1715143865463826
0.03606805381514173
0.16328510121367323
0.07564057029675901
0.1303679598828357
0.15118810176166467
0.13996879277099664
0.21774187948074825
0.16054200610277009
0.24112563921988567
0.20854617054357483
0.2429243899690501
0.2647796203170889
0.2105468764840905
0.30729759453608735
0.13320059427002043
0.30866914209153895
0.07204306879843014
0.2757520007607014
0.05045805980845709
0.22637628876444515
0.5828882815611255
0.1866014096563498
0.6638320652735246
0.16054200610277009
0.7699583594742254
0.17700057676818887
0.8706884014274329
0.20991771809902635
0.9588271881364894
0.25929343009528266
0.9516321851398318
0.32649926031240933
0.8616946476816107
0.3566733065323437
0.7501721012334167
0.3511871163105374
0.6476433085310447
0.32649926031240933
0.5936807860561121
0.2634080727616373
0.14938935101250023
0.22089009854263886
0.7267883414942792
0.2647796203170889
0.13320059427002043
0.481484134078436
0.2320119687574526
0.709464044603786
0.2667878165746314
0.7184110001689992
0.30372216529080753
0.7314247537184
0.3411361808734274
0.7428117880741257
0.3744730280912747
0.7609768190701646
0.3804688639218227
0.7829375281847786
0.3396971802740959
0.7796840897974283
0.3006043306589225
0.7693815349041526
0.26414964880919023
0.7566389012203643
0.2358493036890034
0.7330514729120752