0.12761080146008566
0.307947029045086
0.14074262933266934
0.4204629197486452
0.15879889265747185
0.5329788104522044
0.18342106991856627
0.6454947011557636
0.22445803202039025
0.7444310878088931
0.28190977896294384
0.8356077578617772
0.3442859613577163
0.9229045696145388
0.4230769285932182
0.9908020898666865
0.5166412021853769
0.9811024441163796
0.6003566048730977
0.9287243570647227
0.6840720075608187
0.8724664117129433
0.7612214963122479
0.8200883246612864
0.8121073293185095
0.7424911586588318
0.8383709850636768
0.6338551262553953
0.8547857699044064
0.5174593772517134
0.869559076261063
0.40300355739809285
0.8744835117132819
0.2904876666945337
0.12268636600786682
0.07127567273759945
0.1670062850778367
0.07321560188766078
0.2146091611159525
0.09067496423821306
0.2687779510903601
0.08873503508815173
0.3163808271284759
0.10231453913858124
0.5346974655101794
0.06351595613735399
0.6216958251660463
0.07515553103772217
0.7070527063378401
0.06739581443747669
0.7940510659937069
0.06351595613735399
0.8662761192929173
0.09067496423821306
0.155515935689326
0.2361696504928154
0.18013811295042031
0.17021205939072906
0.25072168776555764
0.15081276789011536
0.31145639167625705
0.18185163429109724
0.3410030043895703
0.2555689419934291
0.3442859613577163
0.3273463205456996
0.31966378409662183
0.3991236990979701
0.25728760170184944
0.4379222820991974
0.20476029021151473
0.40300355739809285
0.1752136774982015
0.3254063913956382
0.5790173845801493
0.23034986304263136
0.6102054757775356
0.15081276789011536
0.6939208784652565
0.15275269704017674
0.7743533241848315
0.17409191769085172
0.8400124635477498
0.23422972134275413
0.835088028095531
0.3157067456453314
0.7809192381211233
0.3855441950475405
0.7004867924015482
0.41464313229846106
0.6167713897138273
0.4107632739983383
0.5757344276120033
0.33316610799588375
0.26713647260628715
0.3098869581951474
0.6824305290767457
0.29824738329477907
0.38368144497546725
0.49418022745097706
0.40994510072063456
0.6610141343562543
0.42143545010914524
0.6513144886059477
0.4444161488861667
0.6571342760561316
0.4608309337268963
0.6726537092566227
0.4772457185676259
0.6881731424571135
0.4887360679561366
0.7036925756576043
0.47232128311540705
0.7172720797080341
0.4460576273702397
0.7153321505579726
0.42800136404543715
0.701752646507543
0.41486953617285344
0.6842932841569908