0.0825331594465167
0.26296778269234733
0.06633534943991502
0.35809778115869617
0.05013753943331329
0.4548132795994841
0.05553680943551386
0.5562852779635895
0.09153194278351767
0.6466587765066208
0.1401253728033228
0.7338612751007739
0.2031168561623295
0.8163072737716096
0.27150760952353675
0.8828982726980537
0.3650949562283467
0.9209502720845932
0.47847962627455876
0.917779272135715
0.5810657563163697
0.8876547726213713
0.67825261635598
0.8511882732092708
0.7610414230563889
0.7972812740783398
0.8366312030871969
0.7370322750496522
0.9104212264506047
0.6704412761232081
0.9662136831400107
0.594337277350129
1.0130073564924156
0.5118912786792934
0.12392756279672114
0.0822207856062846
0.22111442283633148
0.06160928593857569
0.3273000662129427
0.07429328573408889
0.41548814291555214
0.12027278499282415
0.4766798696071586
0.18052178402151173
0.7610414230563889
0.2074752835869772
0.8564285264285989
0.22808678325468612
0.9446166031312083
0.259796782743469
1.0094078431576152
0.3216312817465958
1.05440175984262
0.38822228067304
0.13112658946632189
0.19162028384258575
0.21391539616673066
0.1551537844304854
0.31290201287374114
0.1551537844304854
0.39929033290895033
0.19320578381702488
0.4298861962547536
0.27089528256454304
0.3920913062393497
0.3438282813887438
0.32190079621074214
0.4009062804685531
0.22651369283853198
0.40407728041743135
0.15092391280772396
0.3485847813120613
0.12392756279672114
0.2677242826156648
0.6872513996929809
0.33748628149098725
0.7394443430475865
0.28357928236005625
0.8384309597545969
0.291506782232252
0.9122209831180049
0.35175578126093954
0.9554151431356094
0.42468878008514027
0.9284187931246065
0.48969427903714535
0.8546287697611987
0.5372592782703197
0.7520426397193879
0.5372592782703197
0.6836518863581806
0.4833522791393887
0.6710535896863793
0.4056627803918706
0.2841059061953381
0.2978487821300086
0.791637286402192
0.43895827985509267
0.5090754896203621
0.5245752784748066
0.3975919418469556
0.6505893415595325
0.42047160706700853
0.6458107183807579
0.44531238644878035
0.6556334438037947
0.4663943636872578
0.6678454808162191
0.48388096496258404
0.6848361410074182
0.48077586753986257
0.7055435081154419
0.45642536669852046
0.702888717460567
0.4306040302358893
0.6962517408233799
0.40886834827683877
0.6845706619419306
0.3938331397036612
0.6665180854887817