0.08228214176178432
0.5068953595099513
0.11150531060212422
0.5879157735651592
0.12794334307481547
0.6775553806049637
0.14803427165254915
0.7620234718540102
0.20100126517566522
0.8292531771338635
0.26675339506643
0.8792444964445237
0.33981131716727975
0.9188927841736682
0.42017503147821444
0.9481980403212964
0.5133238821567979
0.9637125876935703
0.6046462847828602
0.9499218789182158
0.6813571029887523
0.9085497525921522
0.7489356809320383
0.8551107560876533
0.8128613627702818
0.7965002437923965
0.8566961160307918
0.7309943771094626
0.8968779731862592
0.6585931560388512
0.9242746939740777
0.5758489033867239
0.9297540381316415
0.4913808121376774
0.08958793397186933
0.3879504963225185
0.1553400638626341
0.3655405945625673
0.23205088206852628
0.3655405945625673
0.30510880416937614
0.38450281912867984
0.36538158990257713
0.40691272088863095
0.5608115315223502
0.4482848472146945
0.6466545899908487
0.41380807527630825
0.7434563367744745
0.38967433491943776
0.8493903238207067
0.39312201211327635
0.9242746939740777
0.41380807527630825
0.15899295996767654
0.4586278787962105
0.19734836907062267
0.42759878405166274
0.27405918727651496
0.4310464612455014
0.3471171093773647
0.4482848472146945
0.37634027821770455
0.500000005122274
0.37816672627022585
0.5672297104021273
0.3452906613248435
0.6206687069066262
0.2704062911714724
0.6172210297127877
0.2101335054382714
0.5775727419836433
0.18456323270297398
0.5241337454791445
0.6101256289404238
0.500000005122274
0.6740513107786673
0.4706947489746456
0.747109232879517
0.4586278787962105
0.8238200510854093
0.4586278787962105
0.8859192848711316
0.4913808121376774
0.8731341485034828
0.5534390016267728
0.8128613627702818
0.5930872893559171
0.747109232879517
0.6206687069066262
0.6703984146736247
0.6068779981312717
0.6229107653080725
0.5568866788206115
0.28319142753912113
0.5344767770606603
0.7288447523543047
0.5413721314483377
0.5041916418941916
0.722375184124866
0.45487754447611806
0.805119436776993
0.4786213691588942
0.7930525665985579
0.5023651938416704
0.7913287280016386
0.5334148107345317
0.7930525665985579
0.5535057393122653
0.8102909525677511
0.5443734990496589
0.8344246929246215
0.5261090185244466
0.848215401699976
0.5005387457891491
0.8551107560876533
0.47314202500133057
0.848215401699976
0.45487754447611806
0.8292531771338635