0.06914953930533714
0.6119682100903711
0.13472610587052689
0.6856687942655474
0.20030267243571662
0.7650386541465063
0.2710224991236663
0.8387392383216825
0.354600476118516
0.8855107628943905
0.44975078838957555
0.9181090982026414
0.5487585457527052
0.943620838878664
0.6439088580237649
0.9691325795546865
0.7429166153868944
0.9662979417017951
0.8136364420748441
0.9081878657175216
0.8663548583331339
0.8259833679836712
0.9165016445300437
0.7366922756175924
0.9550760954507435
0.6374799507663937
0.9692200607883334
0.5283463934300752
0.9730775058804034
0.41354356038797374
0.9795065810338535
0.2944887705665353
0.9885072862486833
0.18535521323021673
0.04986231384498722
0.3993703711235168
0.11415306537948698
0.37952790615327703
0.1823012620060567
0.3625200790359287
0.2440203834791764
0.3412602951392433
0.2928813546453962
0.30299268412520947
0.4921826844023454
0.18677253215666242
0.586047181642715
0.16976470503931407
0.6477663031158347
0.09748143979058359
0.7326300951413744
0.05212723414432134
0.8264945923817442
0.039371363806310074
0.13344029083983686
0.5283463934300752
0.17330055679122672
0.4659843606664645
0.2337338632336565
0.4092916036086367
0.3018820598602262
0.3837798629326142
0.354600476118516
0.444724576769779
0.3751735166095559
0.48440950671025856
0.3777451466709359
0.5737005990763373
0.33531325065816603
0.6318106750606108
0.26330760893952637
0.6105508911639254
0.19387359728226666
0.5722832801498916
0.597619516918925
0.2406306513615989
0.6220500025020349
0.19244180786244522
0.6940556442206746
0.17401666181865116
0.7724903610927643
0.1626781104070856
0.847067632872784
0.17685129967154253
0.857354153118304
0.24204797028804453
0.839352742688644
0.3355910194334604
0.7853485113996642
0.37811058722683133
0.7107712396196445
0.3738586304474943
0.6580528233613548
0.3185831923161121
0.32888417550471605
0.5170078420185096
0.7930634015838042
0.28598485700786114
0.5603308810289152
0.6077162533110342
0.568045771213055
0.7508654648820493
0.5616166960596052
0.6672436482217533
0.6374797828703148
0.6190548047225997
0.7172003147730945
0.5907084261936858
0.7879201414610442
0.6417319075457308
0.814922257105534
0.6970073456771129
0.8123506270441542
0.8018889462340943
0.7506315055710344
0.8699202547034878
0.6709109736682547
0.9124398224968587
0.6169067423792749
0.8472431518803566