0.09442003653538937
0.4169398172137638
0.12047297254237638
0.518273239644865
0.15955237655285698
0.6129618474903205
0.20188839756421098
0.7093116589821874
0.24910934407687502
0.7956942485955852
0.3142416840943427
0.8671260053912797
0.40379865161836076
0.9136397074908017
0.4982405446436888
0.9518473913582661
0.6008239801712004
0.9701206314687927
0.7017791071982753
0.9618146132367351
0.7831945322201098
0.8970276710266867
0.8320437872332106
0.8106450814132887
0.8743798082445646
0.717617677214245
0.8955478187502416
0.6162842547831435
0.9102025952541718
0.5132896287056306
0.9167158292559187
0.4069725953352948
0.9069459782532985
0.3073003765506048
0.11884466404193968
0.23088500881567595
0.19374685506202755
0.19267732494821146
0.27516228008386207
0.1461636228486895
0.3582060136061334
0.10961714262763651
0.44939128963058805
0.10131112439557909
0.7392302027083192
0.09300510616352159
0.7962210002236034
0.0896826988706986
0.8418136382358308
0.11626195721328252
0.8825213507467481
0.15280843743433548
0.9069459782532985
0.18935491765538848
0.15955237655285698
0.33886324583242333
0.23282625907250815
0.26410908174390585
0.29958690759041245
0.21095056505873797
0.4054269601187975
0.20264454682668046
0.4428780556288414
0.26909269268314034
0.4412497471284047
0.3737485224070648
0.41031188562010756
0.45680870472763957
0.32889646059827293
0.5033224068271616
0.23282625907250815
0.4833879630702236
0.15955237655285698
0.41527861356735224
0.6854960221939085
0.27241509997596336
0.7082923412000222
0.19932213953385747
0.7734246812174896
0.16609806660562748
0.8434419467362675
0.19267732494821146
0.8906628932489316
0.2524806562190254
0.8906628932489316
0.3222512093683083
0.8597250317406344
0.39534416981041426
0.8011059257249135
0.43687426097070176
0.7278320432052623
0.4119562062745293
0.6968941816969653
0.3471692640644808
0.3533210881048233
0.3704261151142418
0.7799379152192365
0.33387963489318884
0.7082923412000222
0.4767431484845776
0.5031254701449989
0.6594755495898424
0.5389482571546061
0.591366200086971
0.6187353736760041
0.5631257380979755
0.703407415698712
0.5631257380979755
0.7441151282096292
0.617945458429555
0.7310886602061357
0.7109728626285989
0.7131772667013322
0.7940330449491737
0.6513015436847379
0.8405467470486957
0.5780276611650867
0.7923718413027623
0.529178406151986
0.7209400845070679