0.08745289531846842
0.5064590014023891
0.0997837089623014
0.590425971204674
0.11035297779987253
0.679237189264783
0.13501460508753857
0.7583599108092438
0.19666867330670357
0.8277941358380563
0.265368920750916
0.8762366184162975
0.3411153474201759
0.91822010331744
0.425669498120745
0.9440560940258352
0.5225544624651473
0.9489003422836594
0.6176778820032875
0.9440560940258352
0.7022320327038566
0.9085316068017917
0.7762169145668546
0.8633186230620999
0.8325863483672341
0.806802393387485
0.871340334104995
0.7325239201008483
0.8889557821676135
0.6485569502985636
0.9030481406177083
0.562975231077004
0.918902043874065
0.49354100604819146
0.08569135051220655
0.37566429844113775
0.1579146875689427
0.3724347996025883
0.2336611142382026
0.374049549021863
0.3041229064886769
0.3934265420531595
0.35873079548279446
0.4144182845037307
0.5947777995218834
0.40472978798808246
0.6652395917723576
0.39181179263388477
0.7392244736353557
0.38212329611823653
0.8149709003046155
0.38050854669896184
0.871340334104995
0.38212329611823653
0.15086850834389526
0.46124601766269735
0.19490712850044173
0.43379527753502717
0.26184583113839227
0.4370247763735766
0.3305460785826047
0.4531722705663238
0.37986933315793675
0.48869675779036736
0.3816308779641986
0.5452129874649823
0.339353802613914
0.5952702194624981
0.2724150999759634
0.6033439665588717
0.2072379421442747
0.5775079758504764
0.17376859082529947
0.5242212450144109
0.6300086956471205
0.4596312682434226
0.684616584641238
0.43218052811575247
0.7515552872791886
0.42572153043865363
0.8202555347234012
0.4305657786964778
0.871340334104995
0.46124601766269735
0.8572479756549001
0.5080737508216638
0.8202555347234012
0.5565162333999052
0.7586014665042361
0.5823522241083005
0.6934243086725473
0.5678194793348281
0.6529087781285247
0.5209917461758615
0.26924431932469206
0.511949149427923
0.7540214500079554
0.4945098556997562
0.5067005592087905
0.690540435199706
0.4661850286647677
0.7777369038405403
0.48556202153364825
0.7648189084863426
0.5155082832400998
0.763204159067068
0.5401699105277658
0.7696631567441667
0.561308448202908
0.7825811520983644
0.561308448202908
0.8003433957103862
0.5454545449465513
0.8164908899031332
0.5172698280463617
0.8213351381609574
0.49260820075869566
0.8132613910645838
0.474992752696077
0.7971138968718368