0.10462647742643594
0.4941533065731895
0.16856896749800163
0.5910414925413829
0.23087190654209133
0.691270650439514
0.29153529455870486
0.7848178644777697
0.38007105004241126
0.8666716767612433
0.4751650096360218
0.9418435451848417
0.5751776223120605
1.0120039557135334
0.6850275411529554
1.0470841609778794
0.8030752151312305
1.028708815363222
0.9096460319171732
0.9785942364141565
0.9785071750711671
0.8850470223759007
1.0375310120603045
0.7864883504427386
1.0965548490494421
0.6845887065796387
1.1359040737088673
0.5726661469267256
1.1342645226813912
0.4473796995540618
1.1096712572692506
0.3254342241113356
1.0736011346647774
0.220193608318298
0.042323538382346315
0.38056026095530776
0.0833123140692474
0.34046859779605526
0.1406966000309089
0.3154113083215225
0.2013599880475225
0.298706448671834
0.26858158017404027
0.3003769346368029
0.5751776223120605
0.13332833813991776
0.6620738267682906
0.09490716094563416
0.7555282353344251
0.06650889954116368
0.8539012969829878
0.059826955681288284
0.9440766034941701
0.07152035743607024
0.18004582469033398
0.44570921358909293
0.18824357982771417
0.38557171885021424
0.257104722981708
0.34046859779605526
0.32596586613570183
0.3371276258661176
0.3817106010698873
0.37721928902537
0.4210598257293123
0.4373567837642487
0.40794341750950397
0.5158696241177847
0.35383823360279454
0.5726661469267256
0.28497709044880076
0.5626432311369125
0.2259532534596632
0.5141991381528158
0.6194455000539136
0.2368984679679865
0.6538760716309104
0.14669222585966857
0.7440513781420929
0.12497590831507345
0.8391453377357034
0.10994153463035383
0.9276810932194097
0.13332833813991776
0.9489952565765983
0.2235345802482357
0.9244019911644575
0.31708179428649136
0.8424244397906554
0.355502971480775
0.7440513781420929
0.3538324855158061
0.6620738267682906
0.3137408223565537
0.3472800294928904
0.4590731013088437
0.8489826439005597
0.24023943989792423
0.5063164791580665
0.6311331557006354
0.6079686428615813
0.7798064065828632
0.6276432551912938
0.7664425188631123
0.6505969695759584
0.7597605750032369
0.676829786015575
0.7564196030732993
0.6948648473178115
0.7614310609682058
0.7030626024551918
0.781476892547832
0.6915857452628595
0.7981817521975205
0.6702715819056709
0.8082046679873337
0.6423992144385782
0.8082046679873337
0.6227246021088656
0.7981817521975205