0.017752023678988406
0.36596479788874886
0.060921020812003436
0.4746419940756481
0.08839220080574026
0.5905643366750074
0.13352342508116502
0.7028641060681368
0.20808805649273637
0.8061074424456911
0.2806904607618981
0.9021056324107857
0.36506622788551824
0.99810382237588
0.4769131750028753
1.0343295544381799
0.5946468035474618
1.003537682185225
0.7025692963799992
0.9564442305042352
0.7849828363612097
0.8821814797765207
0.8811319663392885
0.8006735826363462
0.9596210520356795
0.7155431122899417
1.0204500934503826
0.6195449223248474
1.0204500934503826
0.500000006519258
1.006714503453514
0.3732099443012088
1.0027900491686945
0.25185374189250453
-0.025416973454026576
0.21925058303643472
0.0707321565240523
0.21925058303643472
0.16688128650213113
0.21200543662397472
0.26106818933780035
0.21200543662397472
0.3336705936069619
0.2464198820831595
0.5181199449934806
0.19389257059282483
0.6221179835411985
0.15042169211806516
0.7496627477978338
0.14317654570560515
0.8752452849120592
0.14861040551495017
0.989054459171826
0.17940227776790493
0.07858106509369138
0.335172925635794
0.10997669937224772
0.2844569007485743
0.19827692078068757
0.2735891811298844
0.2492948264833416
0.2717778945267694
0.323859457894913
0.3243052060171041
0.33955727503419114
0.38770023712612867
0.3003127321859957
0.44928398163203837
0.23555923648647323
0.494566146709913
0.16295683221731166
0.46739684766318823
0.11978783508429663
0.4094356763635086
0.6103446206867399
0.25185374189250453
0.6515513906773451
0.21019415002085973
0.7378893849433752
0.20838286341774473
0.8222651520669955
0.21200543662397472
0.8830941934816983
0.2627214615111944
0.885056420624108
0.3224939194139891
0.851698559203142
0.39132281033235866
0.7673227920795217
0.3967566701417037
0.6829470249559014
0.3804550907136688
0.6319291192532475
0.3261164926202191
0.2512570536257514
0.37139865769809377
0.8006806535004878
0.3098149131921842
0.33759504789178146
0.5597724644220526
0.4180463607305821
0.7336559783210915
0.43374417786986036
0.7173543988930567
0.4749509478604655
0.7227882587024017
0.514195490708661
0.7282221185117467
0.5416666707023978
0.7463349845428965
0.5612889421264955
0.7807494300020813
0.5259688535631196
0.7879945764145413
0.48672431071492417
0.7843720032083114
0.44355531358190914
0.7807494300020813
0.4160841335881723
0.7626365639709315