-0.1845861489953428
0.31587204168356386
-0.1391105896857039
0.44607680372813624
-0.09510198390218234
0.5749663661560969
-0.03935774990972173
0.7078015274338929
0.041324694026734415
0.8222238940791233
0.17041660432506422
0.9024510706924457
0.306843282253981
0.9682110515230378
0.44767082076124987
1.0181886369542876
0.592899219846871
1.0536990266028077
0.7322598048280226
1.0379166312034656
0.8276117840256525
0.9392766599575773
0.917095949118813
0.8314302913954061
0.993377532476917
0.7183231243667877
1.0300513706298515
0.5881183623222153
1.0491217664693775
0.45396800142780724
1.0549895805738472
0.31718724130017567
1.066725208782786
0.18961287848882694
-0.0026839117567871167
0.10149450417583349
0.09266806744084288
0.06598411452731374
0.20709044247799885
0.05677771721103087
0.3273806316196244
0.05546251759441902
0.4374021460784282
0.03310412411201769
0.7366606654063746
0.00811533139639268
0.8217439699211829
0.012060930246228205
0.9126950885404608
0.00022413369672163053
1.0080470677380908
-0.0010910659198902202
1.0828616975700773
0.01995212794589927
-0.032022982279134804
0.2343296654536296
0.0530603222356735
0.17514568270609668
0.16161488316835995
0.1409504926741888
0.27603725820551595
0.12779849650807037
0.34058321335468084
0.16725448500642562
0.33178149219797654
0.2777312528018204
0.30537632872786363
0.3724256251978731
0.1938878607429424
0.40004481714672174
0.08533329981025595
0.3790016232809323
0.004650855873799805
0.3079808439838928
0.726391990723553
0.15278728922369533
0.7733345035593092
0.0857121087764914
0.8349465516562394
0.06861451376053744
0.9346993914322216
0.08834250800971506
1.0036462071597387
0.13963529305757694
0.9963114395291517
0.23169926622040596
0.9508358802195128
0.3040352451340573
0.8584178080741176
0.3211328401500112
0.7704005965070745
0.30008964628422174
0.7307928513019051
0.22380806852073484
0.2026895818996467
0.2343296654536296
0.859884761600235
0.17383048308948484
0.6985198737273227
0.47238079606037314
0.5518245211155842
0.7248991224498469
0.5796966381118145
0.7143775255169521
0.6134365692125143
0.7117471262837285
0.6486434538393316
0.7091167270505049
0.6750486173094445
0.7012255293508338
0.6721147102572097
0.7248991224498469
0.6457095467870968
0.7341055197661298
0.6163704762647492
0.7446271166990245
0.5796966381118145
0.7433119170824126
0.547423660537232
0.7393663182325773