0.06568010296121606
0.23940923393479904
0.06933202569847866
0.34153264590742577
0.06568010296121606
0.44365605788005247
0.06933202569847866
0.5457794698526791
0.08576567801616052
0.6443813848607325
0.12228490538878681
0.7341795574573524
0.1679339396045698
0.8222169815716858
0.22453874203214055
0.8996899147922992
0.319488733200969
0.9208188965797391
0.4253944925815854
0.9190581480974525
0.5294742905935704
0.9137759026505925
0.6280762044996616
0.8926469208631526
0.7193742729312274
0.8521497057705593
0.8088463799941619
0.8010879997842458
0.8818848347394146
0.7288973120104925
0.9439675212728794
0.6479028818253058
0.9731829031709804
0.5721906970869792
0.06020221885532208
0.1161568401747324
0.13324067360057473
0.11439609169244573
0.20993105108309004
0.12848207955073904
0.27749162172244873
0.1584148037496124
0.3505300764677014
0.14785031285589237
0.607990629444717
0.21651950366507236
0.6846810069272324
0.2728634550982457
0.7723271526215356
0.3186429156376991
0.8508434914726821
0.3785083640354458
0.8946665643198339
0.4154840821634658
0.1295887508633121
0.20771576125363908
0.20080124423993345
0.19539052187763237
0.2756656603538174
0.21123725821821243
0.32679257867549427
0.265820461169099
0.32314065593823166
0.3397718974251391
0.29940315814602453
0.3908336034114524
0.250102201192979
0.43661306395090577
0.1825416305536203
0.4278093215394724
0.146022403180994
0.3609008792125791
0.13141471223194343
0.286949442956539
0.6152944749192423
0.40491959126974575
0.6591175477663939
0.3661831246594391
0.7248521570371214
0.4154840821634658
0.7905867663078489
0.46302429118520577
0.8398877232608943
0.5246504880652392
0.7942386890451114
0.5897981819098458
0.7248521570371214
0.6109271636972858
0.6481617795546061
0.5897981819098458
0.6006867839701919
0.5334542304766724
0.602512745338823
0.45422054877377244
0.2281906647694032
0.3292074065314191
0.6974627365076517
0.5176074941360925
0.2811435444597114
0.5070430032423724
0.25375412393024166
0.6619888696835992
0.2738396989851861
0.6549458757544525
0.29392527404013064
0.6655103666481725
0.3103589263578125
0.677835606024179
0.3213146945696003
0.7024860847761925
0.31401084909507515
0.7218543180813459
0.29392527404013064
0.7288973120104925
0.2720137376165548
0.7130505756699126
0.25558008529887294
0.6972038393293325
0.250102201192979
0.677835606024179