-0.06625582585543
0.5484982436526952
-0.0182425804645909
0.6319151971053338
0.06355776353461652
0.7211519380081568
0.1489146442294416
0.8065088206108567
0.2324932565764579
0.8860459157633728
0.3285197473581362
0.9461837194152751
0.429881043183241
0.9869222315665638
0.5383554123995812
1.0218409562676685
0.6486080499637303
1.0431801769183433
0.7624172242234971
1.0451201060684048
0.838882763179278
0.9714027983660729
0.8868960085701172
0.8744063408630046
0.9295744489175297
0.759950521009384
0.9562484741346626
0.6435547720057022
0.9615832791780891
0.5155194481016521
0.9526919374390449
0.3913639824977247
0.9473571323956183
0.2672085168937973
0.003893933690255593
0.3034946604396104
0.10630281325260542
0.23965535746732985
0.20871169281495514
0.1857909455844682
0.3184354923460442
0.1359164901373741
0.4373029418380573
0.12594159904795524
0.7321866623107467
0.09843468083845854
0.78909124944063
0.09067496423821306
0.8459958365705136
0.09649475168839715
0.9029004237003968
0.10813432658876539
0.9473571323956183
0.127533618089379
0.12824757315882318
0.3673339634118908
0.20139677284621588
0.2815499000428889
0.291004542463272
0.2157156188527246
0.3934134220256217
0.20175077132753827
0.44644659179898144
0.2815499000428889
0.47753500166612334
0.4072335277695661
0.44644659179898144
0.5149623515352894
0.34038025225226204
0.5448870248035458
0.23431391270554255
0.5289271990604758
0.14470614308848656
0.4571079832166602
0.71161244066578
0.2695800307355863
0.7244135506110737
0.18379596736658446
0.7884191003375423
0.1359164901373741
0.861568300024935
0.17182609805928184
0.8981428998686314
0.24564029212098115
0.9072865498295555
0.3334193337078668
0.9018003598530009
0.41521344064110116
0.8341373501421627
0.451123048563009
0.7591594204625852
0.4192033970768687
0.7280710105954433
0.3493791594509369
0.33672279226789237
0.39127370202649603
0.8121925902359449
0.2935197693501915
0.7335572005719978
0.5508719594571971
0.6165184810721694
0.7583496941171088
0.6439494309549416
0.7423898683740385
0.6786953008064532
0.7324149772846198
0.7079549806814104
0.7204451079773172
0.7390433905485522
0.7244350644130847
0.7372146605563674
0.7563547158992249
0.7170986306423344
0.7802944545138301
0.6860102207751926
0.7922643238211327
0.6494356209314962
0.7942593020390164
0.622004671048724
0.7782994762959463