0.10806271110774437
0.5678506289755716
0.1288170268448338
0.6588503210535791
0.17511511579680253
0.7546394706093764
0.2325886055302809
0.8376567335577341
0.302833981871199
0.9110950815505121
0.39543015977513646
0.951007227198761
0.49441228098279366
0.9685685712839905
0.6029733171460305
0.9685685712839905
0.7099378674833376
0.9573931705024809
0.804130531213205
0.9254634539838817
0.8823583366837728
0.8775688792059829
0.9318493972876015
0.7929551304316954
0.9573931705024809
0.693973009224038
0.9669720854580605
0.588604944712661
0.9573931705024809
0.483236880201284
0.9398318264172513
0.38106178734176677
0.9270599398098116
0.2804831803081796
0.07772948041507523
0.3874477306454866
0.14957134258192326
0.32199181178235836
0.2262026622265611
0.2693077795266699
0.3203953259564285
0.23897454883400074
0.40341258890478615
0.18948348823017214
0.7099378674833376
0.10965919693367433
0.7514464989575166
0.09688731032623468
0.7929551304316954
0.08730839537065496
0.8376567335577341
0.07932596624100519
0.8839548225097028
0.07613299458914527
0.16074674336343295
0.4513071636826848
0.21343077561912147
0.3650969290824672
0.2996410102193391
0.3108164110008488
0.38106178734176677
0.28207966613410956
0.43534230542338526
0.334763698389798
0.4545001353345447
0.4177809613381558
0.45290364950861484
0.5199560541976729
0.3922371881232765
0.5854119730608012
0.2868691236118994
0.5997803454941707
0.1974659173598219
0.5598681998459218
0.6732186934869487
0.2980445243934091
0.6843940942684583
0.2150272614450514
0.7418675840019368
0.15436080005971312
0.8312707902540143
0.1559572858856431
0.8903407658134226
0.2006588890116818
0.8983231949430726
0.28207966613410956
0.8855513083356327
0.36828990073432716
0.8360602477318041
0.4321493337715253
0.7514464989575166
0.4289563621196654
0.6955694950499681
0.36828990073432716
0.3555180141268875
0.481640394375354
0.8105164745169249
0.32678126926014833
0.769007843042746
0.5135701108939531
0.7163238107870573
0.7020222679929132
0.7294948188509794
0.6873977152758478
0.7469231224507148
0.6769722915567518
0.7643514260504501
0.6661124751826933
0.7815136486791973
0.6606101682198371
0.7833762154761155
0.6782754695216389
0.7752607458609715
0.6953615806168241
0.7580985232322245
0.70824856271404
0.7394728552630417
0.7154884402967457
0.7193837419534231
0.7169364158132868