-0.26240408351690103
0.2992746823325457
-0.220146119942021
0.4471775548446258
-0.167323665473421
0.5845159364629857
-0.08632923528823434
0.7077683302230525
0.015794176684392373
0.8081309937133926
0.13376432499759905
0.8961684178277258
0.2640597126868124
0.959555363190046
0.3978765973405991
1.022942308552366
0.5334542304766724
1.070482517574106
0.6760748575418924
1.096893744808406
0.7958057543373859
1.044071290339806
0.864474945146566
0.9296226389911725
0.9155366511328791
0.7993272513019591
0.9736413510483392
0.6725533605773192
1.0000525782826393
0.5264112365475259
0.9982918298003526
0.3714653701062991
1.0035740752472126
0.22180174911193237
-0.042310523231067675
0.12319983410387902
0.0721381281175657
0.06333438570613238
0.20419426428906573
0.02107642213125235
0.3432933943897124
-0.005334805103047666
0.4735887820789258
-0.01413854751448099
0.6813571029887524
0.06685588267070569
0.7658730301385126
0.017554925166679003
0.8627141966642793
-0.005334805103047666
0.9665983571191925
-0.0035740566207609925
1.0370282964106592
0.019315673648965675
0.049248397847839034
0.24645222786394572
0.12672133106845238
0.165457797678759
0.23236624000565242
0.1161568401747324
0.3468148913542858
0.10735309776329904
0.4066803397520324
0.21123725821821243
0.4013980943051725
0.3133606701908391
0.3538578852834325
0.4119625851988924
0.2482129763462324
0.45598129725605907
0.1302428280330257
0.43661306395090577
0.06333438570613238
0.34153264590742577
0.7271365635282058
0.22356249759421906
0.7641122816562259
0.14785031285589237
0.8433459633591258
0.10735309776329904
0.9278618905088858
0.12848207955073904
0.9665983571191925
0.1936297733953457
0.9560338662254726
0.2922316884033991
0.9296226389911725
0.3785083640354458
0.8574319512174192
0.4207663276103258
0.7834805149613792
0.3732261185885858
0.7394618029042125
0.2957531853679724
0.21123725821821243
0.3221644126022724
0.8486282088059859
0.2851886944742524
0.7746767725499457
0.5281719850298126
0.5704299486046925
0.7605907846916525
0.6109271636972858
0.7465047968333591
0.6567066242367392
0.7394618029042125
0.6989645878116192
0.7324188089750657
0.7341795574573524
0.7482655453156458
0.7271365635282058
0.7834805149613792
0.7007253362939059
0.8186954846071124
0.6584673727190258
0.8345422209476925
0.6179701576264325
0.8204562330893991
0.5880374334275591
0.7905235088905258