0.0742273736214697
0.40001042766977624
0.0796541580621967
0.5246128154832204
0.10136129582510485
0.6492152032966646
0.13392200246946703
0.7645877846054091
0.18095413428910126
0.867653957241221
0.27140054163455174
0.9430307103629341
0.3925987274774554
0.996871248307015
0.5210326259079949
1.0353287754099298
0.6603200932199889
1.0584032916716786
0.8032254168258005
1.0676330981763784
0.9262325308156132
1.0276372699893468
0.9859271596636106
0.9307243016900014
1.0094432255734276
0.8153517203812568
1.0257235788956087
0.6938259347360457
1.0257235788956087
0.5661469447543684
1.0275325070425176
0.44154455694092426
1.0022075129857915
0.33078687888452946
0.18276306243601026
0.2800229431086818
0.28948982310364185
0.2631016311833993
0.3998344400650914
0.24925692142634995
0.5083701288796321
0.23387391058518398
0.6169058176941725
0.23387391058518398
0.7977986323850734
0.226182405164601
0.8538754049392527
0.2154142975757848
0.9063343211996141
0.1984929856505023
0.9587932374599755
0.18003337264110314
1.0058253692796097
0.17695677047286998
0.21532376908037243
0.36155290056686135
0.2840630386629148
0.32001877129571327
0.37631837415527425
0.3077123626227805
0.46314692520690676
0.29232935178161457
0.519223697761086
0.3384783843051124
0.524650482201813
0.40308702983800937
0.48123620667599687
0.4707722775391396
0.39440765562436436
0.4846169872961889
0.3039612482789139
0.4676956753709064
0.22979519425564449
0.43077644935210807
0.8032254168258005
0.34001668538922897
0.8231236264417997
0.283099545276915
0.8792003989959789
0.26463993226751586
0.9443218122847032
0.2631016311833993
0.9732646626352474
0.29540595394984775
0.9786914470759744
0.35847629839862816
0.9606021656068843
0.41539343851094207
0.902716464905796
0.44308285802504077
0.8375950516170717
0.42769984718387494
0.8068432731196186
0.38155081466037705
0.4197326496810906
0.40308702983800937
0.884627183436706
0.3630912016509779
0.9081432493465231
0.5784533534273012
0.7471486442716212
0.7999687095400908
0.7670468538876204
0.7845856986989248
0.7941807760912554
0.7768941932783419
0.8213146982948906
0.7707409889418756
0.8502575486454348
0.7692026878577589
0.8448307642047077
0.7892006019512746
0.8249325545887086
0.803045311708324
0.7977986323850734
0.8122751182130236
0.7688557820345293
0.8215049247177231
0.7435307879778033
0.8168900214653733