0.1803532052501444
0.6225972954948611
0.2321560026781744
0.6847843388897299
0.28881531236508234
0.7505249276214483
0.3519499717304939
0.8091584256794673
0.41508463109590554
0.862461605732212
0.4960265020772025
0.8979970591007084
0.5834437227370033
0.9264254217955056
0.6724797808164299
0.9477466938166034
0.7663723511547343
0.9548537844903026
0.8392200350379017
0.9104344677796821
0.8845474827874279
0.8375867883742645
0.9169242311799467
0.7487481549530235
0.9428256298939616
0.6545792035265079
0.9476821421528394
0.5497496160894435
0.9509198169920914
0.4431432559839542
0.9493009795724655
0.33831366854688977
0.934731442795832
0.24059117178352465
0.15283296911650343
0.43603616531025496
0.18359088008939628
0.395170393936484
0.2402501897763041
0.36318848590483727
0.30500368656134175
0.3614117132364124
0.35518764656974583
0.3258762598679161
0.6433407072631631
0.1712970377149566
0.7161883911463303
0.14286867502015949
0.7857984001902456
0.09844935830953892
0.8683591085911685
0.08245840429371555
0.9476821421528394
0.09844935830953892
0.21758646590154096
0.5764012061158157
0.2418690271959301
0.4911161180314243
0.29529066204358606
0.43070584730498046
0.3713760207660052
0.39694716660490886
0.4280353304529131
0.45025034665765346
0.4604120788454319
0.5230980260630712
0.45879324142580585
0.6083831141474626
0.403752769158524
0.6723469302107561
0.3260485730164789
0.6759004755476058
0.25643856397256354
0.6261508408317107
0.6821928053341856
0.29744789717311887
0.6886681550126893
0.237037626446675
0.7615158388958565
0.21038603642030268
0.8392200350379017
0.18373444639393033
0.907211206662191
0.1943950824044793
0.9201619060191985
0.2654659891414721
0.907211206662191
0.34897430455743866
0.8554084092341611
0.4147148932891571
0.7760853756724899
0.43603616531025496
0.719426065985582
0.3809562125890855
0.3581662339218612
0.5593837171530818
0.8109850114397493
0.3145400065543905
0.6935246672715671
0.6119366594843122
0.6877916675562062
0.7494116716475884
0.7061041916470032
0.7329669448163332
0.7310758154071808
0.7238309854656355
0.7560474391673584
0.7146950261149381
0.7760247381755007
0.7183494098552172
0.7760247381755007
0.7183494098552172
0.7560474391673584
0.7146950261149381
0.7310758154071808
0.7238309854656355
0.7061041916470032
0.7329669448163332
0.6877916675562062
0.7494116716475884