-0.06660873710771993
0.221255368205655
-0.062405083114671925
0.3636908109729522
-0.042788031147114484
0.5015315620380785
-0.0035539272119996215
0.6301829296988631
0.05950088268372068
0.7496449139553059
0.13516665455858506
0.8568543870059596
0.22764704240564151
0.9426219654464827
0.32433108424574597
1.0176685965819405
0.4350273060626772
1.072804897007991
0.5555320538633872
1.0452367467949657
0.6620246216872703
0.9732532434609553
0.7629123175204229
0.884422537218985
0.8483866153790659
0.7818077558705021
0.9086389892794209
0.6608142077133357
0.9492743112122184
0.5306312761518275
0.9801011071612373
0.39738521678887195
1.0123291211079388
0.27332854083025826
-0.006356363207364981
0.081883053239805
0.07771671665359546
0.06350428643112152
0.16319101451223852
0.06350428643112152
0.24726409437319896
0.081883053239805
0.32152864825038063
0.12323527855934294
0.6087783377753287
0.09873025614776493
0.7096660336084812
0.06503585033184514
0.8147573834346817
0.04359395572171439
0.925453605251613
0.046657083523161634
1.0137303391056214
0.09260400054487039
0.004853380774096408
0.17071375948177533
0.09032767863273951
0.14774030097092095
0.18981415646820934
0.13701935366585558
0.2836957623129485
0.1630559399781572
0.35515788019476485
0.23044475160999675
0.3495530082040342
0.3162123300505198
0.2878994163059965
0.3927905250867011
0.18981415646820934
0.40504303629249006
0.09873498661883556
0.3728801943772939
0.0426862667115286
0.2809863603338764
0.6676294936780011
0.18296627068756435
0.7166721235968946
0.13548778976513196
0.8063500754485857
0.1400824814673028
0.8932255913049115
0.15999281217670996
0.9548791832029491
0.22585005990782583
0.9520767472075837
0.29783356324183624
0.8932255913049115
0.38360114168235937
0.8077512934462684
0.3989167806895956
0.7152709055992119
0.3698170665758467
0.6774380196617797
0.2917073076389418
0.17860441248674797
0.24729195451795663
0.8021464214555377
0.2442288267165094
0.5036869879491281
0.5750466292728125
0.4070029461090237
0.7358608388487933
0.4420333960510906
0.7389239666502405
0.47426140999779204
0.7358608388487933
0.5092918599398589
0.7358608388487933
0.5401186558888778
0.745050222253135
0.5373162198935124
0.7634289890618186
0.5092918599398589
0.7787446280690549
0.4756626279954747
0.7848708836719493
0.44483583204645594
0.7772130641683312
0.41961390808816784
0.7588342973596477