-0.18982532617152922
0.13833979603482432
-0.24638983661945274
0.24190992586289303
-0.295576367443734
0.3488210276208995
-0.3300069390207309
0.4590731013088437
-0.3300069390207309
0.5676546890318191
-0.27098310203159337
0.6662133609649813
-0.1701507138418167
0.7497376592134238
-0.05948101948718377
0.8215685557070844
0.05364800140866322
0.883376536410932
0.19628894079907902
0.9268091715001221
0.348767186354351
0.928479657465091
0.4840301461211246
0.883376536410932
0.5946998404757575
0.8198980697421155
0.6955322286655342
0.7413852293885796
0.7717713514431701
0.6511789872802617
0.8529291273032342
0.5593022592069747
0.9414648827869407
0.4757779609585322
0.02167675637288036
0.03644015217172436
0.1471024099747977
0.016394320592098128
0.28482469628278534
0.016394320592098128
0.4102503498847026
0.04312209603159976
0.49878610536840895
0.09824813287557184
0.8381731680559499
0.22520506621320455
0.9119529642923719
0.2302165241081111
0.9758954543639375
0.24358041182786191
1.027541311729433
0.2703081872673635
1.0668905363888581
0.30538839253170946
0.06840396065594763
0.16005611357941937
0.1495617365160117
0.13165785217494888
0.2651500839530728
0.12998736620998
0.3610638190604213
0.1433512539297308
0.385657084472562
0.18845437498388984
0.32171459440099626
0.24859186972276848
0.2503941247057884
0.3037179065667406
0.1495617365160117
0.31039985042661594
0.06594463411473353
0.27866061709220774
0.033973389078950714
0.21351166445842257
0.7545560656546718
0.3538324855158061
0.8037425964789531
0.3087293644616471
0.882441045797803
0.3137408223565537
0.9340869031632983
0.3605144293756815
0.9340869031632983
0.41062900832474697
0.8996563315863015
0.4523911574489683
0.8381731680559499
0.4908123346432519
0.7570153921958858
0.5025057363980339
0.7078288613716045
0.46074358727381254
0.7201254940776748
0.40728803639480937
0.1692363488457243
0.23856895393295535
0.8062019230201671
0.42566338200946674
0.6414270447588248
0.5877005206114452
0.35368583943677917
0.7063050241242338
0.3807384313901339
0.6979525942993895
0.41516900296713083
0.6962821083344206
0.4446809214616995
0.7046345381592649
0.46189620725019803
0.7129869679841091
0.4397622683792714
0.7296918276337976
0.41516900296713083
0.7397147434236108
0.3831977579313479
0.7413852293885796
0.35122651289556506
0.7313623135987665
0.3438485332719229
0.7163279399140469