0.024873530545042526
0.336675503170678
0.07195807287255968
0.44614706591731534
0.11119519147882391
0.5520872879301902
0.1778982931094732
0.6421364766411339
0.23479211508855646
0.742779687553365
0.30934264044045856
0.8398915577318338
0.38977873358330034
0.9334720871765398
0.4761003945170818
1.0111615833193148
0.6075447418480672
1.0023332314849085
0.735065377318426
0.9564258019459961
0.8390437416250265
0.8840333169038649
0.9116324110466154
0.7798587652578713
0.9587169533741324
0.6650901914105902
0.9783355126772647
0.5397275953620215
0.9665643770953855
0.4108336585796904
0.94498396186194
0.28723673289800306
0.9214416906981814
0.16540547758319687
-0.018287299921848188
0.1971875441870594
0.0327209542662954
0.16717114795007815
0.10138591182725788
0.17423382941760315
0.1641653015972807
0.2007188849208219
0.23675397101886964
0.1971875441870594
0.4447106996320704
0.11773237767740326
0.5349560724264782
0.08948165180730323
0.6134303096390068
0.04887123336903453
0.6919045468515354
0.006495144563884568
0.7841117755762564
-0.007630218371165408
0.10334776775757112
0.2748770403298343
0.12100447113039002
0.22190692932339687
0.18182200497009968
0.20601589602146567
0.2446013947401225
0.2042502256545844
0.27795294555544714
0.22896961079092187
0.2858003692767
0.28547106253112176
0.27991480148576037
0.3402068439044405
0.23086840322792998
0.3684575697745404
0.16808901345790717
0.35962921794013425
0.12689003892132966
0.32431581060250925
0.5074900894020932
0.15834279611567195
0.56046019952055
0.11243536657675944
0.6310870130118257
0.08948165180730323
0.7075993942940411
0.07888762960601575
0.7782262077853168
0.11066969620987825
0.7998066230187623
0.15834279611567195
0.752722080691245
0.2130785774889906
0.6840571231302826
0.24839198482661562
0.6075447418480672
0.24662631445973435
0.5408416402174179
0.2130785774889906
0.20536427613385821
0.31195611803434053
0.6507055723149578
0.2007188849208219
0.32503748788296427
0.43731871408290907
0.37604574207110786
0.6368394655404902
0.4054735810258061
0.5238365620600903
0.5467272080083575
0.45850675848548417
0.6997519705727883
0.44791273628419653
0.8037303348793885
0.5467902768295465
0.8508148772069057
0.6615588506768276
0.7978447670884489
0.7816244356247526
0.6703241316180899
0.8646109428681711
0.5212230809142858
0.8822676465369836
0.43882513184113076
0.7710304134234651