0.024792897980660207
0.3964727381244302
0.050250421278178706
0.506788672413677
0.07910228101536633
0.6171046067029238
0.1147428136318922
0.7189346998929977
0.17414370132610205
0.815673288423568
0.24542476655915377
0.9073203722946346
0.31840300001204014
0.9853901104070246
0.41853592498227954
1.0244249794632196
0.5186688499525189
0.9904816150665283
0.6188017749227583
0.9446580731309949
0.7070545223541558
0.8886515218764544
0.788518596906215
0.824159129522741
0.8597996621392667
0.7291177092120052
0.9056232040748
0.6221961113624275
0.9192005498334765
0.506788672413677
0.917503381613642
0.3896840652450919
0.8954401947557926
0.28445963561534887
-0.00915046641603113
0.20299556106328964
0.05194758949801327
0.20129839284345505
0.11134847719222307
0.19960122462362048
0.16396069200709462
0.17753803776577118
0.21148140216246247
0.1554748509079218
0.41853592498227954
0.08079944923520091
0.5186688499525189
0.1045598043128848
0.6171046067029238
0.07401077635586263
0.7155403634533286
0.04006741195917129
0.8190676248632371
0.05194758949801327
0.06722210347652435
0.35234636440873146
0.07231360813602807
0.2878539720550179
0.1435946733690798
0.26748795341700315
0.2199672432616353
0.2708822898566723
0.2708822898566723
0.31840300001204014
0.275973794516176
0.3693180466070771
0.2488191029988229
0.4389019436202944
0.19960122462362048
0.49321132665500045
0.13341166405007246
0.494908494874835
0.09946829965338108
0.43041610252112156
0.5220631863921881
0.2386360936798155
0.5169716817326844
0.15717201912775636
0.6103159338235855
0.1486861780285835
0.7036601859144866
0.16226352378726006
0.7868214286863804
0.18941821530461314
0.7936101015657187
0.25730494409799576
0.734209213871509
0.3251916728913784
0.6629281486384571
0.38459256058558816
0.5763725694268942
0.404958579223603
0.53394336393103
0.3319803457707167
0.15717201912775636
0.38459256058558816
0.6408649617806078
0.28106529917567974
0.26748795341700315
0.5186688499525189
0.3336775139905513
0.7053573541343212
0.3404661868698895
0.6612309804186225
0.3913812334649265
0.6595338121987879
0.44569061649963265
0.6646253168582916
0.4847254855558276
0.6917800083756447
0.49321132665500045
0.7325120456516744
0.47454247623682017
0.7800327558070421
0.42532459786161786
0.788518596906215
0.3693180466070771
0.7868214286863804
0.3404661868698895
0.7494837278500198