0.08647191662045307
0.33216826901945884
0.09581657166635951
0.44499633159944857
0.11139099674287027
0.5564140433971884
0.11606332426582348
0.6706524567594279
0.148769616926496
0.7736080638636685
0.20795243221723683
0.8652808647099103
0.2733650175385819
0.9541329639916521
0.3434499303828802
1.0274712046686454
0.46025811845671066
1.041574712491144
0.5677216514846347
1.0034952413703975
0.6736277420049077
0.9597743671206516
0.7779763900175297
0.923105246782155
0.8792101530148495
0.8878464772259081
0.9586397209050542
0.824380692024664
1.0224948637187483
0.7327078911784223
1.0645458114253272
0.626931582509682
1.0972521040859997
0.5239759754054414
0.13631007686528743
0.22216090800396887
0.17524613955656426
0.20946775096372003
0.2204119722784454
0.2010056462702208
0.2686926900156287
0.20382634783472053
0.3138585227375098
0.20805740018147015
0.6160023692218181
0.22216090800396887
0.6907596095890696
0.2545989759957159
0.7748615050022275
0.2672921330359648
0.8589634004153854
0.28280599164071335
0.9134738881831731
0.31101300728571074
0.12385053680407887
0.3011405518099617
0.1721312545412621
0.26165072990696525
0.2484459374161647
0.253188625213466
0.318530850260463
0.2701128346004645
0.33722016035227587
0.33498897058395855
0.32787550530636944
0.4012754573497025
0.2873820001074416
0.4548687870751976
0.21573964475549215
0.4689722948976964
0.15655682946475138
0.4308928237769498
0.13475263435763635
0.36460633701120587
0.6409214493442352
0.3067819549389612
0.7094489196808825
0.28985774555196264
0.7966657001093426
0.3265268658904594
0.8807675955225004
0.3730684417047051
0.9399504108132414
0.43935492847044905
0.9306057557673348
0.4985896613249436
0.8558485154000833
0.5578243941794383
0.7608445224333679
0.5423105355746897
0.6751851845125588
0.5000000121071936
0.6471512193748394
0.41819966673670095
0.254675707446769
0.3533235307532069
0.7997805851246448
0.44922738394619816
0.32787550530636944
0.5550036926149384
0.31541596524516086
0.7115526294446741
0.35123714292113556
0.6410350903321806
0.466487888487315
0.6509075458079298
0.5614918814540305
0.691807718493176
0.6051002716682605
0.7750184146459185
0.5988705016376562
0.8610498123631606
0.53190047380866
0.9287466499111544
0.4275518257960382
0.9484915608626525
0.33722016035227587
0.9160534928709057
0.31230108022985875
0.8145082365489148