0.107906356096169
0.38407766391989867
0.08559893174035266
0.4583404146476132
0.07816312362174721
0.5452821715971328
0.08559893174035266
0.6340352151497671
0.10976530812582037
0.7155431122899417
0.16181596495605854
0.7861832898114263
0.23245614208281037
0.8477670343173359
0.3030963192095622
0.9002943458076706
0.3755954483659655
0.9491990840917752
0.46296619375957954
0.9510103706948903
0.5429011310345881
0.9202184984419355
0.6246950203392482
0.8894266261889807
0.7027710055846055
0.8513896075235659
0.7771290867706601
0.8024848692394613
0.8459103118677606
0.7445236979397816
0.9072557288462555
0.677506093624527
0.9537295295875396
0.6050546294999274
0.3960439206921304
0.11238467345265037
0.43508191331480905
0.10332824043707538
0.4927094262340013
0.10151695383396038
0.5466190350938909
0.11600724665888036
0.578221219597964
0.14136525910249015
0.8328976476602009
0.2391747356706996
0.873794592312531
0.25547631509873453
0.9091146808759069
0.2826456141454593
0.9332810572613747
0.3188713462077591
0.9481526734985855
0.340606785445139
0.1655338690153613
0.42030339598219846
0.24175090223106724
0.40219052995104854
0.32726269559502996
0.38226637731678376
0.4109155369293414
0.37502123090432377
0.47597885796713907
0.4003792433479337
0.47597885796713907
0.4003792433479337
0.4109155369293414
0.37502123090432377
0.32726269559502996
0.38226637731678376
0.24175090223106724
0.40219052995104854
0.1655338690153613
0.42030339598219846
0.7139247177625138
0.512679012741063
0.7603985185037977
0.498188719916143
0.8105902233043846
0.5181128725504078
0.853346119986366
0.5561498912158226
0.8849483044904392
0.5815079036594326
0.8849483044904392
0.5815079036594326
0.853346119986366
0.5561498912158226
0.8105902233043846
0.5181128725504078
0.7603985185037977
0.498188719916143
0.7139247177625138
0.512679012741063
0.32726269559502996
0.37906124906986544
0.8105902233043846
0.5149077443034895
0.6562972048433213
0.661204514196492
0.3997618247514331
0.7553914175584715
0.4387998173741118
0.7155431122899417
0.4815557140560932
0.7318446917179765
0.5336063708863312
0.7535801309553565
0.5559137952421478
0.7970510094301163
0.5243116107380746
0.8368993146986461
0.48713257014504724
0.8767476199671757
0.429505057225855
0.8930491993952107
0.39232601663282773
0.8586347539360258
0.3811723044549195
0.8024848692394613