0.04681892702503977
0.5340726781059288
0.08268267227649673
0.610562336470437
0.11230924444074374
0.6912241580184638
0.14973228296400318
0.7635416531994532
0.2167818936515096
0.8136076114016768
0.29318726396983097
0.8525478011145172
0.36803334101634977
0.8928787118885306
0.43976083151926365
0.9373817858460627
0.5208440816529923
0.9707590913142116
0.6159609712329435
0.9554611596413101
0.6970442213666722
0.9165209699284694
0.7734495916849934
0.8678457327874188
0.8436177889161048
0.8191704956463683
0.905989519788204
0.7565880478935889
0.9512090246704757
0.6828798316514265
0.9714798372039078
0.5910922416140167
0.9621240775730929
0.4979139305154342
-0.018671390390664212
0.4158613879062345
0.026548114491607593
0.3838748034992584
0.07644549918928681
0.35606038227580084
0.1279021771587685
0.3226830768076519
0.16376592241022545
0.2809614449724656
0.3571182881137324
0.232286207831415
0.4537944709654859
0.2698356764830826
0.5676228798070667
0.2823521660336385
0.6861291684640547
0.29069649240067574
0.8077540436646479
0.29069649240067574
0.06553044628666947
0.51043042006599
0.10139419153812643
0.4826159988425325
0.1481729896922007
0.4617551829249394
0.19807037438987996
0.45619229868024785
0.22769694655412695
0.4840067199037054
0.2386119994567443
0.521556188555373
0.2027482542052873
0.5424170044729661
0.15596945605121307
0.5535427729623491
0.10919065789713882
0.566059262512905
0.0702083261020769
0.543807725534139
0.51304761529398
0.43255004064030905
0.5863343990686963
0.40751706153919726
0.6767734088332399
0.40751706153919726
0.7640938320541787
0.42281499321209887
0.8420584956443024
0.454801577619075
0.8545328418187222
0.5173840253718544
0.7734495916849934
0.5257283517388917
0.6861291684640547
0.5159933043106816
0.5988087452431161
0.5062582568824715
0.5146069085657825
0.48817888308722396
0.15908804259481804
0.5173840253718544
0.712637154084697
0.4784438356590139
0.2386119994567443
0.7134756949972298
0.385816453479366
0.7924298404515373
0.41713136387584054
0.7916924348656131
0.4498514305080544
0.7921840385895627
0.4825714971402681
0.7921840385895627
0.512681987906109
0.79464205720931
0.5130834611163203
0.8106191782376682
0.4837759167709017
0.8216802620265315
0.4534646893999552
0.8310207327815716
0.4217483057932695
0.8273337048519506
0.39725843997038557
0.8081611596179208