0.06288486162805002
0.567474153176542
0.07461949631522423
0.6496165959867617
0.10982340037674697
0.7317590387969813
0.15382828045365032
0.8051005055918202
0.20663413654593438
0.866707337699485
0.2741082859971862
0.9107122177763883
0.35185024079971555
0.9400488044943239
0.4383931716176254
0.9635180738686724
0.5278697611073291
0.97378587921995
0.6188131799329293
0.9620512445327756
0.6980219640713555
0.9253805111353561
0.766962942858504
0.8813756310584528
0.8344370923097558
0.8300366043020656
0.8945770950815239
0.7772307482097816
0.9239136817994593
0.7009556227431489
0.9165795351199755
0.6070785452457551
0.9165795351199755
0.5190687850919483
0.048218233228600874
0.28655385839880765
0.11459017947853184
0.21716500550115247
0.21263964552956627
0.17040295246142836
0.3212482848476352
0.1583353258705318
0.4132639376032214
0.19152129899549733
0.6561249227450143
0.17191140578529046
0.7119376957279109
0.13420007268873874
0.7798180953017039
0.12514935274556632
0.8431731349039108
0.14928460592735943
0.8854098279720487
0.18397903237618699
0.14687108060918014
0.5179435822172775
0.18612467719030115
0.438442830003268
0.2626188653996652
0.39289104765361926
0.34448106681670393
0.4165264064199464
0.3941351889876946
0.48829195031043077
0.39849669971893037
0.5677927025244404
0.36561761882192295
0.6369798436404163
0.27805190337172986
0.658036799632235
0.19048618792153685
0.6627638713855005
0.13445755006643248
0.5931469964737731
0.6943390736161867
0.487023797109091
0.7235302462145106
0.43249496346697003
0.7772589262143242
0.39017407765517464
0.8343720899936536
0.4178454260705793
0.8633517323557578
0.4735950544957328
0.8726590627494262
0.5399249043738351
0.8540444019620892
0.6038131646858723
0.7914314520410468
0.6192765652709513
0.7258570788129278
0.6070686174406258
0.7021656923563172
0.5468427414776863
0.33106103379751733
0.5428681423708589
0.758855795663207
0.517950598279249
0.6848205000482844
0.6760195240329037
0.5432336630706933
0.8509083432274357
0.5651929289864556
0.8235457015387748
0.5968791180595352
0.8089522926381558
0.6331340134640822
0.8021116322159906
0.6553880346270358
0.8221775694543418
0.6540616360146744
0.8556968055229514
0.6362289435595923
0.8828314251975399
0.601742579638194
0.8951446139574372
0.5669614604696042
0.9017572523655302
0.5395492224808004
0.8835154912397564