0.09298484281411606
0.36218491534065034
0.058202937578361695
0.44403872762412405
0.037649993575415916
0.5292335118375355
0.03606899788288164
0.6211102399108224
0.06610791604103314
0.6996230802643583
0.11353778681706181
0.7747949486879566
0.1641296489781591
0.8399439013217418
0.21946449821685923
0.905092853955527
0.28902830868836804
0.9535369469396237
0.3664970976225482
0.9785942364141565
0.45503285640446844
0.9819352083440943
0.5419876194938543
0.971912292554281
0.6305233782757745
0.9635598627294368
0.7095731629024891
0.9418435451848417
0.774393986296395
0.8933994522007451
0.7902039432217378
0.8082046679873337
0.8139188786097522
0.7330327995637353
0.29851428284357373
0.07486132936600792
0.3728210803926853
0.05481549778638172
0.4534518607119341
0.061497441646257124
0.5214346754909085
0.09991861884054072
0.5625405634968002
0.15671514164948167
0.801270913069478
0.3003769346368029
0.8613487493857809
0.3120703363915848
0.9008736416991381
0.35717345744574375
0.9261695727796868
0.41396998025468473
0.9324935555498238
0.47076650306362566
0.23843644652727072
0.2736491591973012
0.3190672268465195
0.2335574960380488
0.409183981320974
0.23856895393295535
0.46609982625220847
0.31039985042661594
0.4708428133298113
0.3922536627100896
0.42183194686124836
0.477448446923501
0.35859211915987677
0.5275630258725666
0.2684753646854222
0.49916476446809616
0.20997852406165354
0.434015811834311
0.20681653267658492
0.34046859779605526
0.676372253359269
0.5392564276273486
0.7332880982905033
0.5041762223630026
0.8028519087620121
0.49916476446809616
0.8471197881529722
0.5526203153470993
0.829728835535095
0.6194397539458535
0.7933659346068064
0.7012935662293271
0.747517059523312
0.7463966872834861
0.6906012145920776
0.7096459960541713
0.649495326586186
0.6495085013152928
0.6510763222787204
0.5810185767515699
0.29060930438090227
0.45573212937890606
0.6937632059771461
0.6595314171051059
0.6147134213504317
0.7580900890382681
0.3206482225390538
0.8198980697421155
0.3680780933150825
0.8232390416720533
0.4123459727060426
0.8449553592166484
0.4534518607119341
0.8750241065860878
0.5008817314879629
0.8933994522007451
0.48032878748501706
0.9217977136052155
0.43606090809405695
0.9117747978154025
0.3902120330105625
0.8883879943058385
0.34278216223453384
0.87168313465615
0.3032572699211766
0.8399439013217418