0.07362680198834431
0.6142384289017576
0.09378652158039098
0.6800120612051314
0.11170627232887685
0.7509783486903503
0.14754577382584871
0.8115593258118787
0.20802493260198876
0.8531005672666411
0.2886638109701754
0.8842564983577129
0.3760225958690442
0.9067580041457092
0.4678613184550345
0.9292595099337054
0.5529801345103426
0.9482992456004714
0.6425788882527722
0.9361830501761658
0.7164978600902766
0.8998344639032486
0.7859368942406596
0.8582932224484864
0.8531359595474818
0.8115593258118787
0.9136151183236217
0.7613636590540409
0.9404947444463506
0.6938591416900521
0.9561745263512759
0.621161969144218
0.971854308256201
0.5467339115377687
0.0815416975729125
0.2890697640581447
0.1322194035772855
0.2677097386563203
0.18520064167276654
0.2499097174881333
0.2520030723148946
0.24100970690403978
0.3072878425014834
0.2534697217217706
0.6228717389832612
0.2249896878526714
0.6942812338076049
0.21430967515175917
0.7749048569963802
0.21786967938539661
0.8440108197296163
0.2356697005535836
0.8946885257339893
0.2623697323058642
0.12695483729434523
0.5199838696918989
0.16411944616454113
0.45586244585547603
0.24400598859580327
0.42439180838974705
0.3343125148224475
0.4428808079008628
0.37564511721079613
0.502675019085748
0.38641243379935764
0.5774177830668544
0.3669617973813112
0.6427193558082421
0.2822125958455374
0.6698627806224335
0.19989472386201942
0.6407524409666342
0.14223748019423887
0.5797780808767841
0.6313606943779705
0.4786157167431982
0.647020815936112
0.40663843502939273
0.7374715180391703
0.37591129137379153
0.8308922431963589
0.3994827988356226
0.886512674937344
0.45967432681851256
0.8986627692496951
0.5257587316668603
0.8603224716418316
0.5901594574107917
0.7739218009762238
0.6263585581557465
0.679151065339885
0.6149937242009351
0.6381107467737213
0.5497511589047955
0.3211090350481306
0.5845501154500496
0.6942812338076049
0.5453900688800382
0.5200080727469495
0.6246399335309774
0.4248575865900681
0.8148342390231562
0.4707094473591058
0.7832357520927228
0.5309408857657707
0.770637662532223
0.594970703171054
0.7747681836996
0.6443496301530945
0.7995513107038615
0.6641554635030339
0.8443674653699015
0.6077224040949875
0.8619221803312535
0.5450491506177823
0.8732811135415398
0.4823758971405769
0.8759659523003349
0.4289272783743023
0.856965554930401