0.04625541690909709
0.5964788144236436
0.07262284413522839
0.6602793392122911
0.11305289921529643
0.7380848572472272
0.1657877536675591
0.8127781545607659
0.23082740749201638
0.8687981275459199
0.3081718606886683
0.9108131072847853
0.40133677022099895
0.9419353144987597
0.4997751651985559
0.9574964181057468
0.5999713886578549
0.962164749187843
0.6896206412267015
0.9372669834166635
0.7739964083503218
0.8890275622350032
0.8513408615469736
0.8376759203319454
0.919896172334915
0.7816559473467913
0.9655997128602094
0.711630981115349
0.9445057710793043
0.627601021637618
0.9234118292983994
0.5451271725205858
0.9269274862618835
0.45331666123936115
0.0269193036099341
0.38640391572931626
0.09371678591613344
0.32415950130136734
0.17633472455801166
0.2712517490376108
0.2782887764990528
0.2572467557913224
0.3661802005861572
0.2837006319232006
0.5525100196508186
0.2852567422838993
0.6087605310665655
0.21523177605245689
0.7089567545258645
0.18099734811708504
0.8021216640581952
0.21211955533105942
0.8724348033278787
0.2743639697590083
0.12711552706923318
0.5529077243240794
0.1657877536675591
0.4859949788140343
0.23610089293724262
0.45020444051796377
0.3292658024695733
0.4704338752070471
0.37848499995835183
0.5233416274708037
0.40485242718448317
0.58869826262015
0.37145368603138346
0.6509426770480988
0.28532009042602113
0.6727282220978809
0.19918649482065878
0.6758404428192784
0.1341468409962015
0.6244888009162205
0.6562219000736018
0.47977053737123954
0.6861049842632173
0.4221944540253868
0.7441133241607063
0.3661744810402328
0.8144264634303897
0.38173558464721996
0.8618878324374263
0.4284188954681817
0.8741926318096208
0.4906633098961306
0.8530986900287157
0.5544638346847781
0.7950903501312268
0.5995910351450411
0.7107145830076066
0.6011471455057397
0.6667688709640543
0.5544638346847781
0.30289837524344204
0.5404588414384895
0.7827855507590321
0.48443886845333567
0.6351279582926967
0.6820648842620732
0.42946202592887245
0.8547931342996313
0.4997751651985559
0.8158903752821632
0.5911822462491446
0.8081098234786697
0.677315841854507
0.7925487198716824
0.7564181235329009
0.7754315059039965
0.7652072659416113
0.8470125824961378
0.6931362981901857
0.8874714518743044
0.6087605310665655
0.9061447762026891
0.520869106979461
0.9232619901703751
0.43473551137409866
0.9154814383668813