0.012263919640061094
0.5281719850298126
0.032805985037163435
0.6109271636972858
0.0574564635136862
0.6866393484356125
0.11908265970499311
0.7465047968333591
0.20330512783311258
0.7870020119259524
0.28752759596123206
0.8239777300539725
0.3738042706290618
0.8539104542528458
0.4682977714557325
0.8662356936288524
0.5668996853618234
0.8591926996997059
0.6552305665693635
0.8345422209476925
0.7373988281577727
0.7975665028196726
0.8072418505079205
0.7500262937979325
0.8668138401595172
0.7007253362939059
0.8996811447948809
0.6285346485201524
0.909952177493432
0.5457794698526791
0.9161147971125628
0.4612635427029191
0.9161147971125628
0.38202986100001907
-0.0062239392173310025
0.3221644126022724
0.11497424662557262
0.3151214186731257
0.2361724324684763
0.2975139338502591
0.3470995856128288
0.2728634550982457
0.437484673360079
0.24469147938165905
0.6449595338708123
0.212998006700499
0.704531523522409
0.24645222786394572
0.7784829589519774
0.25701671875766574
0.8503801878418353
0.24469147938165905
0.8955727317154606
0.2147587551827857
0.0923779746887601
0.47182803359663916
0.1560583774197773
0.40491959126974575
0.23411822592876608
0.3432933943897124
0.3388827594539878
0.3767476155531591
0.4128341948835562
0.4454168063623391
0.4210510210423971
0.5176074941360925
0.3799668902481925
0.6038841697681391
0.28752759596123206
0.6443813848607325
0.17865464935658984
0.6408598878961591
0.11497424662557262
0.5651477031578325
0.6613931861884942
0.42604857305718574
0.6901520777444373
0.3749868670708725
0.7435614477769034
0.3274466580491324
0.8216212962858922
0.3186429156376991
0.8483259813021251
0.3714653701062991
0.8462717747624149
0.4418953093977658
0.8360007420638639
0.5105645002069458
0.7866997851108184
0.5616262061932591
0.7148025562209602
0.5475402183349658
0.6819352515855964
0.48591402145493234
0.32861172675543676
0.4823925244903592
0.7558866870151648
0.43837381243319246
0.7065857300621192
0.6426206363784458
0.597712783457477
0.7887627604082391
0.6100380226957385
0.7764375210322324
0.6285258815531304
0.7676337786207993
0.6531763600296533
0.7623515331739392
0.6696100123473352
0.7764375210322324
0.667555805807625
0.7940450058550992
0.6572847731090737
0.8134132391602525
0.6387969142516816
0.8292599755008324
0.6120922292354487
0.8310207239831191
0.5915501638383464
0.8134132391602525