0.13947421219199893
0.19656832610559183
0.08528998587280509
0.29274532486629107
0.05303747020661828
0.3984045629414254
0.025945357047021375
0.5054184066329077
0.02723545767366884
0.6124322503243899
0.06851867772638796
0.7086092490850892
0.13689401093870399
0.7844671636005702
0.22849115543067453
0.8386513882544853
0.3316992055624723
0.8698073174304864
0.437487456947565
0.8968994297574439
0.5535965133458375
0.9172185140026621
0.6580946641042827
0.8996086409901397
0.7535621104761957
0.8603250781160512
0.8374186512082815
0.8156230927765714
0.8735414687544106
0.7126730659341327
0.8967632800340651
0.6043046166263026
0.9367563994601367
0.5094822234819514
0.32395860180258745
-0.040487656755286545
0.4232963500544428
0.013696567898628512
0.5019924882799386
0.10039132734489262
0.5664975196123122
0.2006321429546355
0.6077807396650314
0.3035821697970741
0.7200194941833615
0.37131245061446794
0.7780740223824977
0.3388019158221188
0.8399988524615764
0.3184828315769007
0.9083741856738924
0.30900059226246557
0.9690089151263236
0.3144190147278571
0.2336515579372644
0.18844069240750455
0.3316992055624723
0.1301926509045459
0.44006765820085997
0.11258277789202349
0.5213439976796508
0.19656832610559183
0.5574668152257799
0.28461769116820385
0.5097330920398234
0.38079468992890303
0.43619735632091755
0.4295604921174266
0.3213784005492925
0.4051775910231648
0.2143000485375523
0.38350390116159877
0.18978813663125033
0.27513545185376864
0.7200194941833615
0.3984045629414254
0.7793641230091451
0.35641178883464125
0.8593503618612884
0.35641178883464125
0.9135345881804823
0.3984045629414254
0.9096642863005399
0.4837447167713417
0.8825721731409429
0.5636664481358663
0.8283879468217492
0.6205598840224772
0.7587225129827857
0.5975315885445633
0.6993778841570019
0.5433473638906482
0.7045382866635918
0.45936181567707984
0.47490037512034167
0.27649005747011657
0.8025859342887998
0.4241420696520351
0.7238897960633038
0.5636664481358663
0.17172672785818574
0.5799217155320409
0.3187981992959976
0.4729078718405587
0.4658696707338094
0.5528296032050833
0.6271322490647434
0.6408789682676953
0.740661104209721
0.72080069963222
0.6181015446782111
0.8833533735939652
0.47748057637363667
0.9863034004364039
0.31105759553611273
0.928055358933445
0.13689401093870399
0.8711619230468344
0.10722169652581212
0.6950631929216103