0.1144102739543357
0.6313983269038987
0.1439221912945296
0.7058807901554993
0.14928799444729215
0.7930112188649189
0.19355587045758302
0.8548457166587006
0.2619698606553053
0.8956002720227839
0.3330667524294088
0.922301532433735
0.4148952505090374
0.9461921338540598
0.4967237485886661
0.9630560877978184
0.5812351482446758
0.9644614172931317
0.65367349080697
0.9377601568821805
0.719404579428311
0.9068429079852897
0.7864771188378427
0.8660883526212063
0.8495253058828024
0.8225231382664965
0.9045247881986184
0.762093969968028
0.9233050992332872
0.6749635412586086
0.9219636484450966
0.5794011355773095
0.9045247881986184
0.5007026838397693
0.04599628375661341
0.38968165371002506
0.07684965188499797
0.34330578036468884
0.1103859215897638
0.292713918533413
0.13721493735357643
0.23650073872088423
0.15867814996462656
0.18028755890835543
0.3894076855334154
0.10439976616144163
0.4806263391303784
0.14374899203021174
0.5825765990328665
0.16482893445991004
0.6898926620881172
0.1704502524411629
0.7931843727787958
0.1620182754692836
0.10904447080157316
0.5344305917272866
0.11977607710709823
0.46556944645693893
0.17343410863472353
0.4290308795787952
0.2364822956796833
0.4669747759522521
0.2753843685372116
0.5288092737460338
0.2901403272073086
0.5962650895210682
0.2901403272073086
0.6679368937820425
0.2244092385859676
0.6876115067164275
0.168068305481961
0.665126234791416
0.1318491342008139
0.6046970664929476
0.5503817801162914
0.4374628565506745
0.5705035419391509
0.35454841632719464
0.6509905892305888
0.3095778724771716
0.7395263412511706
0.34471110986000203
0.803915979084321
0.4037349486631573
0.8213548393307991
0.48664938888663717
0.7864771188378427
0.5737798175960568
0.7019657191818328
0.6018864075023211
0.6067227132202979
0.5976704190163815
0.5570890340572445
0.5344305917272866
0.24721390198520835
0.6004810780070079
0.6805025065707827
0.5049186723257091
0.3719688252869372
0.7410140275383298
0.4121105837004486
0.8047685976076847
0.4682711148019054
0.8014350253164766
0.523376988042302
0.7847671638604361
0.5787465257479637
0.7589319786035733
0.6040583144134091
0.7943511841976595
0.6064312946007945
0.8376876239833647
0.5958847159901922
0.8960251390795065
0.546843125450892
0.9210269312635673
0.49595588365473625
0.8947750494703034
0.4524512468860021
0.8568556646578113