0.04081601568109151
0.3172675984290738
0.03627921125253303
0.45514750108122826
0.05102382564534808
0.5863825891477366
0.09412346771665357
0.7010056407501299
0.15083352307363454
0.7774210084850588
0.23022760057340785
0.8222735069381693
0.3152926836088792
0.8621423944520452
0.39922356553721106
0.9053336892587441
0.48655705078696176
0.9368965585405626
0.5761589382509916
0.9136397074908017
0.6634924235007422
0.8804156345625717
0.7519601098576326
0.8505139689271647
0.8268173829288473
0.7956942485955852
0.8744538294287113
0.6926996225180725
0.9130166670714583
0.5797377745620905
0.9334322869999715
0.45182509378840524
0.9413716947499489
0.3189288020754853
0.10659967989518938
0.11192498930419478
0.17351754521642687
-0.019310098762313575
0.2801324492875511
-0.10070907743647696
0.3867473533586752
-0.049211764397720556
0.44686001203707504
0.09365174919366828
0.5024358662869164
0.12023100753625227
0.5716221338224331
-0.02429370970154807
0.6827738423221158
-0.10070907743647696
0.7961939530360775
-0.04588935710489756
0.8619776172501755
0.10361897107213729
0.10659967989518938
0.3139451911362508
0.17351754521642687
0.18271010306974247
0.2801324492875511
0.10131112439557909
0.3867473533586752
0.15280843743433548
0.44686001203707504
0.29567195102572436
0.465007229751309
0.45182509378840524
0.3924183588943733
0.538207683401803
0.274461443751853
0.5365464797553915
0.15877293082361188
0.5249180542305111
0.07484204889528004
0.4634535193132856
0.5024358662869164
0.3222512093683083
0.5716221338224331
0.17772649213050798
0.6827738423221158
0.10131112439557909
0.7961939530360775
0.1561308447271585
0.8619776172501755
0.30563917290419335
0.8880642427143867
0.4651147229596971
0.8041333607860549
0.5465137016338606
0.6782370378935573
0.5498361089266836
0.5546091172153388
0.5465137016338606
0.46954403417986745
0.48006555577740057
0.26765623710901526
0.3504916713573038
0.6362715969293914
0.37208731876065326
0.4604704253227505
0.6096394401974975
0.3969551633229318
0.7209400845070679
0.45139681646563357
0.7109728626285989
0.4899596541083806
0.7059892516893644
0.5455355083582218
0.7209400845070679
0.5784273404652708
0.7309073063855369
0.5750247371438519
0.8089838777668772
0.5455355083582218
0.8787544309161602
0.48769125189410134
0.8903828564410406
0.43438379985853925
0.8671260053912797
0.40376036996576953
0.7956942485955852