0.04058131500211769
0.6385048172953587
0.06883204158260221
0.7011058579255044
0.10414544980820782
0.7621418725398965
0.15181855091277544
0.816917783091274
0.211851344896305
0.8623035375481296
0.2789468205249557
0.8982991359104635
0.3495736369761669
0.9249045781782753
0.42373179424993884
0.9468149423988266
0.5067183035801119
0.9562050984933483
0.5861734720877246
0.9421198643515655
0.6550346181276557
0.9139493960679999
0.7238957641675867
0.8810838497371735
0.7945225806187979
0.8435232253590859
0.8510240337797669
0.7934423928549694
0.8810404307715316
0.7277113001933164
0.8951657940617739
0.6525900514371415
0.8916344532392134
0.575903776665213
0.0705977119938825
0.3333247442233982
0.12356782433229091
0.2879389897665426
0.1924289703722219
0.24724831335694786
0.2701184684685543
0.22220789710488956
0.35310497779872746
0.23942318327817969
0.6673943110066176
0.22220789710488956
0.7397867978691092
0.215947793041875
0.801585262263919
0.24724831335694786
0.8563210450136077
0.2848089377350353
0.902228475706895
0.32549961414463
0.10944246104204867
0.631586886363085
0.14828721009021487
0.5877661579219831
0.20125732242862332
0.5580306636226637
0.26658712764599374
0.5423804034651274
0.3354482736859247
0.5345552733863591
0.3354482736859247
0.5383431522871255
0.26658712764599374
0.5461682823658938
0.20125732242862332
0.5618185425234301
0.14828721009021487
0.5915540368227494
0.10944246104204867
0.6353747652638514
0.6391435844261332
0.5376853254178664
0.6991763784096626
0.5267301433075909
0.764506183627033
0.5361202994021128
0.8174762959654416
0.5580306636226637
0.8686807378925697
0.5830710798747222
0.8686807378925697
0.5868589587754885
0.8174762959654416
0.5618185425234301
0.764506183627033
0.5399081783028792
0.6991763784096626
0.5305180222083573
0.6391435844261332
0.5414732043186328
0.2122044789785611
0.5727578164022269
0.757796636064168
0.5502214417753745
0.5685167679749218
0.6807605197207071
0.41194442212497817
0.7917245038330262
0.46146843290206035
0.7791460621808294
0.5140245259716169
0.7721580390407201
0.5655699249436819
0.7661017523192921
0.6140832416232725
0.7763508529247857
0.604313198680855
0.8108251004159914
0.5662437210086763
0.8420382704418131
0.5160459141665997
0.8527532392566474
0.46517431125952907
0.8471628207445597
0.4190192808074185
0.8238694102775288