0.14499689456895756
0.4991305659807347
0.15679230008308145
0.5808558755381948
0.1534221842219032
0.6660588578427808
0.16353253180543792
0.7443064946531149
0.21913944351487918
0.7895162403657525
0.2747463552243204
0.8347259860783899
0.3455187883090638
0.8695027135496496
0.42134639518557454
0.8973240955266573
0.49548894413149625
0.919928968382976
0.5780567827303634
0.9251454775036649
0.6538843896068742
0.9042794410209092
0.7246568226916177
0.8712415499232126
0.7920591399151827
0.829509476957701
0.8527212254163913
0.7825608948715006
0.8779970943752282
0.7043132580611664
0.8830522681669957
0.6191102757565803
0.8847373260975847
0.5356461298255574
0.16353253180543792
0.43653245653246736
0.20565898007016611
0.45044314752097125
0.2511555441960726
0.467831511256601
0.30339234004433563
0.48000336587154196
0.35394407796200944
0.48000336587154196
0.5443556241185808
0.478264529497979
0.6269234627174483
0.478264529497979
0.7061211854551371
0.4573984930152232
0.7853189081928261
0.43305478378534146
0.8577763992081587
0.4052334018083338
0.2578957759184291
0.5182577660899276
0.2747463552243204
0.49217522048648277
0.3000222241831573
0.49217522048648277
0.32192797728081596
0.5043470751014236
0.3337233827949399
0.5269519479577425
0.3337233827949399
0.5443403116933723
0.3236130352114051
0.565206348176128
0.2983371662525682
0.5704228572968169
0.269691181432553
0.55477332993475
0.2578957759184291
0.5286907843313053
0.7145464751080828
0.5234742752106164
0.7280269385527959
0.4956528932336088
0.7533028075116327
0.4869587113657939
0.7802637344010589
0.4956528932336088
0.7886890240540045
0.5060859114749866
0.7987993716375392
0.5478179844404981
0.7836338502622371
0.5721616936703798
0.7549878654422219
0.5808558755381948
0.7263418806222067
0.568684020923254
0.7145464751080828
0.5373849661991202
0.29496705039139
0.5304296207048683
0.7583579813034002
0.5408626389462463
0.528122899387239
0.6452336759646353
0.4634728434503028
0.865922401155473
0.49717400206208534
0.872877746649725
0.532560218604457
0.8763554193968508
0.5679464351468286
0.872877746649725
0.6033326516892005
0.871138910276162
0.6033326516892005
0.8764580590439015
0.5679464351468286
0.8781968954174645
0.532560218604457
0.8816745681645903
0.49717400206208534
0.8781968954174645
0.4634728434503028
0.8712415499232126