0.05245045117600091
0.4532682955163278
0.07730116423529881
0.5609397480822482
0.08877072410882095
0.6781819964318061
0.10979825054361149
0.7870497984706812
0.1633228632867147
0.8624198152668255
0.23500761249622795
0.9198445899686497
0.31816192157926326
0.9605204720491087
0.40131623066229866
0.9976073057107036
0.4949843029627292
1.0167488972779781
0.5915197652315405
1.017945246750933
0.6746740743145758
0.9844474615082022
0.7530494001169769
0.9413788804818339
0.8295131326071243
0.8887395036718283
0.8916399152553691
0.8229402826593214
0.928915984844316
0.726035975349993
0.9508993079352335
0.6171681733111178
0.9747942243384045
0.5154784681099708
0.02090916152381509
0.2857793693026737
0.09928448732621623
0.22955094407380414
0.19486415293890053
0.19844585777698268
0.2961785984883459
0.22117649776312148
0.38124450088363493
0.2606560303706256
0.5609342722354814
0.263048729316535
0.6670277010655611
0.2187837988172121
0.7836348931130358
0.19126776093925466
0.9021536784727644
0.19126776093925466
0.9910427674925608
0.24629983669516958
0.07347797761079145
0.40302161765223155
0.12509099704164098
0.32765160085608724
0.19964313621953475
0.30492096086994847
0.2741952753974285
0.3312406492749512
0.33345466807729274
0.3922544723956395
0.338233651357927
0.4855697312861039
0.2761068687096822
0.5274419628395175
0.2015547295317884
0.5537616512445203
0.12891418366614837
0.5537616512445203
0.07347797761079145
0.4855697312861039
0.62497264819598
0.3767019292472288
0.6937900074371126
0.3085100092888125
0.7788559098324017
0.27261952510017234
0.8600986256031833
0.3156881061265406
0.9212696115953013
0.4006289187063223
0.9260485948759354
0.5011222744345147
0.8639218122276906
0.5752959417577043
0.7798117064885285
0.5429945059879282
0.6880552275003516
0.5382091080961096
0.6259284448521069
0.4807843333942852
0.25412354561876477
0.4652317902458745
0.7606957733659916
0.47240988708360254
0.4701335899034313
0.6769856469588514
0.398689887129723
0.8290416649713908
0.4461201077360127
0.830791326075587
0.4939407005283625
0.830791326075587
0.5417612933207122
0.8304025124968767
0.5876300251827619
0.8401228519646334
0.5878252112757919
0.8716167518401651
0.5409805489485922
0.8710335314720998
0.49355032834230245
0.8683118364211279
0.4459249216429827
0.8687006499998381
0.398689887129723
0.8667565821062868