0.14669090765065804
0.6916381501012931
0.155304507716306
0.7697675488087417
0.17970970790230859
0.8390521099266677
0.2371337083399617
0.8759055998830113
0.3003001088213801
0.9098108106428475
0.3720801093684464
0.9304487650183998
0.44242450990457144
0.9584574173852209
0.5127689104406965
0.9849919301537883
0.5931625110534109
0.9849919301537883
0.6663781116114186
0.9702505341712511
0.7367225121475435
0.9466643005991909
0.804195712661786
0.9171815086341162
0.8687977131541457
0.8788538790795188
0.926221713591799
0.8316814119353989
0.9735965139528625
0.7756641072017568
0.9850813140403931
0.6945864292978007
0.97072531393098
0.6282501473763823
0.12085010745371415
0.5928707970182924
0.16678930780383663
0.5471724694724263
0.2270845082633724
0.5353793526863964
0.28737970872290813
0.5515948882671875
0.3404969091277372
0.5751811218392474
0.5170757104735205
0.5692845634462325
0.6003405111081175
0.5117931191143364
0.6893477117864798
0.46756893116672404
0.7797905124757833
0.4425085579964104
0.8731045131869697
0.4587240935772017
0.17683850788042593
0.6882824453876804
0.21847090819772438
0.6912307245841879
0.25723210849314027
0.679437607798158
0.2888153087338495
0.6602737930208593
0.317527308952676
0.6411099782435606
0.317527308952676
0.6444656829571734
0.2888153087338495
0.6636294977344721
0.25723210849314027
0.6827933125117708
0.21847090819772438
0.6945864292978007
0.17683850788042593
0.6916381501012931
0.5831133109768215
0.6293168614575306
0.6520221115020053
0.6602737930208593
0.7309801121037783
0.6764893286016506
0.80850251269461
0.6558513742260981
0.865926513132263
0.6248944426627695
0.865926513132263
0.6282501473763823
0.80850251269461
0.6592070789397109
0.7309801121037783
0.6798450333152634
0.6520221115020053
0.6636294977344721
0.5831133109768215
0.6326725661711434
0.25177682845156324
0.6737447621636957
0.7281089120818958
0.651043012350588
0.38500050946691833
0.8213624347476226
0.4524737099811608
0.8946619891432047
0.4725721101343394
0.8931878495449509
0.4969773103203419
0.8917137099466972
0.5199469104954032
0.8917137099466972
0.5343029106048165
0.8961361287414584
0.5343029106048165
0.8994918334550712
0.5199469104954032
0.89506941466031
0.4969773103203419
0.89506941466031
0.4725721101343394
0.8965435542585637
0.4524737099811608
0.8980176938568175