0.1285317267320847
0.5994312986060258
0.16100713756690213
0.6709645962354248
0.17318541662995868
0.7553738874381156
0.20836711170101088
0.8240458531623387
0.26925850701629356
0.8755498274555059
0.33962189715839797
0.9084551443650295
0.41675099789108927
0.942791127227141
0.49523324074189806
0.9628204505633728
0.5831874784195286
0.9613897846107847
0.6576102949159852
0.9370684634167891
0.7306799692943244
0.8941484848391497
0.7983370752001939
0.8526591722140984
0.8632878968698288
0.8040165298261069
0.9147072973582897
0.7453592257699997
0.9471827081931072
0.660949934567309
0.9593609872561637
0.5693873136016783
0.9498889924293419
0.48783935430416336
0.03787120481821943
0.3147287740410178
0.08658432107044554
0.29040745284702213
0.14612257426761083
0.2803927911789062
0.19889511687418915
0.3032834464203139
0.2381362382995935
0.33761942928242544
0.42486985059979365
0.2932687847521981
0.48982067226942855
0.20170616378656733
0.5777749099470589
0.1416181937778722
0.684673137278333
0.12445020234681638
0.7861587961371375
0.13446486401493227
0.12582544249584993
0.5278980009766268
0.1339442952045543
0.4549340373946398
0.1853636956930152
0.43490471405840814
0.24084252253582827
0.4721020288256956
0.2760242176068805
0.5321899988343907
0.29496820726052403
0.6094459602741417
0.3030870599692283
0.6738259281406008
0.23407681194524135
0.6852712557613045
0.18401055357489782
0.6452126090888411
0.1488288585038456
0.5779713093172061
0.4965863828600155
0.43919671191617204
0.546652641230359
0.3447727590453653
0.6427257316166939
0.297560782609962
0.7482708168298505
0.3175901059461937
0.840284480861833
0.38483140571782876
0.8497564756886549
0.4806860245412234
0.8051027857907809
0.5822633071749701
0.7022639848138592
0.6165992900370815
0.5940126153644677
0.6194606219422576
0.5222960831042459
0.5450659924076826
0.25031451736265004
0.5779713093172061
0.7090296954044462
0.46494869906275565
0.3220310496228718
0.7410672279122359
0.3910412976468589
0.809739193636459
0.446520124489672
0.8011551979209309
0.5047052355687198
0.7925712022054031
0.5655966308840025
0.7854178724424632
0.6007783259550546
0.7839872064898753
0.6061908944275243
0.8397831786408065
0.5818343363014112
0.8941484848391497
0.5290617936948329
0.9141778081753814
0.470876682615785
0.8941484848391497
0.4262229927179111
0.8555205041192742