0.11399784280784281
0.4787883158745699
0.11399784280784281
0.5562571025000003
0.13768024653805236
0.6355703840450838
0.15225403344895053
0.7130391706705144
0.20326228763709406
0.7646850284208013
0.26337915864454897
0.8144863912514352
0.32713947637972846
0.8513762896444974
0.39818668757035697
0.8882661880375596
0.48380768567188376
0.9067111372340905
0.5694286837734104
0.8901106829572126
0.6550496818749371
0.8661322490017221
0.7297403397932902
0.8347758353676193
0.7880354874368829
0.7868189674566386
0.8517958051720623
0.7407065944653111
0.8900519958131701
0.6706157875184929
0.9191995696349664
0.6005249805716749
0.9428819733651758
0.5230561939462444
0.09395888580535784
0.4363649327225484
0.17047126708757326
0.42160897336532355
0.25791398855296216
0.41976447844567044
0.3417132632906266
0.4363649327225484
0.38725634738718334
0.4769438209549167
0.5876459174120331
0.4787883158745699
0.6441193416917635
0.4363649327225484
0.7333837865210148
0.40869750892775186
0.8354002948973018
0.4050085190884456
0.9355950799097267
0.41238649876705796
0.1577192035405373
0.49907775999075404
0.20872745772868087
0.49354427523179467
0.2652008820084113
0.49354427523179467
0.3198525829242794
0.497233265071101
0.3635739436569738
0.5193672041069383
0.35993049692924933
0.5507236177410411
0.3143874128326926
0.5765465466161844
0.2597357119168245
0.5728575567768782
0.20690573436481863
0.5617905872589597
0.15954092690439955
0.5378121533034693
0.6149717678699672
0.5175227091872852
0.680553808969009
0.5027667498300602
0.7570661902512242
0.49907775999075404
0.8354002948973018
0.49169978031214157
0.8991606126324814
0.5156782142676319
0.8900519958131701
0.5654795770982658
0.8317568481695774
0.6115919500895936
0.7516010201596375
0.6134364450092465
0.6714451921496976
0.6115919500895936
0.6113283211422427
0.5747020516965313
0.26155743528068676
0.5230561939462444
0.7279186164294279
0.5396566482231224
0.5098583297751142
0.6419681802054961
0.4874511323996082
0.8377483098727527
0.5020249193105064
0.8395928047924057
0.5147769828575424
0.843281794631712
0.5293507697684404
0.843281794631712
0.5348159398600273
0.8469707844710183
0.5348159398600273
0.8532207845641505
0.5293507697684404
0.8495317947248443
0.5147769828575424
0.8495317947248443
0.5020249193105064
0.845842804885538
0.4874511323996082
0.843998309965885