0.06752820751808632
0.62141281568546
0.08270480807266192
0.7014024289886139
0.12317574288486348
0.7756784984843997
0.19231358985570782
0.8299571646543972
0.273255459480111
0.8742371291615003
0.3609424849065476
0.9070900060538671
0.45200208823400123
0.9285157953314976
0.5430616915614548
0.9542267424646542
0.6341212948889082
0.9613686722238645
0.7150631645133114
0.9256590234278136
0.7825147225336474
0.8728087432096582
0.8432211247519497
0.818530077039661
0.8938097932672018
0.7571094811104535
0.9258492833268613
0.6871185694701937
0.9359670170299116
0.6085573421188817
0.9275355722773697
0.5257109569120436
0.9224767054258445
0.4442929576570476
0.07764594122113672
0.33430723936521095
0.13160718763740545
0.28002857319521357
0.19905874565774143
0.24431892439916267
0.2766280373811278
0.22574990702521622
0.3558836180550225
0.23860538059179454
0.6476116064929756
0.1843267144217972
0.7167494534638198
0.16147253919232465
0.8061227678407649
0.1843267144217972
0.8870646374651681
0.22717829297705827
0.9578887733865208
0.27288664343600344
0.14172492134045586
0.5471367461896742
0.17207812244960707
0.4914296940678348
0.24458854732146817
0.4500065014644158
0.332275572747905
0.4242955543312591
0.3778053744116317
0.4728606766938883
0.3963545528672241
0.5357096585749379
0.3592561959560393
0.5957018685523034
0.2833731931831614
0.6271263594928282
0.2024313235587582
0.6571224644815109
0.13666605448893065
0.6099857280707237
0.6847099634041602
0.4228671683794171
0.6897688302556855
0.3743020460167879
0.755534099325513
0.34573432697994716
0.8263582352468657
0.37715881792047196
0.8820057706136428
0.420010396475733
0.9056138159207605
0.4885729221641507
0.8752606148116093
0.5457083602378322
0.8010639009892399
0.5528502899970423
0.7251808982163619
0.539994816430464
0.6914551192061938
0.500000009778887
0.26313772577706057
0.5714193073709888
0.7723969888305969
0.4914296940678348
0.688082541305177
0.6628360082888791
0.5801600484726396
0.8356707084617654
0.5970229379777235
0.8056746034730825
0.6273761390868747
0.7871055860991362
0.662788207047551
0.7785352703880839
0.6847099634041602
0.7971042877620304
0.6830236744536519
0.8299571646543972
0.6745922297011099
0.8599532696430799
0.6492978954434838
0.8813790589207106
0.6105132495817908
0.8770939010651844
0.5885914932251816
0.861381655594922