0.14247608641840961
0.39872393927333366
0.12224061901230882
0.4626877553366272
0.11009933856864838
0.5390889800788945
0.12426416575291893
0.6119366594843122
0.18294702123061113
0.6634630668686321
0.24770051693013367
0.6989985202371284
0.3205481995920965
0.7292036556003503
0.4035136159571097
0.7451946096161738
0.4905261258033431
0.7505249276214483
0.5795621823901864
0.743417836947749
0.6625275987551997
0.7274268829319256
0.7434694683796029
0.7043288382424029
0.8122700575603456
0.6741237028791809
0.8669058195568178
0.6243740681632859
0.8992825674065789
0.563963797436842
0.9215415815532897
0.494669663368274
0.9377299554781704
0.4200452112944315
0.18134380258708588
0.1975997268654634
0.23752995510559177
0.23962513987867162
0.30620191929487683
0.28347774476201926
0.37071194626056886
0.327330349645367
0.41649325572009216
0.38031891387941213
0.5371894352042902
0.3766645301391331
0.6245901168997438
0.330984733385646
0.7161527358187905
0.29809527972313515
0.8056343861260408
0.2615514423203455
0.8743063503153258
0.23962513987867162
0.2011589418961019
0.3436439865521642
0.23758278322708326
0.2850104884941451
0.3104304658890461
0.3027782151783933
0.37518396158856865
0.34009044121531457
0.4338668170662609
0.37740266725223587
0.4379139105474811
0.4342593926418301
0.38530169529161906
0.4715716186787513
0.3043598256672158
0.4769019366840258
0.2213944093022027
0.4626877553366272
0.18699411471183136
0.42182198396285636
0.5714679954277462
0.3809562125890855
0.6382450378678789
0.33120657787319047
0.7212104542328921
0.28856403383099477
0.8142936043009557
0.28678726116257
0.8567880858537672
0.3507510772258635
0.8547645391131572
0.4289290746365556
0.8122700575603456
0.48400902735772505
0.7191869074922819
0.5071070720472478
0.6261037574242183
0.5017767540419733
0.5674209019465262
0.45380389199450316
0.37903582070775493
0.42782590250303876
0.6266710855115404
0.4241715187627598
0.5295404384971723
0.5155914307469562
0.3356235636069867
0.6326663469692184
0.41340164335958757
0.5898037254033202
0.5651451518965244
0.5855778331362597
0.7016380565604023
0.6115368856339164
0.7668343881177294
0.7268433746351359
0.7740784249574325
0.8318869824163515
0.7123134792715435
0.935119493511684
0.5579011150568214
0.9459860736269822
0.42674592174851417
0.8952753664222575
0.3565931439324428
0.7829873718975098