0.10242940946804546
0.5877094900708068
0.09915617346408423
0.6699856471510289
0.09424631945814235
0.7553665648757879
0.1367983875096386
0.8159093974442534
0.20553634359282483
0.8593760464677671
0.26772782766808856
0.899737934846744
0.34137563775721674
0.9292331609698427
0.4199333018522866
0.9571760067706728
0.5050374379552791
0.9758045706378929
0.588504956056291
0.9664902887042829
0.6686992381533416
0.9478617248370628
0.7439836662444503
0.9168141183916959
0.8159948583315979
0.890423652913134
0.889642668420726
0.8578236661454987
0.9387412084801448
0.8019379745438384
0.9485609164920284
0.7165570568190793
0.9583806245039123
0.6420428013501989
0.07624352143635549
0.22600487498228233
0.13516176950765796
0.23687153723816076
0.19244339957697984
0.2555001011053809
0.24317855763837917
0.2881000878730161
0.2742742996760111
0.3191476943183831
0.5083106739592405
0.32070007464065137
0.6015979000721361
0.27102390432806434
0.7047048341969153
0.23687153723816076
0.8143582403296171
0.2135858324041356
0.9223750284603385
0.21824297337094062
0.12043220748983233
0.5209571362132679
0.1384350055116192
0.4511000217111923
0.20389972559084424
0.4076333726876787
0.26118135566016604
0.4604143036448024
0.28573062568987545
0.5333761787914146
0.3037334237116623
0.6094428145825636
0.2890038616938367
0.683957070051444
0.2104461975987667
0.7010332535963959
0.14825471352350295
0.6591189848951505
0.12697867949775485
0.5799475884594649
0.549226124008756
0.5116428542796578
0.6015979000721361
0.4262619365548988
0.6981583621889929
0.3843476678536535
0.7996286783117916
0.4216047955880938
0.8569103083811136
0.5116428542796578
0.8667300163929973
0.6047856736157585
0.811085004325656
0.6901665913405175
0.706341452198896
0.7087951552077376
0.5999612820701554
0.6901665913405175
0.5524993600127173
0.6063380539380269
0.22681237761857298
0.5799475884594649
0.6523330581335355
0.5628714049145132
0.4702790576994216
0.6688048753896263
0.35761483879411055
0.8315812183255719
0.4203424563527817
0.811302799092592
0.49647341099663905
0.8078406299552539
0.5683152977732367
0.825151475641944
0.6216605793722777
0.8746110347467727
0.6318471155570191
0.9408868439472431
0.5766253667660521
0.9720463661832851
0.5015666790890098
0.9740247485474783
0.42463152422004125
0.9577030940428848
0.3790601781304084
0.906265152573863