0.04200392547135482
0.45722957035407386
0.058866815259125044
0.555187625559684
0.04200392547135482
0.657284753520461
0.03587196554852932
0.7524834268892936
0.1033235246996101
0.8173289000535707
0.19223694358058022
0.8642383912787925
0.2811503624615504
0.90424942791207
0.3654648114004013
0.9511589191372918
0.47277411004984804
0.9787527375050693
0.5846823786414138
0.9649558283211807
0.6919916772908605
0.9346026281166253
0.7839710761332436
0.8904525187281812
0.8759504749756264
0.8476821002581261
0.9602649239144774
0.7993929181145154
1.0047216333549625
0.7097130084192385
1.0200515331620263
0.6034768077032948
1.027716483065558
0.4972406069873513
0.05120186535559313
0.2916666601474086
0.11865342450667393
0.2751103691267421
0.18610498365775469
0.29994480565774184
0.24282561294389082
0.3413355332094081
0.2903483023457886
0.3813465698426856
0.5202967994517459
0.3703090424955746
0.6153421782555415
0.2916666601474086
0.725717456866401
0.219922732391187
0.8498896453036179
0.19094922310502055
0.9817267836443667
0.20198675045213157
0.09105960485395906
0.44067327933340733
0.11558744454526115
0.37168873341396347
0.1707750838506909
0.33029800586229713
0.23362767305965257
0.37168873341396347
0.26582046265448656
0.44067327933340733
0.2734854125580184
0.5068984434160734
0.25815551275095466
0.5745032984171283
0.18763797363846108
0.6076158804584615
0.12171940446808667
0.5800220620906839
0.08952661487325267
0.5124172070896289
0.5724184587957629
0.39790286086335214
0.6322050680433118
0.3151214057600195
0.7410473566734648
0.2820088237186864
0.8238288156316094
0.32477924218874166
0.9004783146669285
0.3965231699449633
0.9081432645704605
0.4793046250482959
0.8636865551299754
0.5758829893355172
0.7655751963647669
0.5827814439274617
0.6460019778696692
0.5758829893355172
0.5846823786414138
0.5068984434160734
0.21369880331046956
0.4420529702517962
0.6567329077346139
0.4048013154552965
0.27808438250013756
0.6310706260710723
0.2566225227702483
0.7373068267870159
0.3608658414582822
0.7386865177054047
0.4881040098569119
0.734547444950238
0.6107432083134223
0.7221302266847383
0.7088545670786309
0.7414458995421824
0.7057885871172181
0.836644572911015
0.621474138178367
0.9194260280143477
0.5019009196832693
0.9318432462798475
0.37772873124605244
0.9249447916879031
0.3010792322107333
0.8449227184213484