0.0543378901675293
0.39720488229695666
0.03978282909853032
0.48051595959202453
0.046251745129196546
0.5812954885779937
0.06404126421352863
0.6753563822982315
0.12064427948185794
0.7532925513807144
0.19341958482685281
0.8110728146660033
0.28560163826384627
0.8594469885792686
0.36484585963950733
0.9118523436519725
0.45379345506116775
0.9548516093526527
0.5702339436131595
0.9656014257778227
0.6705021420884858
0.9360394306086052
0.7384257604104809
0.8581032615261224
0.7950287756788104
0.7801670924436395
0.8548662489624727
0.6995434692548642
0.8904452871311368
0.6122012108003576
0.89367974514647
0.514109135920681
0.9050003482001358
0.4281106045193206
0.12033423836274132
0.31801950278427116
0.20461437471368574
0.2652709940558179
0.3026145332612955
0.23271762866911527
0.40518803254112706
0.23693750936739152
0.4946948440146107
0.27190223515310913
0.7007564724916724
0.29020939290972203
0.7613313510649711
0.275069885859088
0.8245256838468449
0.27688662670516406
0.8854279941962155
0.28990660276870933
0.92439237554877
0.3256358394082056
0.229522978391857
0.3738044844289719
0.2749085541654271
0.3546279329799086
0.3287727539846091
0.3439742932859845
0.38288632509925025
0.3418435653471997
0.42153887589542255
0.3671079109070768
0.41929453423628993
0.4066785726273662
0.37341021587180157
0.42494195495980747
0.3235359567799664
0.4343780358315688
0.26692867271073345
0.43620437406481294
0.2245355524826735
0.4142883152658834
0.7098990102434457
0.3869556227897268
0.7394627294816847
0.3706759745822769
0.7813029084035992
0.3728261167983552
0.8203871473965253
0.38603413326855046
0.8517046465895751
0.4072283922556078
0.8461927667315984
0.4379447096281548
0.8133720275772821
0.45698882639913385
0.7735361686037228
0.4483882575348207
0.731445449688264
0.4410163413654095
0.7046376703790133
0.4189005928571757
0.28560163826384627
0.4066109716689804
0.7513635924718134
0.42139196925358924
0.6882916611728178
0.6417632059695753
0.5287722136999967
0.7782908886019247
0.5586728442337623
0.7689245946382629
0.5938167132971455
0.767568946827733
0.6295274189583252
0.7671992246975884
0.6591446311931926
0.7760725558210575
0.6556019024569644
0.7949283844584291
0.6228670889342163
0.8010904199608382
0.5902739845609174
0.8030622713216091
0.5562637886931272
0.8010904199608382
0.5226787202736843
0.7987488464699227