0.0745735477088698
0.4386037527593819
0.06921532993753816
0.5245584988962473
0.054926749213987235
0.6089783388520972
0.06921532993753816
0.6933981788079471
0.12994179801262967
0.757864238410596
0.19245433867816497
0.8177255794701987
0.24960866157236875
0.8668425772626931
0.30854905705701635
0.9251690121412803
0.37641981549388337
0.9727511037527594
0.4764398805587398
0.9666114790286977
0.5711017278522649
0.9420529801324504
0.6604053573744582
0.9128897626931567
0.7443507691253198
0.8791218267108167
0.824724035695294
0.842284078366446
0.8818783585894976
0.7839576434878588
0.9265301733505943
0.7133519591611479
0.955107334797696
0.6366066501103753
0.03871161828051932
0.1972440673289183
0.10706401426986555
0.17309947571743933
0.18970499098276267
0.16570088300220753
0.2705598951052159
0.18691363134657835
0.3031908392856848
0.21412803532008828
0.6800521558693406
0.2129725441501104
0.7818582935246412
0.20836782560706402
0.8729479956372783
0.26055463576158944
0.9586794799785838
0.3311603200883002
1.0158338028727878
0.4079056291390729
0.1478025239170683
0.3925565673289183
0.18888219349727728
0.34497447571743933
0.24425044380103716
0.32195088300220753
0.29783262151435314
0.35878863134657835
0.3031908392856848
0.4094405353200883
0.2942604763334654
0.4677669701986755
0.27282760524813904
0.5214886865342163
0.2031707742208282
0.5260934050772627
0.14244430614573672
0.5
0.12994179801262967
0.44320847130242824
0.6068231796611421
0.42939431567328923
0.6568332121935705
0.3772075055187638
0.7550672046679832
0.38795184878587197
0.8300822534666255
0.4309292218543046
0.8765201408181661
0.4938603752759382
0.8765201408181661
0.5690707781456954
0.808649382381299
0.6166528697571744
0.7104153899068864
0.6197226821192053
0.6318281959273562
0.5828849337748344
0.5978928167089228
0.519953780353201
0.22281757271571073
0.4631622516556292
0.7014850269546671
0.53376793598234
0.27461367783858287
0.6534906181015453
0.30140476669524086
0.7501897075055188
0.35141479922766916
0.7655387693156733
0.40499697694098513
0.7701434878587197
0.45857915465430116
0.774748206401766
0.48179809833007137
0.8039114238410596
0.4692955901969643
0.8300048289183224
0.43357413838808706
0.8576331401766004
0.3853501784461026
0.8607029525386314
0.34605658145633755
0.8346095474613686
0.3281958555518989
0.7931670805739515