0.07235208569807039
0.35447731920677605
0.06192359534619751
0.4459051791447448
0.05497126844494893
0.541904432079612
0.04975702326901249
0.6379036850144792
0.08799482122587965
0.7156173659617526
0.14187535471055618
0.7841882609152292
0.2009701333711691
0.8497115605374402
0.2583268303064699
0.9152348601596512
0.3330643444948922
0.9655201831255341
0.44430157491486943
0.9594249924630028
0.546848396708286
0.9441870158066746
0.642442891600454
0.9228538484878154
0.7293469778660613
0.8908540975095263
0.8006083286038592
0.8375211792123778
0.868393515891033
0.7659026889276355
0.9187978859250852
0.680570019652198
0.9500833569807037
0.5967611480423933
0.10537563847900111
0.19295476664969785
0.16620849886492622
0.17924058765900253
0.24094601305334845
0.18076438532463535
0.30699311861520995
0.1960023619809635
0.3643498155505107
0.22190692229672132
0.6407048098751419
0.31181098456905726
0.7415135499432463
0.31790617523158854
0.8405842082860386
0.3407631402160807
0.93096445800227
0.3758104865256355
1.0091781356413168
0.4245720118258854
0.10537563847900111
0.3255251635597526
0.16099425368898979
0.3163823775659558
0.2200890323496027
0.3240013658941198
0.2739695658342792
0.34228693788171355
0.31046928206583424
0.38038187952253383
0.2913503830874007
0.42609580949151826
0.24442217650397274
0.427619607157151
0.18358931611804769
0.41847682116335416
0.127970700908059
0.4047626421726589
0.09668522985244038
0.36057250986930733
0.6042050936435868
0.4459051791447448
0.6824187712826334
0.43219100015404954
0.7588943671963677
0.4611431558010729
0.8249414727582292
0.5022856927731589
0.8840362514188422
0.5495234204077761
0.8631792707150965
0.6028563387049245
0.7901798382519863
0.6059039340361901
0.7154423240635641
0.575427980723534
0.6372286464245176
0.5449520274108777
0.5868242763904653
0.49771429977626047
0.2166128688989784
0.38495327251943234
0.7814894296254257
0.5388568367483464
0.31220736379114644
0.6119991246987214
0.2843980561861521
0.7167641014499203
0.31394544551645853
0.742668661765678
0.35565940692395004
0.7563828407563733
0.40432569523269013
0.7640018290845375
0.4547300652667423
0.7685732220814359
0.4547300652667423
0.7719978795901667
0.40432569523269013
0.7674264865932684
0.35565940692395004
0.7598074982651042
0.31394544551645853
0.7460933192744089
0.2843980561861521
0.7201887589586512