0.04646443063393233
0.5563455159451081
0.05249353172257541
0.642925183987759
0.0540008069947362
0.733627693365774
0.10223361570388077
0.8009674351767248
0.16553917713463304
0.8559386529815826
0.24241021601483226
0.9026641881157116
0.322295805439353
0.9480154428047192
0.41122504649683833
0.9823724539327552
0.5076906639151275
0.9961152583839696
0.6041562813334167
0.9809981734876337
0.6976073482073843
0.9562611254754477
0.7759856623597442
0.913658431676683
0.855871251784265
0.8765528596584041
0.9267131895758212
0.8243302027437893
0.9719314477406441
0.7432476564816242
0.9975551273673773
0.6594165493292162
1.006598779000342
0.571462600841444
0.028377127368003126
0.28698654870130536
0.07058083498850465
0.23751245267693336
0.12333546951413152
0.19765831976841156
0.19417740730568767
0.17841839353671135
0.2589902440086007
0.19765831976841156
0.5664743995293974
0.1894126370976829
0.6855491460300982
0.16330130864037548
0.822711195796728
0.18116695442695424
0.9252059143036603
0.24163529401229772
1.0035842284560204
0.3185949989390985
0.07811721134930849
0.4903800545792788
0.10524816624820231
0.4216660323232067
0.1775973793119192
0.39555470386589925
0.2393956654705107
0.4230403127683281
0.263512069825083
0.4931286154695217
0.2785848225466907
0.5645911986158367
0.2589902440086007
0.6236852577560588
0.1821192051284015
0.6278080990914231
0.11881364369764923
0.60581961196948
0.07811721134930849
0.5453512723841365
0.5830544275231659
0.45327448256099984
0.6478672642260789
0.38318617985980624
0.7533765332773327
0.354326290512256
0.8513494259677827
0.4038003865366279
0.9236986390314996
0.4711401283475786
0.9297277401201427
0.5632169181707153
0.8649149034172297
0.6360537817621518
0.7578983590938151
0.6333052208719088
0.6478672642260789
0.6264338186463015
0.5845617027953267
0.5563455159451081
0.2062356094829738
0.5563455159451081
0.7006218987517059
0.5549712354999865
0.3494267603382468
0.7075163649084666
0.35696313669905066
0.8369963071612274
0.4082104959525168
0.8411191484965918
0.46247240575030446
0.8411191484965918
0.5152270402759314
0.838370587606349
0.5423579951748252
0.8576105138380491
0.5423579951748252
0.8600614943169468
0.5152270402759314
0.8408215680852467
0.46247240575030446
0.8435701289754894
0.4082104959525168
0.8435701289754894
0.35696313669905066
0.8394472876401251