0.04251530739349245
0.5760525331295879
0.07852263851440772
0.6786350448005246
0.12283935374014952
0.7829862204657879
0.19346911863117558
0.8661134281991334
0.2765629596794415
0.9174046840346017
0.3665812874817295
0.9527779639211318
0.45936940998562653
0.9793079238360292
0.5549273271911324
0.9775392598417025
0.6463305523442248
0.9510092999268052
0.7349639827957084
0.9032553720799897
0.8180578238439744
0.8501954522501949
0.8914573834366093
0.7723742364998291
0.9537777642228088
0.6821723727891778
0.9925548900453328
0.5760525331295879
0.9994793767993552
0.4557833815153861
0.9884001979929196
0.3355142299011843
0.9690116350816574
0.21878240627563555
0.1394581219498027
0.23116305423592096
0.1754654530707179
0.234700382224574
0.2128576815424376
0.25592435015649195
0.2516348073649617
0.273610990099757
0.29456662523989907
0.28599163806004235
0.39843392655023147
0.24531236619053293
0.4205922841631024
0.19755843834371759
0.4455204364775821
0.15511050247988167
0.4746032808444753
0.11443123061037225
0.5009163305097595
0.09143859868412772
0.11591486698612732
0.4999999813735485
0.1380732245989983
0.34966354185579623
0.20454829743761102
0.2948349580316749
0.29733641994150795
0.3107529339806134
0.3638114927801207
0.39918613369693823
0.4053584133042536
0.4876193334132631
0.39981882390103596
0.5955078370671794
0.307030701397139
0.6414931009196683
0.20731809213921987
0.6644857328459126
0.12699404579256285
0.6450304289083212
0.419207386812298
0.36027552582175526
0.43998084707436447
0.20286443032669702
0.5383085589814791
0.10381924664441322
0.6643342179046825
0.11619989460469872
0.7640468271626016
0.21170775029832956
0.8332916947028232
0.32667090992955183
0.7682015192150149
0.4292534216004886
0.6504852443966381
0.49115666140191605
0.5258444828242392
0.5282986052827725
0.4233620788647112
0.5123806293338339
0.2530197047157662
0.49115666140191605
0.5743158901023944
0.36381285381040823
0.4427506417759733
0.6397244369253419
0.4150526947598847
0.7670682445168496
0.470448588792062
0.7299263006359932
0.5258444828242392
0.7281576366416667
0.5950893503644609
0.6927843567551366
0.6297117841345716
0.72638897264734
0.6477154496950293
0.790060876443094
0.6380211682393983
0.8838000681423983
0.582625274207221
0.9262480040062342
0.511995509316195
0.9014867080856632
0.45798451263482204
0.8378148042899094