0.05442350215297069
0.5034617850223915
0.09152657616365434
0.5882751529925312
0.12081847669840454
0.6730885209626709
0.15011037723315473
0.7544401188115806
0.18916624461282167
0.83232994653926
0.2672779793721555
0.8773329581152524
0.35124809423843956
0.9102197742669392
0.4391237958426902
0.9465683605398564
0.5289522908159243
0.9725316364490828
0.6090168189442414
0.9465683605398564
0.685175760334592
0.8998344639032486
0.7593819083559591
0.8479079120847958
0.8218712961634262
0.7959813602663428
0.8745967171259766
0.728476842902354
0.9038886176607269
0.6436634749322142
0.9136525845056438
0.551926566719614
0.9175581712436104
0.461920543567629
-0.07641365356891362
0.24555991099074184
0.01927322151127043
0.23690548568766634
0.11691288996043778
0.2247892902633607
0.2165053517785886
0.20921132471782486
0.3043810533828392
0.18670981892982857
0.6051112322062747
0.15209211771752665
0.6812701735966252
0.14689946253568134
0.7671930818318926
0.15728477289937187
0.8433520232222432
0.18151716374798327
0.9038886176607269
0.20574955459659458
0.1130073032224711
0.48096027923439516
0.14620479049518806
0.4151866469310214
0.20478859156468848
0.3926851411430251
0.28485311969300575
0.40480133656733086
0.31219222685877257
0.461920543567629
0.32586178044165603
0.5259632908103877
0.2907114997999558
0.586544267931916
0.22431652525452195
0.6177001990229879
0.1540159639711214
0.5951986932349916
0.10519612974653775
0.5432721414165387
0.6031584388372914
0.41172487680979125
0.6187807857891583
0.35979832499133835
0.6968925205484922
0.3476821295670326
0.7828154287837593
0.38403071583994963
0.8492104033291933
0.4376881527190177
0.8531159900671599
0.5121162103254668
0.8101545359495261
0.5709663023863802
0.7183732476073089
0.5744280725076104
0.634403132741025
0.5640427621439198
0.6109696123132248
0.5000000149011612
0.22236373188553857
0.5155779804466971
0.7086092807623923
0.48096027923439516
0.42545424225980677
0.7025135669931276
0.47232128311540705
0.83232994653926
0.4820852499603238
0.8184828660543391
0.499660390281174
0.8115593258118787
0.5133299438640574
0.8115593258118787
0.5309050841849076
0.8184828660543391
0.5328578775538908
0.8375226017211052
0.5250467040779575
0.8531005672666411
0.505518770388124
0.8582932224484864
0.48403804332930717
0.8548314523272561
0.4684156963774404
0.8427152569029505