0.02443171707629563
0.444611692961478
0.047073564769712514
0.5346177161134631
0.05736531372126562
0.6228928542048332
0.09235726015654622
0.7007826819325125
0.16028280323679672
0.7665563142358862
0.24055844505891102
0.8236755212361844
0.31877573709071466
0.8807947282364826
0.3928763295418971
0.9257977398124752
0.4793270207349433
0.9431065904186261
0.574011111089232
0.9084888892063242
0.6645785018628992
0.8773329581152524
0.7613209420074987
0.8461770270241807
0.841596583829613
0.7977122453269578
0.8971720281679998
0.725015072781124
0.928047275022659
0.6419325898715992
0.9630392214579397
0.5571192219014593
0.9465724231354546
0.47749850911316494
0.10676570868872061
0.20055689941474936
0.13764095554337993
0.18844070399044363
0.19733309946238795
0.18151716374798327
0.25702524338139604
0.18497893386921344
0.30848398813916156
0.19882601435413425
0.6295865554276188
0.21440397989967017
0.7119205470400436
0.20055689941474936
0.7942545386524686
0.2265201753239758
0.8662967813133403
0.2645996466575079
0.9136388264904847
0.30960265823350047
0.08412386099530372
0.4683549206407851
0.13352425596275871
0.4354681044890983
0.18498300072052426
0.40950482857987186
0.24879184422015357
0.41469748376171717
0.289958840026366
0.4406607596709437
0.289958840026366
0.44634257802209326
0.24879184422015357
0.4203793021128667
0.18498300072052426
0.4151866469310214
0.13352425596275871
0.44114992284024784
0.08412386099530372
0.47403673899193466
0.5884195596214062
0.45623872521647946
0.6645785018628992
0.41815925388294733
0.7489708432656349
0.43892987461032845
0.8045462876040217
0.48912554136816633
0.8642384315230298
0.5289358977623135
0.8642384315230298
0.5346177161134631
0.8045462876040217
0.4948073597193159
0.7489708432656349
0.444611692961478
0.6645785018628992
0.4238410722340969
0.5884195596214062
0.461920543567629
0.18498300072052426
0.41234573775544664
0.7489708432656349
0.44177078378590323
0.29201718981667657
0.6246237392654482
0.3393592349938209
0.7146297624174334
0.3887596299612759
0.728476842902354
0.44433507429966274
0.728476842902354
0.5040272182186708
0.728476842902354
0.5451942140248833
0.7475165785691202
0.5287274157023982
0.7734798544783466
0.49373546926711764
0.8080975556906485
0.44021837471904146
0.8150210959331089
0.3887596299612759
0.7942504752057278
0.35994273289692724
0.7613636590540409