0.03045003735127347
0.47856495709335006
0.026111878838419696
0.5726025994131331
0.03045003735127347
0.6652573352282133
0.0637092526164857
0.7399342864821585
0.1244434717964385
0.8063137987078876
0.18517769097639125
0.8616300588959952
0.2531421743444337
0.9086488800558866
0.3283369219005657
0.9487531686922647
0.41654614499525905
0.9791771117957238
0.511985632278042
0.9833258313098319
0.6030869610479711
0.9625822337392915
0.6884040784674287
0.9390728231593458
0.7722751430492683
0.9045001605417785
0.8460238377677823
0.8588642458865898
0.8734988416825229
0.7772727621091311
0.8778370001953766
0.6832351197893481
0.8966356870844097
0.6030265425165922
0.07961583383028287
0.20336656265751485
0.16348689841212244
0.1439015829552992
0.2704948083958488
0.10103148130951584
0.38762508824290054
0.0927340422812997
0.4772803641752119
0.14528448946000191
0.7896277771006833
0.24485375779859556
0.8460238377677823
0.22134434721864987
0.9096501626229709
0.22411016022805524
0.9356791137000936
0.27804351391146015
0.948693589238655
0.3402743066230811
0.13456584165976396
0.40803672535351293
0.1996382193525705
0.3471888391465946
0.2936316537977356
0.3167648960431354
0.3731645598667213
0.3637837172030269
0.40063956378146187
0.452289733503999
0.38039482405481095
0.5366470302908631
0.33412113325103737
0.6085581685354029
0.23289743461778273
0.6085581685354029
0.14035005301023565
0.5809000384413491
0.11142899625787718
0.49515983514978235
0.7057567125188438
0.532498310776755
0.739015927784056
0.470267518065134
0.795411988451155
0.430163229428756
0.8503619962806361
0.4633529855416205
0.8547001547934898
0.5297324977673497
0.8416856792549287
0.5988778230024842
0.8084264639897164
0.6583428027046998
0.7491382976473815
0.6860009327987536
0.682619867116957
0.6597257092094025
0.6855119727921928
0.5919632904789707
0.2039763778654243
0.48271367660745823
0.7260014522454946
0.5795171319366466
0.6638211802279239
0.7427000994915638
0.4917408925513911
0.8782249369524274
0.5062014209275703
0.8657787784101032
0.5250001078166033
0.8616300588959952
0.5466909003808721
0.8616300588959952
0.549583006056108
0.8768420304477247
0.5437987947056363
0.889288188990049
0.530784319167075
0.9058830670464812
0.5148777379532778
0.9100317865605893
0.4946329982266269
0.9058830670464812
0.4845106283633014
0.8920540019994543