0.051195336432829454
0.48266431244320657
0.04183390348511207
0.5685171628874071
0.04932304984328597
0.6543700133316076
0.06430134255963377
0.7352698147117196
0.10736393411913374
0.7980084361901738
0.17102167816361194
0.850840959540451
0.2440408551558075
0.9020224665360322
0.32080460532709
0.9333917772752593
0.41067436162517684
0.9499019408222209
0.5080332642814376
0.9465999081128286
0.6016475937586113
0.9333917772752593
0.6933896366462416
0.910277548309513
0.7720256734070676
0.8789082375702859
0.8413002772201763
0.8359818123481856
0.8937243017273936
0.7848003053526046
0.8955965883169371
0.698947454908404
0.9049580212646545
0.6213496862376843
0.1785108245217858
0.18878340130728946
0.2590191478721553
0.2118976302730358
0.34327204440161174
0.24987100643104757
0.41629122139380725
0.3093075952001094
0.45748152636376366
0.3769992657426521
0.6896450634671548
0.39350942928961374
0.7308353684371113
0.34893198771281736
0.7813871063547851
0.3159116606188941
0.8469171369888068
0.29279743165314775
0.9124471676228284
0.29114641529845164
0.163532531805438
0.41992569096475235
0.2197011294917423
0.33902588958464036
0.324549178506177
0.3208647096829826
0.41067436162517684
0.3819523148067406
0.44624780682650284
0.45624805076806796
0.435014087289242
0.5553090320498378
0.37884548960293774
0.6296047680111652
0.26276372105124224
0.6428128988487344
0.1654048183949815
0.6064905390454188
0.1504265256786337
0.5074295577636491
0.6671776243926331
0.5123826068277376
0.7102402159521329
0.4430399199304987
0.7870039661234155
0.4001134947083984
0.8487894235783502
0.45129500170397946
0.8656400028842416
0.5321948030840915
0.8506617101678937
0.6064905390454188
0.8150882649665676
0.6824372913614424
0.7327076550266548
0.6956454221990117
0.6465824719076548
0.6626250951050885
0.6465824719076548
0.5833763100796726
0.25153000151398136
0.5090805741183452
0.7345799416161981
0.5685171628874071
0.4948384859456462
0.6414178540218982
0.3087638657081293
0.8184349641133914
0.3618496466823405
0.8179358196340647
0.4401790158121205
0.8264212757826194
0.5155385510412455
0.8344075874518473
0.5812461260932411
0.8593648114181847
0.5489491824236161
0.9132724151854734
0.4936360260239136
0.9571971293662271
0.4153066568941335
0.9626877186388213
0.3432881848032457
0.9397270725897908
0.3087638657081293
0.8838228909051953