0.00641136356191526
0.5629311534216336
0.02862078763717254
0.6442811810154525
0.05424704618554636
0.7210264900662252
0.10037431157261921
0.7793529249448123
0.1738362527446242
0.8284699227373069
0.24388135944351258
0.8699123896247241
0.32417696956175057
0.9052152317880795
0.40959783138966327
0.9359133554083885
0.4898934415079012
0.9635416666666667
0.5718974688626974
0.9405180739514349
0.6436509927981441
0.8944708885209713
0.7119876822604743
0.8453538907284768
0.7786159544862462
0.7931670805739515
0.8332853060561103
0.7379104580573952
0.8759957369700666
0.6719094922737308
0.8964967438087658
0.5966990894039735
0.9118724989377901
0.5153490618101545
0.1311258218306678
0.3081367273730684
0.19092042511020668
0.2544150110375276
0.27804970417467767
0.23599613686534215
0.3703042349488234
0.23292632450331124
0.43864092441115354
0.26055463576158944
0.6880698409486586
0.2544150110375276
0.7444476097550811
0.2283216059602649
0.8144927164539695
0.2298565121412804
0.8725789024969502
0.25901972958057395
0.9152893334109065
0.2927876655629139
0.1618773320887164
0.5743739652317881
0.21483826642202228
0.5267918736203091
0.28317495588435243
0.4884192190949228
0.35663689705635737
0.4669305325607064
0.4266820037552458
0.482279594370861
0.4266820037552458
0.486185844370861
0.35663689705635737
0.4708367825607064
0.28317495588435243
0.4923254690949228
0.21483826642202228
0.5306981236203091
0.1618773320887164
0.5782802152317881
0.7000287616045664
0.4592560016556292
0.7341971063357315
0.43776731512141287
0.7854496234324791
0.44851165838852103
0.8264516371098772
0.4638607201986755
0.8606199818410423
0.4807446881898455
0.8606199818410423
0.4846509381898455
0.8264516371098772
0.4677669701986755
0.7854496234324791
0.45241790838852103
0.7341971063357315
0.44167356512141287
0.7000287616045664
0.4631622516556292
0.2886418910413388
0.5097121619757174
0.7813494220647395
0.4599812017108168
0.7154045167335908
0.6412113686534217
0.4898934415079012
0.8008416114790288
0.5274786207121828
0.791632174392936
0.5650637999164644
0.7793529249448123
0.6060658135938625
0.7716783940397351
0.6453594100347023
0.7640038631346578
0.6351089066153529
0.7885623620309051
0.609482648066979
0.8161906732891833
0.5736058860992556
0.8330746412803531
0.5308954551852992
0.8315397350993379
0.49501869321757597
0.8207953918322295