0.005938659026208208
0.4787102373233371
0.002568543165029943
0.5679899946602524
0.01604900660974297
0.6545226825406473
0.036269701776812525
0.7341876967797409
0.10030190313919939
0.78775555118189
0.17781456794629927
0.8317086624862176
0.26375252240634484
0.8742882390622848
0.35643070858874687
0.9086266072687906
0.44405372097938156
0.9388443712905159
0.5401020230229618
0.9635679963992001
0.6226698616218291
0.9360973018339954
0.688387120914805
0.8770353085188053
0.7625296698607268
0.8248409888449164
0.8366722188066483
0.7712731344427672
0.8720584353490201
0.6929816549319338
0.8905940725855004
0.6078225017797994
0.9074446518913918
0.5254104180841851
0.18792491552983404
0.2520770071603984
0.25027205896163174
0.2342210556930153
0.3159893182546078
0.214991569497372
0.38676175133935115
0.2040032916712901
0.4389985471876141
0.22185924313867317
0.7996009443336877
0.2740535628125621
0.8501526822513614
0.26031821552995976
0.8905940725855004
0.28504184063864396
0.9158699415443374
0.3276214172147113
0.9293504049890504
0.35921271596469667
0.14074329347333847
0.425142382921188
0.21488584241926006
0.3866834105299014
0.2890283913651817
0.35234504232339553
0.38002151961699465
0.3482244381386148
0.41877785202054457
0.39767168835598327
0.4154077361593663
0.4732160984102962
0.35643070858874687
0.5048073971602816
0.27386286998987963
0.5212898138994044
0.1845547996686558
0.5336516264537465
0.13231800382039283
0.4869514456928985
0.7439940326242462
0.44162479966031076
0.7692699015830833
0.41003350091032537
0.819821639500757
0.3935510841712026
0.8568929139737179
0.4210217787364073
0.8804837250019657
0.46909549422551544
0.8804837250019657
0.5157956749863635
0.8552078560431288
0.5460134390080887
0.8080262339866332
0.5350251611820068
0.7541043802077811
0.5157956749863635
0.7355687429713007
0.47733670259507693
0.2233111320722057
0.47596316786681675
0.7776951912360289
0.4842043762363781
0.7507342643466028
0.6435344047145654
0.5925460616282057
0.7750024409433346
0.6085037539157042
0.7632890645514037
0.6224926400118881
0.7543499088838774
0.6401082743552308
0.7534251686424093
0.6512993832321778
0.7635973112985598
0.6457038287937044
0.7796261421506756
0.6350308268092085
0.7956549730027916
0.6177260566013366
0.80521062216463
0.5989705870946012
0.8021281546930693
0.587779478217654
0.7885652978182018