0.04732247435135787
0.31104039394737526
0.019034771486550184
0.4015685626459979
0.01196284577034827
0.5064662819317035
0.0261066972027521
0.6056161809825761
0.06995263664320399
0.6846487092115324
0.11804173151337699
0.7564964621469471
0.17461713724299233
0.8283442150823619
0.24392200926177107
0.8958811028416519
0.30332618527786714
0.9591071254248169
0.39101806415877094
0.96485494565965
0.48578186875587664
0.9361158444854841
0.576302517923261
0.901628923076485
0.6668231670906457
0.8613941814326528
0.7474431202553474
0.8139746644952789
0.789874674552559
0.7349421362663227
0.8153336071308858
0.6386661473328669
0.849278850568655
0.5510118887516607
0.21139115096724231
0.09549713514113077
0.2764528675562999
0.06675803396696484
0.36555913158044406
0.043766753027632097
0.4603229361775497
0.032271112557965734
0.53528534876929
0.06388412384954827
0.782802748836357
0.18315139372233685
0.8266486882768089
0.18746225889846177
0.8662514722875396
0.22338613536616914
0.8945391751523473
0.2708056523035429
0.9199981077306743
0.3167882141822084
0.16471644124030965
0.3254099445344582
0.24533639440501148
0.27511651747966787
0.33019950299943446
0.23919264101196042
0.41364822645061705
0.2578730567751683
0.4405215441721843
0.35414904570862416
0.4348640035992228
0.38145119182408177
0.37121667215340554
0.4461141694659551
0.2764528675562999
0.4461141694659551
0.1944185292483577
0.4216859334679141
0.13642873837550198
0.34840122547379093
0.697939640241934
0.3943837873524564
0.7304704985364628
0.3642077311195822
0.7912890596957993
0.3656446861782905
0.8365493842794915
0.4259967986440389
0.8464500802821743
0.49928150663816206
0.837963769422732
0.5481379786342442
0.79411782998228
0.5998683607477427
0.7248129579635013
0.5969944506303263
0.6696519373771264
0.542390158399411
0.6597512413744437
0.4691054504052878
0.3330282732859152
0.36133382100216566
0.753100660828309
0.5208358325187865
0.6300491533663957
0.6257335518044922
0.37121667215340554
0.7004552148573235
0.3881892938722901
0.7162617205031148
0.44900785503162666
0.722009540737948
0.516898341907165
0.7363790913250309
0.5310421933395689
0.77086601273403
0.5013401053315208
0.8010420689669043
0.46173732132079004
0.852772451080403
0.4009187601614536
0.8858224174306938
0.35141528014804024
0.8470246308455698
0.3429289692885979
0.7694290576753219