0.013097209667799299
0.42243490567961284
0.02657876183149339
0.5258550264730754
0.05859744822026682
0.6189331351871918
0.09230132862950201
0.7055474863517167
0.15465350738658712
0.7740633163773857
0.2254316562459811
0.8361153888534633
0.2978949991258367
0.899460212839459
0.3821547001489247
0.9550485277659452
0.4916923114789392
0.9821963094742291
0.6214522510544946
0.9731470489048012
0.6989711759957355
0.9149732309584785
0.7714345188755913
0.852921158482401
0.8455830557759088
0.7882835829864867
0.8978240704102233
0.7107184923913897
0.928157562778535
0.6163476321673552
0.9534354730854613
0.519391268923484
0.9652318312286937
0.4211421541696946
0.04343070203611097
0.3306495484754148
0.10746807481365786
0.2892815001580297
0.19172777583674583
0.25566996090015437
0.28946902902352795
0.24144969429105329
0.380469506128463
0.25566996090015437
0.6029151168294153
0.26342646995966407
0.6939155939343503
0.2479134518406447
0.7933420411415941
0.25566996090015437
0.8826573242260676
0.27893948807868346
0.9466946970036143
0.3177220333762319
0.11589404491596668
0.3978726269911655
0.16982025357074298
0.3694320937729632
0.23385762634828985
0.35133357263410725
0.30126538716676027
0.3461625665944341
0.345080431698766
0.37718860283247296
0.345080431698766
0.4108001420903483
0.2995801931462985
0.43536242077879567
0.23554282036875163
0.4469971843680602
0.17150544759120476
0.45863194795732476
0.11589404491596668
0.43148416624904085
0.6484153553818829
0.35909008169361695
0.7006563700161974
0.340991560554761
0.7680641308346678
0.34486981508451586
0.8321015036122147
0.3577973301836987
0.8843425182465292
0.3875306149118192
0.8877129062874528
0.4237276571895311
0.8371570856735999
0.44958268738789675
0.7731197128960531
0.4392406753085505
0.7073971460980444
0.4301914147391225
0.6568413254841916
0.40821463907051175
0.2490243725324457
0.4198494026597762
0.7748049069165148
0.4159711481300214
0.47484037127432155
0.578857838379725
0.3887406632049013
0.754855673204452
0.45116285294820807
0.7425524983231275
0.5148787668312725
0.7363090961445449
0.5714791979456698
0.7412670919922428
0.6329310945841583
0.7579773742937433
0.647485491156432
0.7913979388967444
0.5837695772733676
0.7890107557108157
0.5190833702854849
0.7844200188147991
0.45407373226266284
0.7853381661940024
0.3890640942398408
0.7897452736141783