0.13907284975446615
0.19776735065718726
0.09081705960611634
0.2704194328484535
0.05718423616938772
0.3546958481903223
0.042561269457766567
0.44914355503896836
0.058646532840549805
0.5392321369561386
0.10105313630425114
0.6162433440788808
0.14930892645260097
0.6830832596948457
0.21657457332605823
0.7441110087355094
0.28676481354183975
0.8065917994199983
0.3701157237980803
0.8530891320224087
0.45931582073896926
0.8734317150359633
0.5543651043645067
0.8763377983236138
0.6464897946477199
0.863260423529186
0.7313030015751226
0.8385587155841554
0.7780964950523104
0.7775309665434917
0.7985686484485799
0.6918015095577975
0.8322014718853086
0.617696385722706
0.34754224510590687
0.0270621711139807
0.425739430998971
0.07936177443486726
0.4873949044915793
0.14959267032291493
0.5445390018749724
0.23028348687513986
0.5670958824210486
0.31993994971094536
0.6994295816246956
0.43798762577808925
0.7565736790080887
0.42005633321092817
0.8212367365735073
0.41407923568854116
0.8858997941389256
0.41706778444973464
0.9280059711582679
0.43649335139749246
0.26032230699441217
0.20189227364380144
0.3415270769602865
0.167523962890076
0.4573190637634777
0.167523962890076
0.5024328248556301
0.24074340753931717
0.5069442009648454
0.3363769678975097
0.4573190637634777
0.40212504064376703
0.3851370460160339
0.4484475464422666
0.27084885124924774
0.4290219794945087
0.20919337775663943
0.3677567298900416
0.22122371404788008
0.2706288951512523
0.6919106214426703
0.48729868033778223
0.7385281745712277
0.46040174148704066
0.798679856027431
0.4589074671064439
0.8152215684278868
0.5156898935691206
0.8031912321366462
0.5769551431735878
0.7731153914085446
0.6262661977332808
0.7264978382799872
0.66810588038999
0.6753689090422145
0.6412089415392483
0.6392779001684925
0.5918978869795554
0.6558196125689484
0.5336211861362817
0.4407773513630218
0.35879108360646106
0.7520623028988734
0.569483771270604
0.6031868912947705
0.6232776489720873
0.2180010414219438
0.6366705174902731
0.3378706510282491
0.575120313236483
0.4558172187692127
0.6254113337853116
0.5564564097221001
0.7087292932020276
0.5795329121062015
0.7890448036307538
0.49171400025559286
0.8933799059633982
0.38979278139247764
0.9594337836991731
0.27889736715776736
0.8851231712464264
0.16255333430458868
0.818318681263654
0.1282590877059933
0.7132329666840123