0.07349602559900645
0.43615209013773343
0.07690124686228095
0.5246878429828686
0.09222474254701588
0.6081157639330923
0.11095345949502522
0.6915436848833159
0.15522133591759282
0.7528376676222557
0.21992053991980706
0.8090238184662838
0.28972757581693287
0.8601021374154003
0.3646424436089704
0.9043700138379679
0.44466514329591955
0.9230987307859773
0.5332008961410548
0.9265039520492517
0.6115209851963668
0.9009647925746934
0.6898410742516787
0.8686151905735863
0.7613507207804417
0.8294551460459303
0.8260499247826559
0.7783768270968139
0.8703178012052236
0.708569791199688
0.8686151905735863
0.6200340383545527
0.8839386862583213
0.5434165599308781
0.06668558307245763
0.19948921234016045
0.15351872528595562
0.15692394654923003
0.26078319507910025
0.13479000833794627
0.36975027550388206
0.11265607012666243
0.4770147452970267
0.10584562760011357
0.708569791199688
0.12968217644303462
0.7545402782538929
0.14330306149613234
0.8039159865713722
0.16032916781250448
0.8481838629939398
0.18927354855033715
0.8856412968899585
0.21992053991980706
0.13308739770630906
0.40380248813662645
0.1943813804452488
0.35612939045078434
0.28291713329038404
0.3084562927649423
0.3646424436089704
0.3339954522395005
0.40380248813662645
0.39358682434680303
0.3918842137151659
0.4957434622450361
0.35612939045078434
0.5689557194054363
0.26759363760564914
0.5859818257218085
0.17905788476051387
0.5519296130890642
0.1381952296012207
0.4804199665603011
0.6728149679353066
0.4378547007693707
0.708569791199688
0.37826332866206813
0.7783768270968139
0.35272416918750993
0.8430760310990282
0.39358682434680303
0.8754256331001351
0.45658341771738015
0.8618047480470374
0.519580011087957
0.8294551460459303
0.5842792150901713
0.7596481101488045
0.6064131533014551
0.6898410742516787
0.5757661619319852
0.6677071360403949
0.511066957929771
0.30334846087003065
0.4685016921388406
0.7596481101488045
0.49404085161339883
0.6677071360403949
0.6881384636200414
0.5366061174043292
0.8277525354142932
0.5519296130890642
0.819239482256107
0.5706583300370734
0.8124290397295582
0.5893870469850829
0.8141316503611955
0.5996027107749062
0.8277525354142932
0.597900100143269
0.849886473625577
0.5876844363534458
0.8566969161521258
0.5672531087737991
0.8601021374154003
0.5468217811941525
0.8566969161521258
0.534903506772692
0.8464812523623026