0.0323489059798962
0.5236502179606647
0.0583378094192964
0.6112950881223542
0.09732116457839672
0.693375204622984
0.15074279942605273
0.7587610601404348
0.20993974614913097
0.8130174083357664
0.2835749725607649
0.8547530607937138
0.3803114464740879
0.8617090028700384
0.48282323226283314
0.867273756531098
0.5838911900827229
0.865882568115833
0.6806276639960459
0.8561442492089786
0.7773641379093689
0.8450147418868593
0.8524431922898583
0.8088438430899717
0.9130839669817922
0.755978683309905
0.9578426340163148
0.6905928277924541
0.9708370857360148
0.6015567692154997
0.9434043543277592
0.518085464299605
0.9260784187014923
0.4373965362142401
0.026573594104473935
0.21341520135658923
0.13052920786207475
0.22732708550923833
0.2402601334950979
0.26349798430612603
0.33988426334613203
0.31636314408619276
0.41496331772662154
0.3942696953410278
0.5867788460204341
0.3928785069257629
0.6286498571172454
0.2913217526114243
0.7080603954043017
0.2189799550176489
0.7975777294733468
0.15915885316125766
0.9073086551063699
0.1271615196101647
0.09298968067183003
0.4513084203668892
0.14063600364406376
0.35531641971361033
0.22582185380654224
0.3080160135946033
0.32977746756414306
0.3400133471456962
0.40341269397577695
0.42070227523106113
0.4120756617889104
0.5097383338080156
0.3716484786609545
0.5904272618933805
0.2648052089656425
0.614077464952884
0.1695125630211751
0.6154686533681488
0.10598413239153015
0.5333885368675191
0.6358689969615232
0.38453137643417346
0.6791838360271902
0.312189578840398
0.7499314065011131
0.2509772885687419
0.8380049126013027
0.2732363032129805
0.8928703754178142
0.3483604776372857
0.8986456872932365
0.4304405941379155
0.8567746761964251
0.5236502179606647
0.7874709336913578
0.5500827978506979
0.6864029758714681
0.5486916094354332
0.6445319647746567
0.4846969423332471
0.34565957522155427
0.5111295222232805
0.7210548471240018
0.47078505818059796
0.6633017283697792
0.6001655808002349
0.31533918787558735
0.7963231473525874
0.3889744142872213
0.6711161899787452
0.5391325230482003
0.6794633204703348
0.6950659436846016
0.6585954942413611
0.7889147616602135
0.7128518424366926
0.8149036650996136
0.8589266260395084
0.7326054708748463
0.9423979309554031
0.5781158782073006
0.9410067425401384
0.42073862960204383
0.9632657571843768
0.2951255963116094
0.9270948583874892