0.07967821527991303
0.5892168270782372
0.11685312132030792
0.6532349912994133
0.1584890160855502
0.725425687123293
0.20458589957563986
0.7948922057462714
0.2640657492402717
0.8493757497642938
0.34287655004590883
0.8902384077778105
0.4231743470931618
0.9202043569877227
0.5049591403820306
0.950170306197635
0.603100892328673
0.9692395466039428
0.6819116931343101
0.9297389771908766
0.7518005164902526
0.8820658761751072
0.8246633323294266
0.8262202435566343
0.8930651594437532
0.7649262565363592
0.9391620429338428
0.6927355607124795
0.974849952732622
0.6123723332858967
0.9778239452158536
0.5156640426539071
0.9763369489742377
0.4244041064237197
0.06778224534698667
0.3590238536020929
0.09157418521283942
0.3399546131957851
0.12874909125323428
0.32497163859082895
0.16592399729362917
0.315437018387675
0.20309890333402406
0.3195232841890267
0.49455016669072
0.2391600567624438
0.5718739712547414
0.20238366455027876
0.675963708167847
0.2037457531507293
0.7696444713896421
0.2255391707579382
0.8544032571617425
0.2541430313673999
0.12572553222861552
0.5561845946933571
0.1442394900322733
0.5151730572281632
0.18126740563958896
0.48067737150977574
0.22581661660464056
0.47569466135045313
0.26284453221195614
0.5013747829408082
0.28714410182925704
0.5416197496122601
0.25937316512377034
0.5787984331087442
0.21655963770281164
0.6071615524771963
0.1708533043750314
0.623259539145777
0.13208970522362287
0.5991125591429058
0.5590678570704811
0.4193517080104204
0.6070884351237186
0.3737407457827749
0.6782514604315283
0.36837475022658134
0.7488359245579738
0.38217302451393625
0.8147918992335047
0.4105361438823881
0.845455641845813
0.46649581182554983
0.7875995237093822
0.4952422165908727
0.713543692494751
0.49255921881277587
0.6389093000987555
0.48949293563780816
0.5712176418791316
0.4699453803973886
0.23680927905056234
0.5523517407246473
0.6973439794165505
0.4611298162693563
0.43060932830124077
0.6886492949111279
0.4599916274923377
0.7876552058033994
0.4923147805055436
0.7766091608174893
0.5250953366274269
0.7680453731317836
0.5592481020753427
0.7618397298812722
0.5932483998203659
0.758985133986037
0.5906564488711936
0.7751198064373666
0.5656517455968268
0.7963431063541153
0.5342433988009758
0.8087543928551382
0.50009063335306
0.8104919729652812
0.46746254493406925
0.8027969753346472