0.09787689946863237
0.5321665119614133
0.12125048740144005
0.6097445634828993
0.14657187432864843
0.6816461722101302
0.1874756532110619
0.7440870429469361
0.23617062807107808
0.8027436184875718
0.30044799488629925
0.8481551608416122
0.36667316069592115
0.8803216700090578
0.44263732147754625
0.903027441186078
0.5244448792423733
0.904919588784163
0.608200236001601
0.895458850793738
0.6802687987944248
0.8746452272148026
0.7484417635984473
0.8443708656454424
0.8068757334304666
0.7951750280952317
0.8555707082904828
0.7384106001526809
0.8906310901896943
0.6721854342197049
0.9042656831504987
0.5946073826982191
0.9081612811393001
0.517029331176733
0.08813790449662917
0.36565752332993107
0.1485196733230491
0.3221381285739755
0.21669263812707157
0.2937559146027001
0.2985001958918987
0.2767265862199349
0.3744643566735237
0.284295176612275
0.5711920551079888
0.2748344386218498
0.6705298038224217
0.2956480622007851
0.7679197535424538
0.3164616857797204
0.8575185072848833
0.35241249014333587
0.941273864044111
0.39214758970312136
0.1504674723174497
0.5056764455882229
0.18358005522226065
0.45648060803801216
0.24785742203748193
0.43377483686099194
0.3121347888527031
0.46026490323418234
0.3549863667295173
0.517029331176733
0.356934165723918
0.5813623495116239
0.31992598483030577
0.6305581870618345
0.24980522103188252
0.6494796630426847
0.1894234522054626
0.6286660394637494
0.1504674723174497
0.5700094639231137
0.5984612410295977
0.48297067441120256
0.6432606179008126
0.43377483686099194
0.723120376671239
0.43377483686099194
0.7971367384584634
0.46215705083226727
0.8555707082904828
0.517029331176733
0.8633619042680852
0.5813623495116239
0.804927934436066
0.6305581870618345
0.7270159746600402
0.6438032202484297
0.6452084168952131
0.6305581870618345
0.6101480349960016
0.5700094639231137
0.24396182404868064
0.5340586595594982
0.6744254018112228
0.5264900691671581
0.42510713052794047
0.7100283861814055
0.432898326505543
0.8008514708894868
0.44263732147754625
0.7913907328990616
0.45821971343275136
0.7876064377028916
0.4718543063935559
0.7913907328990616
0.48159330136555917
0.8008514708894868
0.48159330136555917
0.8140965040760818
0.47380210538795664
0.823557242066507
0.45821971343275136
0.825449389664592
0.44653291946634754
0.8197729468703369
0.4367939244943443
0.8122043564779968