0.14670828275940676
0.6523836403556599
0.1705448316023278
0.7204880656211485
0.19778660170852322
0.7851872696233628
0.24375708876272806
0.834562977940842
0.3084562927649423
0.8652099693103119
0.37485810739879366
0.8907491287848701
0.44125992203264514
0.9145856776277911
0.511066957929771
0.9333143945758006
0.5825766044585341
0.9486378902605356
0.6574914722505716
0.9401248371023494
0.723893286884423
0.9145856776277911
0.7851872696233628
0.8771282437317725
0.8464812523623026
0.8311577566775676
0.8941543500481446
0.7766742164651766
0.9299091733125261
0.7153802337262369
0.9452326689972611
0.6421679765658366
0.9486378902605356
0.5689557194054363
0.09562996381029029
0.3918842137151659
0.13479000833794627
0.33569806287113774
0.1943813804452488
0.2846197439220212
0.2692962482372863
0.2658910269740119
0.3493189479242355
0.26078319507910025
0.5961974895116318
0.2386492568678164
0.6711123573036692
0.20800226549834658
0.75624288888553
0.211407486761621
0.8294551460459303
0.24035186749945364
0.8771282437317725
0.2965380183434818
0.20459704423507208
0.650788861730693
0.2539727525525514
0.6218444809928605
0.3084562927649423
0.6065209853081255
0.36975027550388206
0.6065209853081255
0.41401815192644975
0.6201418703612231
0.41401815192644975
0.6251418702494644
0.36975027550388206
0.6115209851963668
0.3084562927649423
0.6115209851963668
0.2539727525525514
0.6268444808811018
0.20459704423507208
0.6557888616189342
0.660896693513846
0.6150340384663114
0.7034619593047764
0.5741713833070183
0.7596481101488045
0.5537400557273717
0.8226447035193815
0.5537400557273717
0.8788308543634096
0.5605504982539207
0.8788308543634096
0.565550498142162
0.8226447035193815
0.558740055615613
0.7596481101488045
0.558740055615613
0.7034619593047764
0.5791713831952596
0.660896693513846
0.6200340383545527
0.3101589033965796
0.6236634366843262
0.7650964641700436
0.5739472062405194
0.562031769503445
0.6881356259356554
0.49404085161339883
0.8721282438435312
0.5519296130890642
0.8772360757384428
0.6166288170912784
0.8721282438435312
0.6745175785669437
0.8653178013169823
0.7170828443578741
0.8346708099475123
0.7170828443578741
0.8396708098357536
0.6745175785669437
0.8703178012052236
0.6166288170912784
0.8771282437317725
0.5519296130890642
0.882236075626684
0.49404085161339883
0.8771282437317725