0.1451470965836156
0.6308783384216805
0.16221558716596324
0.7145795918359662
0.17271927367817716
0.8043682091349271
0.21342105891300614
0.8667636889528492
0.28038206042837
0.9002441903185633
0.3460301011297071
0.9291591687707712
0.41561702427312436
0.9550304652806413
0.4891428298586219
0.9763362388770048
0.5679204787002263
0.9824236027616802
0.6348814802155902
0.9535086243094724
0.6979035992888737
0.9169844410014204
0.7582997967341039
0.8743728938086932
0.8200089549933607
0.8302395056447972
0.8777792308105374
0.7830624355385635
0.9106032511612059
0.716101432807135
0.9224198984874467
0.6293564974505117
0.9158550944173128
0.5410897211227196
0.05717872204382392
0.3204227803032393
0.11888788030308076
0.32346646224557696
0.17797111693428416
0.34325039487077175
0.2252377062392468
0.3843401010923302
0.2685654131021293
0.4254298073138886
0.47338730009030094
0.4010803517751873
0.5561038313739857
0.3082480525338886
0.6585147748680715
0.2443307317447978
0.777994208944505
0.2230249581484342
0.894847721392885
0.23519968591778484
0.15171190065374932
0.4954344919876547
0.15958966553790976
0.4132550795445379
0.21998586298313988
0.4193424434292132
0.26331356984602233
0.46956319547778463
0.29088574694058394
0.5426115620938884
0.3223968064772257
0.6217472925946675
0.3040153550808513
0.6932738182396025
0.24099323600756772
0.6947956592107715
0.1963525683306585
0.6415312252198623
0.16878039123609698
0.5684828586037585
0.5324705367215044
0.4680413545066158
0.57448528277036
0.36455616846713534
0.6624536573101517
0.3204227803032393
0.7517349926639701
0.3554251226401223
0.8213219158073876
0.44369189896791444
0.8213219158073876
0.5350023572380443
0.7845590130146388
0.6384875432775247
0.696590638474847
0.6704462036720702
0.5889278517246542
0.6582714759027195
0.5350964583495578
0.5867449502577845
0.26462653066004904
0.6278346564793429
0.636194441029617
0.5593518127767456
0.3749152390382954
0.8028463681637582
0.41824294590117783
0.8774165757510308
0.4550058486939266
0.8789384167221997
0.48782986904459513
0.8667636889528492
0.5180279677672102
0.8576326431258363
0.544287184047745
0.8713292118663556
0.5521649489319055
0.8911131444915503
0.5272186934653974
0.9093752361455765
0.49176875148667537
0.9108970771167452
0.45631880950795334
0.9139407590590828
0.422181828343258
0.9063315542032387