0.12011589582960144
0.5158467456538058
0.11641832403057396
0.5950804273567057
0.1312086112266838
0.6725533605773192
0.16078918561890362
0.7412225513864992
0.214403976704802
0.7958057543373859
0.2735651254892415
0.8380637179122659
0.3382726319722223
0.8803216814871458
0.410375282053258
0.9225796450620258
0.4935706475313762
0.9366656329203192
0.5823123707080354
0.9313833874734592
0.6655077361861536
0.9102544056860192
0.7394591721667031
0.8750394360402858
0.8041666786496839
0.8310207239831191
0.8633278274341233
0.7729160240676591
0.9040011172234257
0.7042468332584791
0.9391280493141866
0.6338168939670125
0.9613134801083514
0.5581047092286858
0.07944260604029924
0.3749868670708725
0.10902318043251899
0.2851886944742524
0.16818432921695858
0.21651950366507236
0.24953090879556292
0.17954378553705239
0.3382726319722223
0.17954378553705239
0.6533342889635892
0.21119129089120606
0.750297968047507
0.1985163001140641
0.8491628957409136
0.22205556870018478
0.9271140887299457
0.2781876707132419
0.9917565414525576
0.32888763382180963
0.13457299048208915
0.47312458475177754
0.17665044884808462
0.4010019258966579
0.24873903560747396
0.3638641388742456
0.3233027669766277
0.39777255311210036
0.34898239230293376
0.4704334407646462
0.35052935768403654
0.549553073986307
0.3198994431382016
0.6238286480311317
0.24577415099767294
0.6474322048842133
0.17769951843181075
0.6143010975618812
0.14301623423376544
0.5415163504622543
0.6603616422575485
0.46825651536836455
0.6922399470479936
0.39141785177148397
0.7819120130412602
0.36279168298048925
0.862869146789657
0.40999975081125245
0.9069024886584732
0.4878428413832557
0.9087372112363407
0.5596593701045232
0.8647038693675243
0.6380046741640876
0.7743437824075573
0.6611064945919077
0.6812316115807895
0.6385068876516489
0.656233516457347
0.558152729641839
0.26167707540894036
0.5280660603197542
0.723680487514667
0.5534160418740381
0.44229569331035606
0.68740880151811
0.45459793786731406
0.8135252867909435
0.4697019453155358
0.8041252909161904
0.487506110519864
0.8017482804651034
0.5041289567058956
0.808447128099985
0.5174609856266723
0.8205482722146097
0.5199923835230222
0.8370792994426239
0.5052258957943141
0.8462632034581872
0.486999830940594
0.8465873412469718
0.46936442559602237
0.8415091825560133
0.4563699163947591
0.8298402221597679