0.16330285816274537
0.5085476648235164
0.1769158096478278
0.5968735539138516
0.15163461403267472
0.680925609661106
0.1846946390678749
0.7578546098365592
0.2683170553333811
0.8134144432966087
0.3538841789538992
0.8533035544986955
0.4588983761245348
0.8988911101582232
0.5580784512301352
0.9402048324746705
0.6689267704658064
0.9629986103044342
0.7778303823464656
0.9316571657885089
0.8633975059669835
0.8817957767859003
0.9470199222324899
0.8305097766689317
1.0189740943679255
0.7664022765227206
1.0578682414681608
0.680925609661106
1.0520341194031255
0.5869012761133299
1.0267529237879724
0.49715077590863443
0.9898034840427488
0.430194053533703
0.08157217198037768
0.25314124974989827
0.12157001224463797
0.2868371026455155
0.17956688062781542
0.3205329555411327
0.2215646129052887
0.3674141421785132
0.269562021222401
0.41429532881589365
0.45355208643799844
0.3849945871675309
0.48955014267583263
0.30002243638727877
0.5755454992439923
0.21651532268944482
0.6855395599707081
0.14912361689821038
0.7975335127106369
0.09345220776632106
0.12157001224463797
0.4611765154532741
0.1315694723107031
0.4157603658983118
0.17156731257496335
0.3586239196840043
0.22756428894492778
0.40550510632138476
0.24956310109027094
0.46996673794778293
0.261562453169549
0.5241731099972542
0.2755616972620401
0.5886347416236524
0.24156353303741887
0.6296557799313601
0.17556709660138936
0.5915648157884886
0.1515683924428332
0.5285682212445085
0.4822348643846761
0.4102494979326595
0.5211290114849115
0.3190743866136039
0.620309086590512
0.26066533092483385
0.7467150646662772
0.2834591087545978
0.8206139441567246
0.3632373311587715
0.8420057250618542
0.4544124424778271
0.8206139441567246
0.5441629426825225
0.7155997469860889
0.6025719983712925
0.5891937689103236
0.5826274427702491
0.5191843041298999
0.5014246092517152
0.22756428894492778
0.4992674795961458
0.5695458232043533
0.46996673794778293
0.25956256115633597
0.6911873373929222
0.3665617592009362
0.7734735280539997
0.4523496395370027
0.7587093765051753
0.5520269862131942
0.7198304440932712
0.6488447368781836
0.7537879926555672
0.7276878840441875
0.8148131523907077
0.7591434401674119
0.8728854818160836
0.7260538291806434
0.9481826547150878
0.6165721533231872
0.9604861143391081
0.5193458889423118
0.9186543516174391
0.4474474749463703
0.8536920848026118