0.10982923970846344
0.5105594794232098
0.07302307782728526
0.5739162442037598
0.05702039874851213
0.6443126495154817
0.0938265606296903
0.7048535580835628
0.1354335262345004
0.7639865385454092
0.19304317091808365
0.8118560941573802
0.24425174397015761
0.8625415059818202
0.30666219237737286
0.906187277275088
0.3738734445082199
0.9371616956122456
0.4586876436257174
0.9498330485683556
0.5499029143747243
0.9568726890995278
0.6443187209394857
0.9596885453119968
0.7355339916884924
0.9526489047808245
0.8187479228981126
0.9273061988686044
0.8843589071210824
0.8794366432566334
0.9355674801731565
0.8174878065823181
0.9579712308834387
0.7513151855892992
0.23144960070713916
0.1585774528645994
0.2714562984040719
0.14449817180225497
0.3210646035482686
0.13464267505861388
0.3754737124160972
0.14027438748355162
0.41548041011303
0.16561709339577158
0.6731235432812772
0.2317897143887903
0.7931436363720757
0.23319764249502475
0.9003615861998555
0.2669879170446514
0.9739739099622119
0.3416081066750768
1.0283830188300405
0.4260837930491433
0.17544022393143321
0.4007410871369233
0.2266487969835072
0.3416081066750768
0.30666219237737286
0.3289367537189668
0.3370672826270417
0.4063727995618611
0.3338667468112871
0.47536127676734874
0.3114629961010047
0.5527973226102431
0.2794576379434585
0.6217857998157308
0.19144290301020633
0.6077065187533863
0.1482356694975189
0.5471656101853052
0.1578372769447828
0.47254542055487986
0.599511219518921
0.5232308323793198
0.6795246149127865
0.4598740675987699
0.7963441721878304
0.4739533486611143
0.8715567638580639
0.5485735382915397
0.8923602466604691
0.6612077867902951
0.8651556922265546
0.7400517607394238
0.7819417610169345
0.8034085255199737
0.6651222037418907
0.7766578915015193
0.5723066650850066
0.7259724796770793
0.5675058613613746
0.6175620154970274
0.2698560304961946
0.5415338977603674
0.7499364028593883
0.6837346364900461
0.261854690956808
0.6964059894461562
0.25545361932529886
0.7756619733643573
0.292259781206477
0.7995967511703428
0.33866755053491904
0.8136760322326873
0.37867424823185186
0.8347949538262038
0.42828255337604854
0.8291632414012662
0.42828255337604854
0.8315670876446626
0.37867424823185186
0.8371988000696002
0.33866755053491904
0.8160798784760837
0.292259781206477
0.8020005974137392
0.25545361932529886
0.7780658196077537