0.0998790154375432
0.5027433125113053
0.09580362048185129
0.6001307413528856
0.11210520030461893
0.690659900557735
0.16780226469907508
0.7496410194336217
0.2302916540196844
0.805878830454816
0.2995733682664469
0.8552583718392792
0.37021354749844004
0.9018946053690501
0.45307991159750893
0.9375576074800513
0.5427386006227309
0.962247378172283
0.636472684603645
0.9663623399543216
0.7234144436584057
0.94167256926209
0.8022054128017828
0.9183544524972046
0.8864302418860822
0.8840631043135495
0.9652212110294592
0.8387985247111247
1.0331444602909912
0.7702158283438147
1.0806907347740633
0.683801630921004
1.1024261745377535
0.596015779570847
0.04689888101354833
0.12553848249109967
0.08357743561477556
0.1488565992559851
0.12704831514215595
0.17354636994821673
0.17866998458092015
0.1927495249310636
0.2302916540196844
0.19823614064044837
0.45036298162704763
0.16120148460210093
0.5753417602682663
0.19549283278575602
0.7057543988504075
0.17628967780290916
0.8320916424768567
0.14474163747394653
0.9448442362509997
0.11319359714498385
0.15965147478769123
0.500316128022681
0.17866998458092015
0.5208909369328739
0.21399007419691674
0.5373507840610284
0.25474402375383587
0.5346074762063361
0.28598871841414053
0.5263775526422588
0.28598871841414053
0.5288047371308832
0.25474402375383587
0.5370346606949604
0.21399007419691674
0.5397779685496528
0.17866998458092015
0.5233181214214983
0.15965147478769123
0.5027433125113053
0.6120203148694936
0.5922169411548764
0.6867358890571786
0.6292515971932239
0.7791115080528619
0.6306232511205702
0.868770197078084
0.6210216736291467
0.9380519113248464
0.5894736333001841
0.9380519113248464
0.5919008177888084
0.868770197078084
0.6234488581177711
0.7791115080528619
0.6330504356091945
0.6867358890571786
0.6316787816818482
0.6120203148694936
0.5946441256435008
0.2186088551467009
0.525122167817348
0.7769379640764928
0.6137310115239123
0.25474402375383587
0.6549968984467337
0.32538420298582904
0.8240264548763847
0.3756474074393626
0.8377429941498467
0.4354198667895106
0.8473445716412701
0.4992677210953506
0.8487162255686163
0.5427386006227309
0.8679193805514631
0.5427386006227309
0.8703465650400874
0.4992677210953506
0.8511434100572406
0.4354198667895106
0.8497717561298944
0.3756474074393626
0.840170178638471
0.32538420298582904
0.826453639365009