-0.013028345150959405
0.4916438454028146
0.013082517064269036
0.579383522457141
0.03756145039104569
0.6657305062248909
0.07183195704853299
0.7381505571268747
0.15179647258267007
0.7980363684496689
0.2268652014514518
0.8509587133395802
0.30356585920868534
0.8997029783697615
0.3900580902966295
0.9428764702536364
0.481446108049929
0.9735157225583219
0.5630425524725179
0.9400910836804831
0.6348474235643959
0.894132205223455
0.7099161524331777
0.8439952469066971
0.7915125968557666
0.7980363684496689
0.8518939657284823
0.7451140235597578
0.884532543497518
0.6699085860846207
0.9041156901589392
0.5835616023168708
0.9253307657088125
0.5013926984088508
0.05714459705246702
0.32730603758677446
0.16485190369028427
0.2869179322760528
0.27255921032810154
0.24095905381902466
0.3802665169659189
0.19221478878884324
0.4732864636076701
0.13650705732577884
0.6152642769029747
0.15043399019154494
0.6919649346602083
0.20474902836803277
0.7784571657481525
0.25349329339821414
0.8633174679476447
0.29666678528208906
0.9367542679279748
0.339840277165964
0.0946789614868579
0.5015602839080654
0.16485190369028427
0.4583867920241905
0.239920632559066
0.43053292629265827
0.3247809347585584
0.4249621531463519
0.3786345880774671
0.44585255244500105
0.3786345880774671
0.44847035351893966
0.3247809347585584
0.4275799542202905
0.239920632559066
0.4331507273665969
0.16485190369028427
0.46100459309812913
0.0946789614868579
0.504178084982004
0.6691179302218835
0.4597794853107671
0.722971583540792
0.4486379390181542
0.7768252368597006
0.46395756517049697
0.8225192457363504
0.495989510761759
0.8388385346208682
0.5224506832067146
0.8388385346208682
0.5250684842806532
0.8225192457363504
0.4986073118356976
0.7768252368597006
0.4665753662444356
0.722971583540792
0.4512557400920928
0.6691179302218835
0.46239728638470573
0.2405734041144468
0.4535678421002228
0.766054506195919
0.4794719372305477
0.6234239213452336
0.6615524263651611
0.416168952511858
0.7632190362852536
0.45207138805779706
0.7576482631389473
0.49286961026909143
0.7590409564255238
0.5336678324803859
0.7576482631389473
0.5695702680263249
0.7632190362852536
0.5630425524725179
0.7813240490107496
0.5271401169265788
0.7938582885899391
0.4896057524921879
0.7966436751630923
0.4488075302808935
0.7938582885899391
0.416168952511858
0.7813240490107496