0.0569077350350391
0.5274800000063204
0.05862656105404869
0.6166043122691208
0.04831360493999115
0.7116702453494411
0.0809712993011733
0.7889113159772013
0.1411302099665088
0.8364442825173616
0.22879033693599768
0.8720940074224817
0.31645046390548653
0.9092291375319819
0.39723528679893716
0.9493350780502419
0.49520836988248346
0.967159940502802
0.5983379310230587
0.9508204832546219
0.6911545360495763
0.9225977843714019
0.7805334890380748
0.8899188698750418
0.8664747899885541
0.8483275241524015
0.9042889624067649
0.7785134795465413
0.9386654827869567
0.6968161933056409
0.9644478730721006
0.6136335018603608
0.9730420031671485
0.5334216208238405
0.05175125697801033
0.39230812640773993
0.1067536895863171
0.3670562379332799
0.1686314262706622
0.34328975466319983
0.23050916295500726
0.3210086765974997
0.2872304215823236
0.29278597771427967
0.4934895438634739
0.2809027360792396
0.5863061488899916
0.3195232713931197
0.704905144201653
0.34328975466319983
0.8235041395133144
0.3655708327288999
0.9214772225968608
0.41310379926906005
0.08440895133919249
0.47697622305740023
0.12050429773839377
0.40864758365592
0.1875385124797676
0.3611146171157599
0.24597859712609357
0.41756001488220007
0.2683233353732182
0.48737405948806034
0.2717609874112374
0.5646151301158205
0.25285390120213186
0.6344291747216808
0.165193774232643
0.6403707955392008
0.09815955949126916
0.5943232342034207
0.07065834318711577
0.5230237843931804
0.5450543244337615
0.46360757621798027
0.6103697131561258
0.41310379926906005
0.7134992742967009
0.37893947956831997
0.8028782272851993
0.44132649815228014
0.8475677037794487
0.5215383791888004
0.8475677037794487
0.5958086394078007
0.8080347053422281
0.673049710035561
0.6877168840115571
0.668593494422421
0.5622425846238573
0.6492832267654809
0.5106778040535698
0.5735275613421006
0.20128912063184434
0.5200529739844204
0.6894357100305667
0.5349070260282205
0.44009134887290946
0.6455697137545308
0.3542646363236974
0.8498129293567815
0.3903599827228988
0.8230756356779415
0.45051889338823425
0.8379296877217416
0.5106778040535698
0.8542691449699216
0.5519296285097999
0.8884334646706618
0.5536484545288094
0.9225977843714019
0.5089589780345601
0.9463642676414818
0.4453624153312056
0.9359664312108218
0.38692233068487963
0.9211123791670219
0.34910815826666874
0.9003167063057018