0.05063707872435745
0.4127265244648353
0.05327059409969688
0.5453822044470649
0.0638046556010546
0.6745469454823937
0.10330738623114609
0.7862569917832185
0.17309554367764102
0.8543303012477838
0.252101004937824
0.913676263345097
0.340323770011695
0.9625494086017078
0.43249680814857505
0.9922223896503645
0.5299368770361341
1.0061861454379675
0.6286937036113629
1.0026952064910668
0.7142829533098943
0.9695312864955095
0.7853878684440591
0.904948915977845
0.8420084490138567
0.8194209117787759
0.8815111796439483
0.7077108654779511
0.9131133641480215
0.5872734718098742
0.9381317602137461
0.4615996697214463
0.9499825794027735
0.3359258676330182
0.19284690899268678
0.13345140871277314
0.22708260887209938
0.14217875608002506
0.27316912794053944
0.17359720660213207
0.31530537394597036
0.21374300449149103
0.3521745892007225
0.2521433329073996
0.4364470812115842
0.2469069244870484
0.47594981184167573
0.19803377923043747
0.5194028155347764
0.15090610344727698
0.5615390615402073
0.11250577503136841
0.6102590959839868
0.09505108029686457
0.0888230516667792
0.3690897876285756
0.14017660148589817
0.2643616192215522
0.20864800124472335
0.19803377923043747
0.3113551008829612
0.22596129080564376
0.367975681452759
0.33418039815956785
0.3877270467678048
0.4581087307745454
0.3218891623843189
0.5261820402391106
0.21918206274608107
0.5418912655001642
0.11779172079551296
0.5471276739205153
0.0624878979133849
0.48254530340285084
0.4232795043348871
0.3289439897392166
0.4957011771567215
0.20850659607113983
0.599725034482629
0.14392422555347542
0.7103326802468852
0.20152471817733827
0.7959219299454168
0.3114892950047128
0.8367414182631779
0.4720724865621487
0.7379845916879492
0.5122182844515075
0.6128926113593262
0.5226911012922099
0.4904341464060426
0.5192001623453092
0.39431083520615334
0.465090608668347
0.24420045881180574
0.4005082381506826
0.5747066384169045
0.3865444823630795
0.37719298526644707
0.5680733076019199
0.31530537394597036
0.7024744570575999
0.37719298526644707
0.7112018044248518
0.4443476273376025
0.7112018044248518
0.5207195732224461
0.7269110296859054
0.5602223038525376
0.7408747854735085
0.5681228499785558
0.8351301370398294
0.5259866039731249
0.9206581412388986
0.4496146580882813
0.9485856528141047
0.37719298526644707
0.9066943854512954
0.34427404307470416
0.8054571559911728