0.023075534688323657
0.4761938756737736
0.03561294090243801
0.5648512495089657
0.054419050223609565
0.6502250169058174
0.08158343035419065
0.7323151778643286
0.14009132602005764
0.7897782905352865
0.22158446641180093
0.8324651742337122
0.31770458072001095
0.8735102547129678
0.40964555962351623
0.9129135319730532
0.49949697082466904
0.9457495963564578
0.6060649236446409
0.9457495963564578
0.6938267671434416
0.9079881223155426
0.7794990429398896
0.8653012386171168
0.8609921833316327
0.81604714204201
0.9215896466998522
0.7553004229327117
0.9466644591280808
0.6748520651933707
0.9529331622351381
0.5845528881390085
0.9717392715563097
0.5057463336188377
0.03352337320008564
0.2529086378666231
0.10247910737771461
0.20365454129151642
0.18397224776945784
0.16260946081226083
0.28636106518472504
0.14947503505889903
0.3929290180046971
0.1544004447164097
0.7251702826787273
0.1741020833464524
0.7941260168563562
0.17081847690811192
0.8547234802245757
0.19216191875732483
0.9174105112951475
0.22992339279824
0.9675601361516049
0.2693266700583254
0.13382262291300043
0.44499961450953934
0.18815138317416266
0.390820108276922
0.2654653881612012
0.3514168310168366
0.36367507017176354
0.354700437455177
0.3845707471952875
0.40723814046862417
0.3845707471952875
0.4794774821121141
0.3511376639576492
0.5582840366322849
0.2633758204588487
0.5796274784814978
0.15680786763887677
0.5894782977965191
0.12337478440123849
0.5287315786872208
0.6938267671434416
0.435148795194518
0.7084537410599082
0.3793274857427304
0.7878573137492991
0.3678348632085388
0.8484547771175186
0.405596337249454
0.8839774280575092
0.46305944992041176
0.8965148342716236
0.5188807593721995
0.8630817510339853
0.5681348559473062
0.7857677460469468
0.5763438720431573
0.712632876464613
0.5550004301939443
0.691737199441089
0.49589551430381634
0.22367403411415332
0.4942537110846461
0.7857677460469468
0.4909701046463057
0.7000954702504987
0.7011209167000944
0.5670920841938122
0.8690029321542916
0.5733451755881507
0.8639954323358224
0.5811234112250107
0.8614334556845127
0.5896642189831316
0.8606182812954595
0.5972899401957393
0.8625979905260172
0.5972899401957393
0.8670232229237341
0.5899692478316358
0.8719142692580528
0.5811234112250107
0.8743597924252122
0.5728876323153942
0.875873687719168
0.5661769976482992
0.8759901412033185