0.10050116584864478
0.6109719138456793
0.11714695110941765
0.6905017767582607
0.13749179976147333
0.7626335128882764
0.18927868723943336
0.8218185271488022
0.25956089167380764
0.855110097670348
0.33354215949946486
0.8847026048006109
0.4056738956294806
0.9161446436265152
0.47595610006385497
0.945737150756778
0.5591850263677193
0.9531352775393437
0.635015825889018
0.9383390239742122
0.7015989669321092
0.906896985148308
0.760783981192635
0.8717558829311207
0.8310661856270094
0.838464312409575
0.8847026048006109
0.7922260200185393
0.8994988583657422
0.7145456888015994
0.906896985148308
0.6368653575846592
0.9087465168439492
0.5647336214546435
0.05796193684889191
0.394576705455632
0.1060497609355691
0.3446393496733134
0.16893383858737768
0.30764871576048486
0.2429151064130348
0.3002505889779191
0.2984010572822777
0.33354215949946486
0.540689709411305
0.30949824745612625
0.6146709772369622
0.2743571452389391
0.6960503718451851
0.2669590184563734
0.7792792981490494
0.291002930499712
0.8458624391921409
0.33354215949946486
0.13934133145711475
0.5610345580633607
0.19112821893507476
0.5055486071941178
0.26141042336944914
0.46300937819436494
0.3390907545863892
0.49260188532462773
0.37238232510793484
0.5610345580633607
0.37793092019485913
0.6331662941933764
0.35203747645587913
0.708997093714675
0.27990574032586346
0.738589600844938
0.20962353589148913
0.6978999035408264
0.16153571180481194
0.6313167624977349
0.5832289384110577
0.5295925192374564
0.6128214455413207
0.4611598464987235
0.6886522450626192
0.4445140612379506
0.7626335128882764
0.46300937819436494
0.8162699320618779
0.5258934558461735
0.8218185271488022
0.5906270651936235
0.7792792981490494
0.6609092696279979
0.7071475620190335
0.6905017767582607
0.6257681674108106
0.670156928106205
0.588777533497982
0.6091223821500378
0.27990574032586346
0.6257681674108106
0.6664578647149222
0.5961756602805479
0.5051170497984682
0.6826720925800452
0.4167710858033292
0.8569596293659892
0.46485890989000633
0.8181194637575194
0.540689709411305
0.8088718052793122
0.6165205089326035
0.8162699320618779
0.683103649975695
0.8403138441052165
0.683103649975695
0.906896985148308
0.6294672308020937
0.9512857458437022
0.553636431280795
0.9605334043219094
0.47780563175949636
0.958683872626268
0.4167710858033292
0.9235427704090807