0.09648126687972923
0.45081348045835873
0.12214380333878769
0.5385925215547407
0.14583229853176466
0.6278849943941639
0.1872871651194744
0.7080968767753406
0.23466415550542846
0.7792281686982708
0.2879632696896267
0.845819165392078
0.3669249203328833
0.8987892763985152
0.44786061224222146
0.9502459556619118
0.564329046941025
0.9699205683214456
0.6768493991076658
0.9729474318075279
0.7716033798795738
0.9320847747454188
0.8505650305228305
0.8821415272250636
0.9157083923035173
0.8200908257603797
0.9255785986339246
0.7323117846639977
0.9413709287625758
0.6399924483384924
0.94729305256082
0.544646248526905
0.9512411350929827
0.45081348045835873
0.09648126687972923
0.370601598077182
0.13201400966919474
0.37211502982022304
0.1872871651194744
0.3811956202784695
0.24848244436799838
0.3872493472506338
0.2879632696896267
0.4054105281671266
0.483393355031687
0.39481650596583906
0.5386665104819667
0.3827090520215105
0.6215762436573862
0.3811956202784695
0.7084340593649686
0.3781687567923873
0.781473586209981
0.39027621073671587
0.13201400966919474
0.44324632174315337
0.18136504132123016
0.4447597534861944
0.2307160729732656
0.4493000487153176
0.28204114589138246
0.4493000487153176
0.31362580614868507
0.4598940709166051
0.3057296410843594
0.47805525183309794
0.2721709395609753
0.49318956926350865
0.2267679904411028
0.4871358422913443
0.17741695878906735
0.48410897880526227
0.14188421599960185
0.46594779788876933
0.4656269836369542
0.4538403439444408
0.530770345417641
0.4553537756874819
0.601835830996572
0.4493000487153176
0.672901316575503
0.45081348045835873
0.7400187196222712
0.4493000487153176
0.7242263894936198
0.4765418200900569
0.6650051515111773
0.49772986449263185
0.5978877484644091
0.5052970232078372
0.5287963041515595
0.49924329623567293
0.46957506616911704
0.4810821153191801
0.2405862793036727
0.4629209344026873
0.6235502849234675
0.46746122963181047
0.3254700537451736
0.6520999022828209
0.4083797869205931
0.7731744417261065
0.43009424084748876
0.7746878734691477
0.4715491074351984
0.7777147369552297
0.5110299327568268
0.7762013052121887
0.540640551748048
0.7792281686982708
0.5287963041515595
0.7989027813578048
0.5051078089585826
0.8185773940173385
0.4715491074351984
0.8276579844755851
0.4419384884439772
0.8170639622742977
0.41627595198491874
0.7989027813578048