0.11331820302662965
0.3850512807241617
0.10744252678209852
0.4785957792160713
0.10156685053756738
0.5673837777846635
0.1054839680339215
0.6561717763532557
0.1426965842492853
0.7338612751007739
0.2132046991836588
0.8036232739760965
0.28371281411803234
0.8622867730303447
0.3698893990378222
0.9161937721612758
0.46977589519485136
0.9463182716756195
0.5794551850927657
0.9431472717267413
0.6715074462570867
0.9066807723146408
0.7459326786878143
0.8496027732348318
0.8086065586294796
0.7845972742828267
0.8536534098375517
0.7053222755608693
0.8810732323120303
0.6228762768900337
0.9026173785419778
0.5372592782703197
0.918285848527394
0.4516422796506058
0.268044344132616
0.34699928133762215
0.34442813531152067
0.3311442815932306
0.43256327897948754
0.33272978156766975
0.5128641876547462
0.3438282813887438
0.593165096330005
0.35334128123537867
0.726347091206044
0.37078178095420933
0.779228177406824
0.36602528103089194
0.8281921461112501
0.3596832811331353
0.8771561148156762
0.3644397810564527
0.9006588197938006
0.3898077806474791
0.31309119534068797
0.4009062804685531
0.36009660529693704
0.3977352805196748
0.41101913274954005
0.3961497805452357
0.45606598395761205
0.4056627803918706
0.4971957176693299
0.4151757802385054
0.4952371589211529
0.43895827985509267
0.452148866461258
0.4516422796506058
0.403184897756832
0.4516422796506058
0.3542209290524059
0.44212927980397093
0.31700831283704206
0.42468878008514027
0.7145957387169817
0.4262742800595795
0.7439741199396372
0.41834678018738375
0.7811867361550011
0.421517780136262
0.8164407936221879
0.42785978003401864
0.8477777335930204
0.43737277988065354
0.8399434986003124
0.45322777962504496
0.8125236761258338
0.47066827934387556
0.7772696186586471
0.4770102792416322
0.7439741199396372
0.46591177942055806
0.7224299737096898
0.44847127970172757
0.3933921040159467
0.421517780136262
0.7635597074214077
0.44212927980397093
0.7087200624724505
0.6181197769667162
0.5167813051511004
0.7441625206733373
0.5520353626182872
0.7536755205199722
0.589247978833651
0.7600175204177289
0.6284191537971918
0.761603020392168
0.6577975350198474
0.750504520571094
0.6577975350198474
0.7544727747684828
0.6284191537971918
0.7655712745895569
0.589247978833651
0.7639857746151177
0.5520353626182872
0.7576437747173611
0.5167813051511004
0.7481307748707262