0.040274992485812934
0.3114009702131026
0.04402637095840714
0.4140103965697474
0.05903188484878399
0.512284213362027
0.08341584492064633
0.6062224205899414
0.1096754942288058
0.7016058310059775
0.14906496819104498
0.7839824127289177
0.22596822687922627
0.8490165561943969
0.32350406716667574
0.9024890741549019
0.4266669751630164
0.9472903729866763
0.546711086286031
0.9660780144322593
0.6517496835186689
0.9212767156004847
0.7342800099157415
0.8490165561943969
0.7999291331861402
0.7753111936001871
0.8468213640935678
0.6900442055010033
0.8768323918743215
0.596105998273089
0.8993406627098867
0.5007225878570529
0.923724622781749
0.4197912093222345
0.094669980338429
0.24492162355950164
0.19408150986217548
0.21890796617331001
0.31412562098519015
0.21457235660894472
0.4397967998170962
0.2174627629851882
0.5335812616319513
0.24492162355950164
0.7286529422068502
0.27960650007442384
0.7886749977683575
0.27671609369818034
0.8524484318024591
0.28105170326254564
0.9012163519461839
0.2955037351437632
0.9349787581995316
0.32440779890619836
0.22221684840663206
0.31573657977746783
0.27661183625924807
0.291168125579398
0.34601233800224096
0.2882777192031545
0.4116614612726396
0.296948938331885
0.4529266244711758
0.32585300209432017
0.44167248905339324
0.3706543009260947
0.3910288796733714
0.40244877106477334
0.3253797564029728
0.40533917744101683
0.2616063223688712
0.39088714555979925
0.2109627129888494
0.3590926754211206
0.7155231175527704
0.36342828498548585
0.7474098345698214
0.34319544035178123
0.798053443949843
0.34319544035178123
0.8430699856209735
0.3576474722329988
0.8655782564565387
0.38510633280731227
0.8618268779839446
0.4183460061341127
0.8318158502031909
0.4429144603321826
0.781172240823169
0.4458048667084261
0.7342800099157415
0.42846242845096505
0.7098960498438791
0.40100356787665165
0.3441366487659438
0.33307901803492895
0.781172240823169
0.39233234874792106
0.7173988067890675
0.5411882771244622
0.4623050706526614
0.7133256225251021
0.5073216123237919
0.7277776544063198
0.5579652217038137
0.7350036703469285
0.6142358987927269
0.732113263970685
0.6479983050460747
0.7176612320894674
0.6479983050460747
0.7203934724515603
0.6142358987927269
0.7348455043327778
0.5579652217038137
0.7377359107090213
0.5073216123237919
0.7305098947684127
0.4623050706526614
0.716057862887195