0.1992833642391838
0.2904709399211124
0.14140832716923946
0.3520971368011458
0.08996384977373333
0.4278093215394724
0.06638513096745967
0.5176074941360925
0.04494993205266549
0.6109271636972858
0.036375852486747774
0.7024860847761925
0.05995457129302144
0.7940450058550992
0.09639440944817157
0.8750394360402858
0.1757046454329101
0.9243403935443125
0.2743065604409635
0.9507516207786125
0.3879131146893728
0.9419478783671792
0.4886585495889056
0.9084936572037325
0.5808299049225207
0.8609534481819926
0.6622836607987386
0.7993272513019591
0.7351633371090389
0.7359403059396391
0.7994689338534215
0.6690318636127459
0.8509134112489276
0.6003626728035658
0.3043158389216754
0.2851886944742524
0.3257510378364696
0.2851886944742524
0.3643343958830992
0.2922316884033991
0.39434367436381107
0.3098391732262657
0.4136353533871258
0.3380111489428524
0.6022651038373148
0.43661306395090577
0.6408484618839445
0.45069905180919906
0.6772883000390946
0.47182803359663916
0.7072975785198063
0.49823926083093906
0.7373068570005183
0.5264112365475259
0.29359823946427827
0.3221644126022724
0.32360751794499015
0.3309681550137058
0.35361679642570204
0.3380111489428524
0.37933903512345507
0.3503363883188591
0.3879131146893728
0.3732261185885858
0.3750519953404962
0.38379060948230576
0.34504271685978444
0.3908336034114524
0.3128899184875931
0.3855513579645924
0.2957417593557577
0.3661831246594391
0.2871676797898401
0.3432933943897124
0.5851169447054796
0.4823925244903592
0.6129827032947119
0.49295701538407904
0.6429919817754239
0.5052822547600858
0.6708577403646563
0.5193682426183791
0.6858623796050123
0.5422579728881057
0.6751447801476151
0.5581047092286858
0.6387049419924651
0.5616262061932591
0.6065521436202737
0.5493009668172524
0.5851169447054796
0.5299327335120992
0.572255825356603
0.5035215062777991
0.3343251174023873
0.3644223761771524
0.6408484618839445
0.5387364759235324
0.2593019212006075
0.6109271636972858
0.12640368792888346
0.6637496181658858
0.17784816532438952
0.7060075817407658
0.24644080185173103
0.7412225513864992
0.3193204781620313
0.7641122816562259
0.39220015447233164
0.7746767725499457
0.39220015447233164
0.7746767725499457
0.3193204781620313
0.7641122816562259
0.24644080185173103
0.7412225513864992
0.17784816532438952
0.7060075817407658
0.12640368792888346
0.6637496181658858