0.015344854863668935
0.39714404565300676
0.015344854863668935
0.49275662985920216
0.01157594314276779
0.5912665651019491
0.007807031421866647
0.689776500344696
0.026651590026372338
0.7824917335143401
0.08883863342124107
0.8520281583915731
0.17740805886241778
0.908526503604325
0.267861940164045
0.9490894181160442
0.37716038007017794
0.9795116039998336
0.4996500109994648
0.9809602795181093
0.5919883481615427
0.9418460405246657
0.6560598474168621
0.875206966683984
0.7295536259744342
0.8056705418067509
0.7691271990438961
0.7187500107102096
0.8087007721133581
0.628932128577117
0.8520432569037211
0.5463576240354027
0.8746567272291279
0.45798841742058566
0.2452484698386382
0.36237583321439015
0.33758680700071597
0.3536837801047361
0.433694055883695
0.3652731842509416
0.529801304766674
0.3710678863240443
0.6146018184869496
0.3594784821778388
0.7823183900670501
0.39279801909817963
0.8181230514156109
0.3942466946164554
0.8539277127641716
0.39569537013473105
0.8897323741127325
0.3942466946164554
0.9123458444381394
0.39714404565300676
0.3017821456521552
0.4188741784271421
0.3545469097447712
0.4188741784271421
0.41108058555828825
0.4116308008357636
0.4676142613718052
0.4174255029088664
0.5128412020226188
0.4319122580916233
0.5015344668599154
0.45219371534748287
0.45819198206955236
0.4768211991581696
0.40354276211648593
0.4768211991581696
0.35266245388432055
0.4652317950119641
0.307435513233507
0.43770696016472604
0.725784714253533
0.45364239086575864
0.752167096299841
0.45219371534748287
0.7936251252297535
0.4507450398292073
0.8331986982992154
0.4550910663840343
0.8690033596477762
0.4623344439754127
0.8558121686246223
0.4826159012312724
0.8256608748574131
0.4971026564140293
0.7879717576484019
0.5014486829688564
0.7502826404393904
0.4971026564140293
0.7276691701139837
0.479718550194721
0.38469820351198025
0.4449503377561045
0.7766650224856984
0.47392384812161825
0.7012867880676756
0.6579056389426308
0.43746296760459613
0.7723510048864102
0.48080545239495925
0.7781457069595129
0.5279168489062234
0.7795943824777886
0.573143789557037
0.7824917335143401
0.6032950833242461
0.7984271642153725
0.5976417157428945
0.8085678928433024
0.5656059661152348
0.8302980256174377
0.5222634813248717
0.8317467011357135
0.48268990825540975
0.8143625949164052
0.4544230703486512
0.786837760069167