0.14683347854659676
0.2073763111150622
0.11112873113442483
0.30207151077343125
0.0831858853335946
0.40297623172087366
0.06610970178864281
0.503880952668316
0.061452560821837775
0.6094428145825636
0.09870968855627807
0.6901665913405175
0.14993823919113342
0.7615760861648613
0.21669059304867225
0.8236712990555952
0.2849953272284794
0.8857665119463288
0.35950958269736
0.935442682258916
0.4573095430002658
0.9509664854815993
0.5520047426586349
0.9230236396807692
0.634280899738857
0.8748998496904504
0.7041380142409326
0.8128046367997168
0.7584713255203247
0.7367380010085678
0.8003855942215699
0.6482523226392721
0.8438522432450837
0.56597616555905
0.33932863850787154
0.16080490144701187
0.4138428939767521
0.15770014080247519
0.485252388801096
0.17788108499196364
0.5504523623363664
0.2135858324041356
0.6094428145825636
0.2555001011053809
0.7600237058425929
0.37969052688684846
0.7957284532547649
0.39210956946499526
0.8236712990555952
0.41694765462128874
0.8422998629228153
0.4479952610666557
0.8531665251786937
0.4790428675120225
0.33311911721879817
0.24618581917177085
0.39366194978726354
0.24773819949403916
0.4511000217111923
0.2632620027167226
0.5007761920237794
0.28965246819528445
0.5287190378246096
0.34553815979694485
0.4914619100901693
0.3843476678536535
0.4386809791330456
0.39831909075406857
0.3859000481759219
0.36727148430870177
0.33156673689652977
0.33932863850787154
0.3067286517402363
0.2834429469062111
0.6808523094069074
0.4573095430002658
0.7181094371413478
0.4479952610666557
0.7553665648757879
0.46507144461160743
0.7817570303543497
0.49456667073470606
0.7941760729324966
0.530271418146878
0.7724427484207397
0.5613190245922449
0.7367380010085678
0.5721856868481233
0.6979284929518592
0.5582142639477081
0.6699856471510289
0.5287190378246096
0.6668808865064924
0.4914619100901693
0.4324714578439722
0.3222524549629197
0.7289760993972261
0.5162999952464629
0.634280899738857
0.5814999687817334
0.43091907752170383
0.6824046897291758
0.46507144461160743
0.6901665913405175
0.5007761920237794
0.6979284929518592
0.5318237984691463
0.710347535530006
0.5457952213695614
0.7382903813308362
0.5333761787914146
0.7553665648757879
0.4992238117015111
0.7600237058425929
0.46507144461160743
0.7507094239089829
0.4371285988107772
0.7274237190749577
0.41694765462128874
0.7010332535963959