0.05030493517807185
0.4086895566310314
0.05541213015896201
0.5136965836416807
0.07243611342859585
0.6126162467676546
0.13372245319927767
0.6902301362972649
0.19671119129692285
0.7739313897115505
0.2562951327406413
0.8469797563276544
0.3175814725113231
0.9169844410014204
0.4214277704560894
0.9443775784824594
0.5218692717469291
0.9687270340211608
0.6359299596534758
0.9550304652806413
0.7414786559252056
0.9276373277996023
0.8044673940228508
0.859154484097005
0.8368129622351551
0.7648003438845375
0.8742657254283496
0.6689243627009013
0.8946945053519101
0.5715265405460962
0.930444870218141
0.4817379232471352
0.933849666872068
0.3812964191499925
0.1269128598914241
0.33107566710142106
0.1881991996621059
0.29150780185103153
0.28012870931812867
0.2808549150528497
0.36354622733933445
0.3128135754473952
0.4384517537257233
0.34172855389960294
0.6240131713647322
0.34477223584194056
0.6870019094623773
0.3006388476780445
0.7499906475600225
0.26715834631233026
0.8146817839846311
0.242808890773629
0.8640513354665692
0.2747675511681744
0.23246155616315392
0.4071677156598626
0.2750215143372385
0.3934711469193431
0.3158790741843597
0.3843401010923302
0.3584390323584443
0.3736872142941483
0.4009989905325289
0.385861942063499
0.39929659220556557
0.4086895566310314
0.36354622733933445
0.4330390121697327
0.31928387083828647
0.44217005799674564
0.27161671768331175
0.44369189896791444
0.2290567595092271
0.43456085314090154
0.6393347563074026
0.3843401010923302
0.6716803245197068
0.37064353235181063
0.7125378843668281
0.3660780094383042
0.7482882492330591
0.3752090552653171
0.7891458090801803
0.3828182601211613
0.7908482074071437
0.4071677156598626
0.7585026391948394
0.420864284400382
0.7176450793477182
0.42238612537155085
0.6750851211736337
0.4193424434292132
0.641037154634366
0.4056458746886938
0.32098626916524986
0.404124033717525
0.7210498760016449
0.3934711469193431
0.6137987814029519
0.6293564974505117
0.4673925252841008
0.7724095487403817
0.5133572801121122
0.7495819341728492
0.566131628247977
0.7389290473746675
0.6172035780568785
0.7297980015476544
0.6665731295388166
0.7434945702881739
0.6835971128084506
0.7526256161151869
0.6274179680186589
0.7602348209710311
0.5695364249019038
0.7663221848557064
0.5116548817851488
0.769365866798044
0.47079732193802754
0.7784969126250569