0.1743584437086092
0.4505925443122126
0.1852235099337748
0.5146392509587947
0.2004346026490066
0.5933252048388814
0.22216473509933765
0.6665214410064039
0.25693294701986746
0.732398053557174
0.30908526490066224
0.790955042491192
0.35906456953642374
0.8476821255210218
0.4155629139072847
0.9025793026466638
0.500310430463576
0.9263680794011084
0.5894039735099337
0.9080690203592278
0.6654594370860927
0.8751307140838427
0.7371688741721854
0.8385325960000816
0.806705298013245
0.79278494839538
0.8632036423841059
0.7287382417487979
0.8957988410596025
0.6555420055812754
0.9131829470198674
0.5768560517011887
0.9327400662251655
0.4963401919169141
0.14793203745743477
0.28641197417527603
0.1769828320090806
0.297702971332105
0.2261457150964813
0.3221667985052344
0.27977795119182747
0.3391032942404778
0.32000212826333707
0.36733078713255013
0.46972545402951194
0.34851245853783525
0.5166536606129398
0.3616852885541357
0.5993366912599318
0.36921261999202165
0.6842543984108966
0.36733078713255013
0.7512946935300795
0.386149115727265
0.19932959704880815
0.4030856114625085
0.21273765607264472
0.3842672828677936
0.2619005391600454
0.39555828002462257
0.29318601021566404
0.41061294290039446
0.3177674517593644
0.4444859343708813
0.3132980987514188
0.4840044244197826
0.28871665720771844
0.512231917311855
0.24849248013620884
0.5047045858739689
0.2172070090805902
0.47083159440348216
0.19932959704880815
0.4388404357924668
0.5188883371169126
0.4275494386356378
0.5479391316685585
0.43131310435458087
0.6127447502837684
0.4256676057761664
0.6708463393870601
0.4407222686519383
0.7110705164585698
0.47083159440348216
0.6998971339387059
0.49529542157661155
0.6596729568671964
0.5310502459065699
0.5993366912599318
0.5366957444849845
0.5457044551645857
0.5178774158902694
0.5188883371169126
0.4802407587008396
0.2730739216799092
0.4576587643871818
0.6082753972758229
0.4858862572792541
0.27754327468785467
0.5969143959880722
0.38257307037457433
0.7399336933079055
0.3982158059023836
0.7531065233242058
0.42503192395005673
0.7568701890431488
0.45408271850170256
0.7587520219026203
0.4831335130533484
0.7549883561836772
0.4831335130533484
0.7549883561836772
0.45408271850170256
0.7587520219026203
0.42503192395005673
0.7568701890431488
0.3982158059023836
0.7531065233242058
0.38257307037457433
0.7399336933079055