0.054469528579481896
0.35968176162379895
0.038970866730007464
0.45433430363308897
0.041184961279932375
0.5473262747299353
0.0721822849788812
0.6336759621770068
0.11203598687752958
0.7167045077991911
0.17845882337527705
0.7881090570342696
0.25595213262264893
0.8495501807946859
0.34230182006972054
0.9010278790804401
0.4441501693662666
0.9342392973293139
0.5659253696121368
0.944202722803976
0.6722019080085325
0.912651875467546
0.7563375009056793
0.854531893532017
0.8205462428535018
0.7864484861218259
0.8714704175017748
0.7117227950618601
0.8980395521008737
0.6220519657899012
0.9135382139503482
0.5290599946930548
0.9334650648996723
0.44603144907087056
0.22938299802354997
0.3297914851998126
0.282521267221748
0.3082040633380447
0.357800481919195
0.306543492425601
0.43529379116656697
0.31152520516293203
0.5017166276643144
0.32148863063759414
0.7297683663065804
0.34141548158691837
0.7806925409548534
0.3397549106744747
0.8316167156031264
0.34141548158691837
0.8758986066016247
0.3480577652366931
0.9091100248504984
0.3630029034486863
0.30023402362114726
0.3799606956463311
0.34230182006972054
0.3832818374712185
0.3799414274184441
0.38494240838366217
0.4175810347671677
0.3799606956463311
0.45300654756596626
0.37331841199655635
0.45300654756596626
0.3779480416606794
0.4175810347671677
0.3845903253104542
0.3799414274184441
0.38957203804778523
0.34230182006972054
0.3879114671353416
0.30023402362114726
0.3845903253104542
0.7031992317074814
0.40652983024543005
0.740838839056205
0.4048692593329864
0.7740502573050786
0.4115115429827611
0.8072616755539523
0.4198143975449795
0.8338308101530513
0.4247961102823106
0.8338308101530513
0.4294257399464337
0.8072616755539523
0.42444402720910257
0.7740502573050786
0.41614117264688416
0.740838839056205
0.40949888899710946
0.7031992317074814
0.4111594599095531
0.37861297068848926
0.3826076246608814
0.771836162755154
0.41581904290975497
0.6810582862082322
0.5971434021032459
0.5150011949638638
0.7137354490475117
0.5415703295629629
0.7303411581719487
0.5725676532619115
0.7436257254714982
0.610207260610635
0.7436257254714982
0.636776395209734
0.7203777326972864
0.636776395209734
0.7250073623614095
0.610207260610635
0.7482553551356212
0.5725676532619115
0.7482553551356212
0.5415703295629629
0.7349707878360717
0.5150011949638638
0.7183650787116348