0.07369763220950266
0.4158551050565939
0.08219711886509165
0.5066781939093689
0.08389701619620944
0.6001725500813432
0.1280943468052721
0.6736324013593229
0.16549208808986357
0.7577773219140997
0.21308921336116177
0.840586608809277
0.28278500393699135
0.9113751927680576
0.3864787411351768
0.9487729352368472
0.5054715543134224
0.9541154698752458
0.6142649835049612
0.9274027966832532
0.7043595420542043
0.8699705493204689
0.7672557433055627
0.7938394307232899
0.8029535872590362
0.7083588765089134
0.8539505071925702
0.629556490592535
0.9253461950995174
0.5574322729741549
0.9746432177019334
0.4799655207173763
0.9848426016886402
0.3918136991838005
0.04649927491161797
0.346402154757413
0.09069660552068061
0.3410596201190144
0.14169352545421443
0.346402154757413
0.19269044538774827
0.3517446893958115
0.22668839201010413
0.36109412501300897
0.4017778171152369
0.3584228576938097
0.4969720676578334
0.3423952537786141
0.5938662155315476
0.3250320162038189
0.6907603634052618
0.31034004594822295
0.7842547166167406
0.31301131326742215
0.1178949628185653
0.4024987684605975
0.14509332011645004
0.39314933284340015
0.1790912667388059
0.39314933284340015
0.2147891106922796
0.3918136991838005
0.24538726265239985
0.3958206001625994
0.2385876733279287
0.41852637237579315
0.2147891106922796
0.43455397629098874
0.1824910614010415
0.44390341190818616
0.1518929094409212
0.43856087726978765
0.1280943468052721
0.42253327335459206
0.4901724783333622
0.3851355308858023
0.5241704249557181
0.36777229331100714
0.5649679609025451
0.37311482794940565
0.6125650861738434
0.37445046160900525
0.6533626221206703
0.3811286299070034
0.6482629301273171
0.40383440212019717
0.6142649835049612
0.4198620060353928
0.5700676528958986
0.42253327335459206
0.5241704249557181
0.4198620060353928
0.483372889008891
0.40917693675859573
0.20798952136780838
0.4078413030989961
0.598965907524901
0.3918136991838005
0.20798952136780838
0.6669542330613248
0.2759854146125202
0.7863960556411461
0.3218826425527006
0.8104374615139394
0.3881786384662945
0.805094926875541
0.44937494238653514
0.7970811249179431
0.5020717596511868
0.7997523922371425
0.5020717596511868
0.8018532326808877
0.44937494238653514
0.7991819653616884
0.3881786384662945
0.8071957673192862
0.3218826425527006
0.8125383019576846
0.2759854146125202
0.7884968960848914