0.024199142568997363
0.46701610786787456
0.03378421011424191
0.5549732007405527
0.05295434520473106
0.6344728808370118
0.09129461538570931
0.7088981132677394
0.14640875377086554
0.7681000027012727
0.22788182790544434
0.8171529968033432
0.3141474358126453
0.8645145083501697
0.4076018443787798
0.9034186071207774
0.5082450536038478
0.9304823280046783
0.616077063487849
0.9355567756704097
0.7047389382813611
0.8949611943445583
0.771834411098073
0.8306848572452936
0.8317410832558516
0.7613340724802974
0.8820626878683856
0.685217357494326
0.9180066911630527
0.605717677397867
0.9395730931398529
0.526217997301408
0.9419693600261642
0.4433353520944613
0.086502081613087
0.41288866610007274
0.1440124868845544
0.3790590149951965
0.23027809479175537
0.365527154553246
0.3213362364715788
0.35537825922178323
0.41239437815140206
0.35876122433227087
0.6568136005551383
0.3503038115560518
0.7119277389402946
0.3418463987798327
0.7742306779843843
0.3350804685588575
0.836533617028474
0.3367719511141013
0.8868552216410078
0.3503038115560518
0.17516395640659924
0.4722630422415421
0.22548556101913317
0.4553482166891039
0.27820343251797824
0.44181635624715354
0.3357138377894456
0.43335894347093445
0.39322424306091297
0.43166746091569064
0.39322424306091297
0.436569421873486
0.3357138377894456
0.43826090442872984
0.27820343251797824
0.4467183172049489
0.22548556101913317
0.4602501776468993
0.17516395640659924
0.47716500319933747
0.652021066782516
0.4384333911366659
0.6903613369634944
0.42490153069471537
0.7382866746897172
0.41644411791849645
0.78621201241594
0.41644411791849645
0.8149672150516736
0.4265930132499592
0.8149672150516736
0.43149497420775457
0.78621201241594
0.42134607887629183
0.7382866746897172
0.42134607887629183
0.6903613369634944
0.42980349165251075
0.652021066782516
0.4433353520944613
0.2815582061588138
0.4493417843917827
0.7363696611806683
0.42701421466256445
0.6472285330098939
0.6091006425083545
0.4531309152186915
0.7478022120383468
0.5010562529449143
0.7376533167068842
0.5513778575574482
0.7308873864859089
0.6040957290562932
0.7275044213754213
0.632850931692027
0.7444192469278594
0.6256621310330935
0.764717037590785
0.601699462169982
0.7934722410299297
0.5561703913300704
0.800238171250905
0.5154338542627811
0.7883977933641984
0.47469731719549174
0.7731744503670042