0.07695601148600609
0.3478909493186146
0.07002608730509519
0.44823512999038556
0.05963120103372887
0.5501720754347242
0.05789871998850114
0.6521090208790629
0.08561841671214468
0.7460821424605627
0.14972021538557043
0.8257203810889523
0.22421690033036246
0.895802031081935
0.3091084715465208
0.9483632685766723
0.4217197394863227
0.9547343276669434
0.5291335642904414
0.9435849742589689
0.638279870139788
0.9244717969881554
0.7370312897177681
0.8910237367642319
0.8201903798886988
0.8193493219986812
0.8773622543812135
0.7317472595074526
0.9154768373762234
0.6329958436082495
0.9379990909641838
0.5326516629364785
0.9466614961903226
0.43230748226470767
0.12373299970715458
0.230026356148598
0.1601151016569368
0.2093204141052167
0.2051596088328575
0.19498553115210657
0.25540155914446144
0.19180000160697097
0.30217854736560995
0.19817106069724216
0.5707131093759069
0.19657829592467435
0.6400123511850156
0.19976382546980992
0.7023816688132136
0.2125059436503523
0.7595535433057284
0.24436123910170815
0.7976681263007384
0.2889586527336063
0.13759284806897637
0.3080718300044198
0.1739749500187585
0.276216534553064
0.2450066728730951
0.27143824023536056
0.3039110284108376
0.2969224765964453
0.3402931303606198
0.3415198902283434
0.3368281682701644
0.3893028334053772
0.28831869900378815
0.43071471749213985
0.22594938137559015
0.44823512999038556
0.16877750688307538
0.41797259931159747
0.14972021538557043
0.3638185970442926
0.5603182231045405
0.3383343606832079
0.5932353629638673
0.30010800614158084
0.6573371616372929
0.3032935356867164
0.7058466309036692
0.3319633015929367
0.7474261759891344
0.37656071522483486
0.7474261759891344
0.4354930118098432
0.7023816688132136
0.47053383680633465
0.6400123511850156
0.47371936635147016
0.5793755146020454
0.44664236521781775
0.5620507041497682
0.40045218681335176
0.24847163496355054
0.3622258322717248
0.6538721995468375
0.38452453908767387
0.31084095259174854
0.5230950743010718
0.2813887748228773
0.6951136697383934
0.3056435094560654
0.674407727695012
0.3472230545415307
0.6760004924675798
0.3836051564913128
0.6871498458755544
0.41132485321495643
0.7046702583738
0.4009299669435901
0.7428966129154272
0.37147778917471874
0.7699736140490796
0.33509568722493666
0.7779374379119185
0.3039110284108376
0.7604170254136727
0.28831869900378815
0.7253762004171814