0.21745778213780495
0.5148978318509547
0.27626989360171433
0.5858399415025054
0.3292007939192328
0.6582008933470871
0.3909535109563377
0.7305618451916688
0.45858743913983346
0.7929909016850333
0.5394540924027088
0.851163431599305
0.6173801400923888
0.9008229083553904
0.6953061877820688
0.9490635429184447
0.7908758689109214
0.9405504897602588
0.8570394943078196
0.8823779598459872
0.9143813029851312
0.8114358501944365
0.959960689369661
0.7263053186125757
0.9952479562480065
0.6397559448376839
1.0055400757541908
0.5333427803603579
0.9805449283820292
0.4283484580760629
0.9364358447840971
0.331867188949954
0.887915852826372
0.25666855271931033
0.1689377901800797
0.441118037813342
0.2027547542718276
0.4240919314969699
0.24098262672336868
0.4099035095666597
0.27626989360171433
0.3985527720224117
0.3144977660532554
0.3857831922851325
0.44535471406045385
0.330448346756923
0.5129886422439496
0.2949772919311477
0.5850334787872385
0.2623439214914343
0.6570783153305275
0.23822360420990712
0.7364746658068053
0.22971055105172106
0.2630371685223347
0.49219635676245854
0.2821511047481053
0.4808456192182104
0.31155716048006
0.4765890926391173
0.3439038217852101
0.4709137238669933
0.3644880607975784
0.4609818285157762
0.37036927194396935
0.4865209879903345
0.3527256385047965
0.5063847786927687
0.3292007939192328
0.5177355162370167
0.2983244354006804
0.5163166740439857
0.2747995908151166
0.5063847786927687
0.5512165146954907
0.37727013912694646
0.5806225704274454
0.3659194015826983
0.6262019568119751
0.3545686640384502
0.6703110404099072
0.3361237155290471
0.7129498212212415
0.31767876701964387
0.7129498212212415
0.34463676868723314
0.6835437654892869
0.37868898131997747
0.6467861958243435
0.40706582518059775
0.6012068094398137
0.42125424711090786
0.5688601481346635
0.3985527720224117
0.327730491132635
0.4907775145694275
0.6394346818913548
0.3730136125478534
0.4203595666882924
0.6837400528216453
0.5453353035490999
0.7763024798106025
0.593855295506825
0.7791401641966647
0.6423752874645502
0.7706271110384785
0.6806031599160913
0.7465067937569513
0.7085389128614483
0.719548792089362
0.7085389128614483
0.7220487920334826
0.6806031599160913
0.7490067937010719
0.6423752874645502
0.7731271109825991
0.593855295506825
0.7816401641407853
0.5453353035490999
0.7788024797547232