0.11184080785603413
0.369643876109712
0.13454228476277647
0.44562287837696113
0.16102734115397582
0.5379895085842051
0.18372881806071817
0.6348254918659932
0.2196728231630602
0.7227227689986933
0.27264293594545896
0.8031711243404864
0.3369637871812289
0.8791501266077355
0.40885179738591293
0.9551291288749847
0.5185756024351675
0.9804554629640677
0.6377583561955648
0.9506597758004405
0.7380232125336768
0.889578617115005
0.8174783817072748
0.8195587522804813
0.8817992329430447
0.7420899656550507
0.925310397014301
0.6527029041641695
0.9347693457254435
0.549907783449656
0.9404447149521292
0.44562287837696113
0.9385529252099006
0.3592153856024425
0.09481470017597736
0.3189912079315459
0.14778481295837614
0.31601163921518316
0.20832208470968905
0.32048099228972726
0.27075114620323043
0.3219707766479086
0.32182946924340067
0.3323992671551781
0.5356017101152243
0.3175014235733646
0.6093815100621368
0.3085627174242765
0.6869448894935065
0.31005250178245775
0.7626164791826475
0.30260357999155096
0.8231537509339604
0.31601163921518316
0.1704862898651185
0.3860315040497069
0.21021387445191755
0.369643876109712
0.26885935646100195
0.3681540917515307
0.32561304872785773
0.3681540917515307
0.3710160025413424
0.3860315040497069
0.3577734743457427
0.4083782694224272
0.32561304872785773
0.4381739565860543
0.27264293594545896
0.4545615845260492
0.22345640264751723
0.4381739565860543
0.18940418728740374
0.40688848506424585
0.5639785562486522
0.3845417196915255
0.616948669031051
0.3726234448260747
0.6718105715556782
0.36517452303516795
0.728564263822534
0.369643876109712
0.7815343766049329
0.3785825822588001
0.7739672176360187
0.41135783813878996
0.728564263822534
0.4322148191533289
0.6737023612979067
0.4396637409442357
0.6188404587732795
0.43072503479514757
0.5715457152175664
0.40986805378060853
0.27264293594545896
0.40092934763152044
0.6680269920712213
0.394970210198795
0.36912421279911384
0.6333357075078119
0.38425853073694205
0.7391103969386881
0.42776969480819826
0.7361308282223253
0.4769562281061399
0.7406001812968696
0.5280345511463101
0.7435797500132322
0.5753292947020234
0.7525184561623204
0.5810046639287089
0.7703958684604966
0.5299263408885387
0.7718856528186779
0.47884801784836845
0.7733754371768594
0.42966148455042674
0.7689060841023152
0.38993389996362765
0.7525184561623204