0.019588131119288855
0.46425288801465214
0.03449543399649601
0.5494374708863446
0.05579158096393477
0.6331009004924713
0.08773580141509296
0.7137220235674658
0.13884655413694602
0.7867373803146309
0.21551268321972564
0.838456591343873
0.3070861151797124
0.887133495841983
0.40504839122993075
0.9236411742155654
0.5093995113703809
0.9510219329957523
0.628657934388038
0.9555853927924501
0.7287498251350002
0.9251623274811314
0.8139344130047553
0.8704008099207575
0.8799524686038155
0.8004277597047245
0.9225447625386931
0.7198066366297298
0.9523593682931074
0.6376643602891691
0.9630074417768268
0.5509586241519105
0.958748212383339
0.4703375010769158
0.10477271898904396
0.4018856041264487
0.16440193049787255
0.3592933126906024
0.26236420654809095
0.3486452398316408
0.37097455608202873
0.34712408656607485
0.47106644682899096
0.34712408656607485
0.6925463752903543
0.3760259986118277
0.7543052014959267
0.3608144659561683
0.8245824864884748
0.3562510061594705
0.8927301567842788
0.36233561922173424
0.9268039919321809
0.39732214432975077
0.19421653625228685
0.4638938340712571
0.24319767427739603
0.44259768835333396
0.296438041695993
0.4273861556976746
0.3603264825983093
0.4258650024321086
0.4071780059266747
0.43803422855663615
0.4071780059266747
0.44143558903116303
0.3603264825983093
0.4292663629066355
0.296438041695993
0.43078751617220146
0.24319767427739603
0.44599904882786084
0.19421653625228685
0.467295194545784
0.6712502283229156
0.4517246079467296
0.7117129075610492
0.43042846222880643
0.7734717337666217
0.43042846222880643
0.8245824864884748
0.4441188416188999
0.8543970922428891
0.46237268080569116
0.8543970922428891
0.46577404128021804
0.8245824864884748
0.4475202020934268
0.7734717337666217
0.4338298227033333
0.7117129075610492
0.4338298227033333
0.6712502283229156
0.45512596842125647
0.30027134815013207
0.44125606205946555
0.7670828896763899
0.4455152912030503
0.6882871458968665
0.6118047547745481
0.500954487572948
0.743918684671817
0.5452431297662663
0.738120614433997
0.5908903192661283
0.7370664198453024
0.6362657993046814
0.7354851279622606
0.6786524752688389
0.7457635252020325
0.6680558062777996
0.7684287088589649
0.6340921236142117
0.7863500168667719
0.5889883530369673
0.7929387330461127
0.5430694540757968
0.7823967871591675
0.5047584200312698
0.7668474169759231