0.05063707872435748
0.3475659372938784
0.05222493358301802
0.4603036322587769
0.0585763530176602
0.5730413272236752
0.07127919188694452
0.6826033124712525
0.11732698278810014
0.7746988942735638
0.20307114515576935
0.8413887983373065
0.2983424366754017
0.8953758635317649
0.3952015830536946
0.9334843801396179
0.5015878585839508
0.9525386384435444
0.607974134114207
0.9684171870301497
0.7016575707751789
0.9350722349982783
0.7762867491322243
0.8794973149451594
0.8493280726306092
0.8064559914467746
0.887436589238462
0.7143604096444632
0.8937880086731044
0.6032105695382254
0.9033151378250676
0.49206072943198764
0.9176058315530122
0.39202587333637356
0.15225978967863207
0.26340962978486987
0.23006467775299855
0.2173618388837142
0.3332752435659336
0.21894969374237472
0.4269586802269055
0.20148329029710882
0.5047635683012719
0.1617869188305953
0.7222996839377659
0.1713140479825585
0.7619960554042794
0.20624685487309044
0.8159831205987378
0.21418612916639312
0.8731458955105172
0.21259827430773257
0.9128422669770307
0.23165253261165908
0.228476822894338
0.3428023727178968
0.2856395978061174
0.3015181463927228
0.34915379215253894
0.27928817837147524
0.4174315510749423
0.29040316238209907
0.4587157774001164
0.3348630984245941
0.44601293853083196
0.3952015830536946
0.4094922767816396
0.449188648248153
0.34121451785923634
0.45077650310681355
0.27452461379549364
0.4364858093788687
0.2173618388837142
0.39678943791235516
0.6746640381779497
0.35709306644584177
0.7143604096444632
0.3205724046966493
0.7715231845562427
0.30945742068602555
0.8302738143266827
0.31898454983798874
0.8525037823479302
0.36979590531512607
0.8509159274892697
0.4190194059336028
0.8191588303160589
0.46665505169341903
0.7635839102629399
0.48412145513868493
0.7080089902098211
0.4650671968347585
0.6826033124712525
0.4142558413576212
0.3348630984245941
0.36185663102182336
0.7667596199802611
0.3888501636190525
0.6746640381779497
0.5571627786370698
0.5365206654744827
0.7699353296975822
0.5619263432130513
0.7413539422416925
0.5905077306689411
0.728651103372408
0.6317919569941152
0.7381782325243714
0.6460826507220601
0.7683474748389216
0.6413190861460785
0.8032802817294535
0.6238526827008125
0.8286859594680221
0.584156311234299
0.8382130886199854
0.5492235043437671
0.8286859594680221
0.5269935363225196
0.8048681365881141