-0.05656943550111343
0.3716537567188606
-0.03715686782244716
0.4910456022704081
-0.0031848743847811764
0.6044678555443784
0.04696425878510668
0.7134129146101656
0.1019665338746611
0.8178807794677698
0.19417623034832593
0.8925006829374871
0.305798494500657
0.9298106346723457
0.42874475646554333
0.9536890037826552
0.553308732403652
0.9775673728929648
0.6811081362882049
0.9775673728929648
0.7911126864673139
0.9357802269499231
0.878469241021312
0.8551907312026283
0.9431777999501997
0.7581848566919961
0.9658257955753103
0.6432702053486314
0.9512663698163106
0.5253707578664781
0.9415600859769774
0.4059789123149305
0.9367069440573109
0.2940490571103547
0.186087660482215
0.2522619111673129
0.26050250325043567
0.21942915364063736
0.32844649012576765
0.18659639611396173
0.4093321887868771
0.16421042507304653
0.49345331539443094
0.14928644437910313
0.7474344091903147
0.15674843472607483
0.7992012563334249
0.15227124051789176
0.8444972475836461
0.16719522121183525
0.8865578108874229
0.18808879418335608
0.9221475182983112
0.21196716329366558
0.23300136570565846
0.3119578339430868
0.2896213547684351
0.2716630860694394
0.36080076959021146
0.256739105375496
0.4303624704387656
0.256739105375496
0.47404074771576465
0.30300344552672065
0.47727617566220903
0.3731461547882549
0.4433041822245431
0.4283648833558457
0.37050705342954454
0.42985728142524
0.29447449668810166
0.4104561065231136
0.2410899355717694
0.3701613586494662
0.7134624157526487
0.29554145517974895
0.7474344091903147
0.2582315034448903
0.800818970306647
0.24927711502852426
0.8574389593694235
0.24330752275094686
0.8800869549945342
0.28807946483277724
0.8817046689677563
0.3373286011227906
0.8590566733426459
0.38657773741280405
0.8089075401727579
0.39702452389856446
0.7539052650832035
0.3776233489964379
0.7102269878062043
0.34180579533097366
0.3640361975366558
0.3298666107758189
0.8089075401727579
0.30001864938793193
0.7733178327618697
0.44776605825797217
0.587280725841318
0.671625768667124
0.6244881472254283
0.6432702053486314
0.6746372803953162
0.6298386227240823
0.7264041275384262
0.6253614285158993
0.7571406930296478
0.6611789821813636
0.7539052650832035
0.710428118471377
0.7361104113777593
0.7581848566919961
0.6859612782078716
0.776093633524728
0.6439007149040946
0.7462456721368412
0.6002224376270955
0.7134129146101656