0.09102993078157726
0.40829066318120466
0.07776748967673057
0.4871435421048563
0.07776748967673057
0.5779957721690636
0.06671545542269168
0.6637054231730326
0.042400980063806055
0.7442724951167636
0.07997789652753838
0.8145544089400183
0.17281498426146524
0.8539808484018441
0.2855457336526622
0.867694392562479
0.4004868898946669
0.8779795506829554
0.5154280461366717
0.8831221297431936
0.6303692023786763
0.8796937437030348
0.7298375106650266
0.8488382693416059
0.7983601230400679
0.7871273206187481
0.8447786669070314
0.7168454067954936
0.8801451765199558
0.6362783348517626
0.9110908724312647
0.5505686838477933
0.9309845340885349
0.4700016119040624
0.10208196503561623
0.3071532749965211
0.14850050890257963
0.2900113447957274
0.1882878322171197
0.31743843311699743
0.23691678293489096
0.3482939074784263
0.27670410624943104
0.3774351888197758
0.44690543376163033
0.3671500306992995
0.5353217077939417
0.37400680277961706
0.6193171681246374
0.3534364865386645
0.7033126284553332
0.3311519772776325
0.7718352408303745
0.36372164465914075
0.13744847464854068
0.3997602364292556
0.16618376370904187
0.40318862246941434
0.1949190527695431
0.401474429449335
0.22365434183004426
0.39633185038909685
0.25017922403973764
0.39290346434893814
0.25017922403973764
0.39800550506072846
0.22365434183004426
0.4014338911008872
0.1949190527695431
0.4065764701611253
0.16618376370904187
0.40829066318120466
0.13744847464854068
0.40486227714104595
0.4999551981810171
0.41518797360997006
0.533111300943134
0.43061571079068456
0.5706882174068663
0.44432925495131953
0.6126859475722142
0.44947183401155777
0.6524732708867541
0.4529002200517165
0.6524732708867541
0.4580022607635068
0.6126859475722142
0.4545738747233481
0.5706882174068663
0.44943129566310985
0.533111300943134
0.4357177515024749
0.4999551981810171
0.4202900143217604
0.1944769713993815
0.40128274097310324
0.5737827869979972
0.44105201903894486
0.17502539111227303
0.6139938255907307
0.17281498426146524
0.7597407706459258
0.23691678293489096
0.7837394729270372
0.3231226501163945
0.7768827008467197
0.4026972967454747
0.7905962450073548
0.46900950226970817
0.8163091403085455
0.46900950226970817
0.8214111810203358
0.4026972967454747
0.7956982857191451
0.3231226501163945
0.78198474155851
0.23691678293489096
0.7888415136388275
0.17281498426146524
0.7648428113577161