0.14303191164857307
0.3813983098985405
0.185281881141803
0.47374467127486036
0.22077185551611606
0.5697124585875063
0.2562618298904291
0.6638695329319892
0.29513180182420057
0.7562158943083092
0.36442175179309766
0.8214015611621818
0.4438516944403698
0.8721015242707496
0.5283516334268294
0.9173693484748279
0.6162315699727476
0.9535836078380905
0.7024215077389365
0.9119372095703385
0.7717114577078336
0.8485622556846288
0.8342414125578137
0.768890885085451
0.8900113722888772
0.6837873755817838
0.9288813442226486
0.5932517271736271
0.932261341782107
0.4773660972111866
0.9018413637469814
0.374155458025888
0.8764913820510436
0.279998383681405
0.13458191774992714
0.2962948003948732
0.17007189212424023
0.2618912539997737
0.2173918579566577
0.2474055502544687
0.26471182378907515
0.22929842057283736
0.30865179206203414
0.24197341134997924
0.4928616590525164
0.18040917043243276
0.5570816126822258
0.15324847590998572
0.6229915650916644
0.1369520591965175
0.6922815150605613
0.12427706841937565
0.749741473571354
0.14057348513284385
0.21232186161747005
0.3651018931850723
0.24443183843232474
0.3252662078854834
0.28837180670528384
0.3107805041401783
0.34245176765661806
0.3107805041401783
0.38470173714984796
0.32707692085364654
0.3914617322687647
0.3669126061532354
0.3694917481322852
0.41399114332547693
0.32048178352013856
0.4266661341026189
0.26809182134853354
0.42485542113445574
0.2190818567363869
0.41399114332547693
0.5401816248849339
0.26551267993610006
0.5706016029200592
0.22024485573202165
0.6280615614308519
0.21119129089120606
0.6821415223821863
0.19489487417773785
0.7362214833335203
0.20756986495487972
0.7429814784524372
0.2528376891589581
0.7108715016375826
0.2999162263311996
0.6601715382457066
0.32707692085364654
0.6010215809551848
0.33431977272629904
0.5537016151227674
0.3089697911720152
0.3052717945025758
0.35423761537609355
0.6415815516686856
0.25826982806344745
0.3931517310484939
0.5226339214152649
0.4962416566119747
0.7109480701042307
0.5097616468498084
0.6910302274544363
0.5368016273254754
0.6964623663589257
0.567221605360601
0.6928409404225995
0.5858115919376221
0.6946516533907625
0.5908815882768097
0.7200016349450464
0.5722916016997887
0.7381087646266777
0.5520116163430382
0.7525944683719827
0.5232816370876419
0.7507837554038196
0.5046916505106208
0.7362980516585146