0.015221024202193446
0.3520599114312183
-0.006156198809898021
0.45117249306625384
-0.016844810315943766
0.5546576885969529
-0.013281939813928518
0.6566853461624308
0.043723988218315434
0.7295622444234865
0.10963709250559754
0.7907788389627732
0.1898016788009406
0.85199543350206
0.27352913559829894
0.9161271039717889
0.3732895096547259
0.9642258568240856
0.49620854197425196
0.9758861605458545
0.6155647037917628
0.9496504771718745
0.7028550310911363
0.8913489585630299
0.7616423943743879
0.8097268325106476
0.8008339698965555
0.7179019407017175
0.8400255454187233
0.6217044349971241
0.870309944685853
0.5269644672577517
0.9023757792039903
0.44096972730970607
0.2432447363311693
0.2806405511353837
0.3305350636305429
0.2893857789267104
0.41960682618092415
0.30541869654414266
0.5068971534802977
0.322909152126796
0.5781545635206026
0.33311191788334377
0.7117622073461745
0.3564325253268816
0.7580795238723725
0.34768729753555494
0.8043968403985708
0.3520599114312183
0.8524955921757768
0.3549749873616605
0.8970314734509672
0.3637202151529872
0.26105908884124557
0.3782955948051983
0.3216278873755048
0.3797531327704194
0.3839781211607716
0.3797531327704194
0.4481097901970461
0.38412574666608273
0.5033342829782824
0.3972435883530728
0.4801756247151834
0.40453127817917833
0.43385830818898513
0.43805465137926386
0.37150807440371825
0.43805465137926386
0.3127207111204667
0.42639434765749495
0.26105908884124557
0.40453127817917833
0.6921664195850905
0.42347927172705274
0.7135436425971821
0.4249368096922738
0.7616423943743879
0.4220217337618316
0.8043968403985708
0.4307669615531583
0.8471512864227537
0.4365971134140427
0.8346812396657005
0.4570026449271383
0.799052534645548
0.4759506384750128
0.7491723476173345
0.47449310050979165
0.7081993368441591
0.4672054106836861
0.6725706318240067
0.44679987917059055
0.36260089814868013
0.3972435883530728
0.750953782868342
0.44679987917059055
0.6672263260709839
0.6348222766841141
0.4694870132091376
0.7660748603088816
0.4997714124762672
0.7748200881002083
0.547870164253473
0.7791927019958718
0.5924060455286636
0.783565315891535
0.6351604915528466
0.7821077779263139
0.6351604915528466
0.7849486871018887
0.5924060455286636
0.7864062250671098
0.547870164253473
0.7820336111714465
0.4997714124762672
0.7776609972757831
0.4694870132091376
0.7689157694844564