0.08762520333597697
0.499187833280699
0.10626037113440397
0.5820286486595954
0.13731898413178223
0.6632451343251801
0.18494219072776236
0.7395886308508296
0.25327113932199463
0.806186149096609
0.3257412363158773
0.8646620187758299
0.4209876495078375
0.9101432507485574
0.5245163594990985
0.944254174728103
0.6342567920898352
0.965370461001155
0.7460677988803971
0.9507514935813498
0.828890766873406
0.8971486130420638
0.8723728250697357
0.8191807868031026
0.9034314380671139
0.7363399714242062
0.9262077542651913
0.6470018371920631
0.9365606252643175
0.5576637029599198
0.932419476864667
0.4650769093011534
0.91378430906624
0.3789874344956337
0.14767185513090833
0.4358389744615429
0.20978908112566502
0.4114740287618675
0.28432975231937296
0.39523073162875066
0.3588704235130809
0.37736310478232205
0.43755224310643925
0.3643684670758285
0.6425390888891361
0.3432521808027764
0.6880917212852911
0.318887235103101
0.7398560762809214
0.3026439379699841
0.7978321538760277
0.29777094883004906
0.8599493798707843
0.29614661911673734
0.18701276492758756
0.49487748846917007
0.25534171352181984
0.490004499329235
0.31952951371640165
0.4753855319094297
0.3775055913115079
0.4575179050630011
0.4292699463071384
0.431528629650014
0.4292699463071384
0.4358389744615429
0.3775055913115079
0.46182824987453003
0.31952951371640165
0.47969587672095865
0.25534171352181984
0.49431484414076393
0.18701276492758756
0.499187833280699
0.6528919598882623
0.4217826513701438
0.6943034438847667
0.42340698108345554
0.735714927881271
0.41690966223020876
0.772985263478125
0.4039150245237153
0.8061144506753286
0.38767172739059835
0.8061144506753286
0.3919820722021273
0.772985263478125
0.4082253693352442
0.735714927881271
0.4212200070417377
0.6943034438847667
0.42771732589498446
0.6528919598882623
0.42609299618167273
0.313731905956891
0.4720179832899344
0.7324020091615507
0.4128923817253888
0.6880917212852911
0.6258855509190111
0.5928453080933308
0.7704508954037518
0.6197627726910587
0.7590805874105699
0.6487508114886118
0.7509589388440114
0.6818799986858154
0.7460859497040764
0.7150091858830188
0.7509589388440114
0.7087974632835431
0.7704508954037518
0.6880917212852911
0.7883185222501804
0.6611742566875631
0.7980645005300506
0.6259744952905344
0.7980645005300506
0.5969864564929812
0.7883185222501804