0.039421976739273425
0.39143186253053497
0.039421976739273425
0.4876314936890359
0.031468694696560585
0.5797082835121725
0.023515412653847777
0.6745336342255521
0.049363579292664446
0.7583647413779601
0.09111831001690679
0.8366987267498823
0.1467912843158966
0.9054127490059545
0.2203591432109903
0.963132527701055
0.3476116558943955
0.9727524908169052
0.46889920704576615
0.9493897232498405
0.5901867581971367
0.9232783947925333
0.6995443862844382
0.8875471032193757
0.7949837707969921
0.8366987267498823
0.8864465142881895
0.7693589849389316
0.9600143731832833
0.686902158231645
1.0077340654395603
0.6003224901889942
1.0256289500356641
0.5109942612561005
0.07720006644215935
0.30897503582324837
0.1368496817625056
0.2979807922622768
0.20842922014692103
0.2979807922622768
0.26609051495658903
0.3158464380488556
0.29392700210608397
0.3392092056159201
0.5126422582806868
0.3185949989390985
0.602116681261206
0.3158464380488556
0.687614463220369
0.32684068160982716
0.7711239246688537
0.3474548882866487
0.8427034630532692
0.37768905807932046
0.09509495103826321
0.37631477763419907
0.13883800227318377
0.3570748514024989
0.1945109765721736
0.3570748514024989
0.24421898933912875
0.36944337540859185
0.28199707904201465
0.39692898431102075
0.27006715597794545
0.4285374345488139
0.2322890662750595
0.45327448256099984
0.1786044124867479
0.45052592167075695
0.12491975869843633
0.4409059585549069
0.10304823308097605
0.41067178876223515
0.544455386451538
0.39830326475614214
0.5862101171757803
0.3749404971890776
0.6498363735174829
0.38318617985980624
0.707497668327151
0.39830326475614214
0.7532290400727497
0.4299117149939353
0.7512407195620715
0.4683915674573357
0.7055093478164728
0.4917543350244002
0.6379064504534138
0.4876314936890359
0.5762685146223894
0.47388868923782146
0.5384904249195034
0.44640308033539267
0.19649929708285177
0.39692898431102075
0.6319414889213791
0.425788873658571
0.19848761759353
0.5384798701585293
0.21439418167895563
0.7033935235731025
0.246207309849807
0.6923992800121309
0.30585692517015317
0.7047678040182238
0.3655065404904994
0.7171363280243168
0.4152145532574546
0.7418733760365028
0.3933430276399943
0.7652361436035673
0.34562333538371737
0.7940960329511175
0.2879620405740493
0.807838837402332
0.24024234831777233
0.7927217525059961
0.2243357842323467
0.7514933391523528