0.06960175595289603
0.3679069047043192
0.06318979682538252
0.447004565442664
0.07173907566206718
0.5340119922548432
0.08883763333543644
0.6194374658522556
0.12089742897300396
0.6969531733758334
0.1764677414114542
0.7681410680403438
0.2469992918141026
0.8377470094900872
0.33249208018094917
0.8962792784364623
0.43080878680282264
0.9279183427318002
0.5440867313888944
0.9168446702284319
0.6488153971382813
0.8883695123626278
0.7385828249234703
0.8409109159196209
0.8027024161986053
0.7776327873289451
0.8454488103820285
0.7016990330201341
0.8732339666012536
0.6194374658522556
0.8946071636929653
0.5355939454696101
0.9181176804938481
0.4564962847312653
0.29188300570669706
0.32203026147607916
0.3666891955276878
0.3141204954022447
0.4543193036037054
0.3141204954022447
0.5355374525522097
0.32203026147607916
0.616755601500714
0.32361221469084606
0.7749172599793801
0.3473415129123495
0.8198009738719745
0.3489234661271164
0.8604100483462267
0.34259565326804886
0.9010191228204788
0.34259565326804886
0.9181176804938481
0.35999713863048466
0.33890403930846263
0.40510068042890923
0.38806239261939945
0.42566607222087877
0.4457700247670209
0.43515779150948025
0.5034776569146423
0.4367397447242471
0.5526360102255791
0.4240841190061119
0.5526360102255791
0.4280211268654612
0.5034776569146423
0.44067675258359634
0.4457700247670209
0.4390947993688295
0.38806239261939945
0.429603080080228
0.33890403930846263
0.4090376882882585
0.7364455052142992
0.4399036511537809
0.7620933417243531
0.4509773236571491
0.7962904570710917
0.4557231833014499
0.8283502527086591
0.4509773236571491
0.8561354089278843
0.4462314640128484
0.8561354089278843
0.45016847187219766
0.8283502527086591
0.45491433151649835
0.7962904570710917
0.45966019116079915
0.7620933417243531
0.45491433151649835
0.7364455052142992
0.44384065901313013
0.4457700247670209
0.4273181855076001
0.7958629931292575
0.45073109308615006
0.7727799402702089
0.5893803547716845
0.5590479693530925
0.7278191362413559
0.5996570438273446
0.7309830426708896
0.6338541591740833
0.7388928087447242
0.670188594229993
0.7388928087447242
0.7022483898675606
0.7309830426708896
0.7022483898675606
0.7349200505302389
0.670188594229993
0.7428298166040734
0.6338541591740833
0.7428298166040734
0.5996570438273446
0.7349200505302389
0.5590479693530925
0.7317561441007051