0.075538828715293
0.45128872443125845
0.09415802155768287
0.5317682239663586
0.11446986829483548
0.6178954076793607
0.13647436892675077
0.7068464334813136
0.17371275461153055
0.7845020909274628
0.22449237145441203
0.8565100641957103
0.28712056556063253
0.9172226691081544
0.368367952509243
0.9595803004424177
0.48008310956358224
0.9680518267092704
0.583334997144108
0.9412253268642369
0.6713529996717692
0.9002796165744491
0.762756309988956
0.8508623800178086
0.8389257352532782
0.7943855382387909
0.8964759676752106
0.7280252491484451
0.9404849689390411
0.6503695917022958
0.9540262000971428
0.5614185659003429
0.9303290455704648
0.47387946114286555
0.075538828715293
0.3623376986293056
0.11277721440007274
0.3496304092290266
0.15340090787437796
0.36092577758483013
0.1923319474539204
0.3736330669851092
0.22449237145441203
0.39198804056328984
0.32774425903493776
0.38916419847433903
0.40391368429925995
0.3552780934069284
0.4834684173531077
0.3228039093839932
0.5799496893545826
0.31433238311714057
0.6645823840927183
0.33268735669532135
0.11446986829483548
0.4428171981644058
0.14663029229532706
0.44564104025335666
0.1821760240853441
0.44987680338678304
0.21602910198059844
0.4470529612978321
0.24480421819156464
0.44422911920888125
0.24649687208632734
0.4654079348760129
0.2211070636648866
0.48093906636524275
0.18386867798010686
0.48235098740971816
0.15001560008485249
0.4767033032318164
0.12462579166341177
0.46399601383153743
0.4377667621945143
0.4258741456307005
0.47669780177405685
0.42022646145279874
0.5240921108274128
0.42163838249727414
0.5697937659860063
0.4159906983193724
0.6138027672498368
0.41881454040832333
0.6019541899864979
0.4470529612978321
0.5697937659860063
0.4668198559204883
0.5274774186169383
0.4767033032318164
0.4834684173531077
0.4682317769649638
0.4479226855630907
0.4484648823423076
0.1787907162958187
0.462584092787062
0.5207068030378875
0.4470529612978321
0.22449237145441203
0.6489576706578204
0.3057397584030224
0.7693557771346684
0.33620752850875135
0.7905345928018
0.3819091836673447
0.7933584348907509
0.42591818493117534
0.7848869086238983
0.46484922451071786
0.7721796192236192
0.46484922451071786
0.7746186436161346
0.42591818493117534
0.7873259330164137
0.3819091836673447
0.7957974592832663
0.33620752850875135
0.7929736171943155
0.3057397584030224
0.7717948015271838