0.07921249334458322
0.3575249145380417
0.08534971982765006
0.4657145487979714
0.0914869463107169
0.5693327900610027
0.10836431913915069
0.6714272336584011
0.15285921114138523
0.755236105268206
0.22804023555895392
0.8131404165622528
0.31242709970112287
0.8710447278562996
0.40141688370559186
0.9182824554909168
0.4980782008138945
0.9533298018004716
0.6024110510260307
0.9624725877942684
0.6898665284097331
0.9274252414847136
0.7635132462065349
0.8679971325250341
0.8233512044164366
0.803997630568456
0.8693804030394378
0.7217125566242839
0.8877920824886383
0.6211419106925183
0.9016008420755386
0.5159998717638542
0.9108066818001389
0.41390542816645576
0.2265059289381872
0.24781148261247915
0.2786723540442553
0.2295259106248854
0.33237308577109004
0.21276413630292443
0.3968139638432918
0.20971654097165882
0.4551176154324266
0.20971654097165882
0.7098125144797002
0.21581173163419007
0.7527730998611679
0.21428793396855725
0.7941993786218691
0.22495451762798696
0.8340913507618034
0.23562110128741665
0.8678460964186712
0.2523828756093776
0.23878038190432088
0.34838212854424483
0.29248111363115564
0.31181098456905726
0.3553876850825906
0.3026681985752604
0.41829425653402563
0.3072395915721589
0.4551176154324266
0.3529535215411432
0.4489803889493598
0.40933403516955735
0.4136913366717256
0.4580955604698073
0.3461818453579904
0.45961935813544014
0.28480958052732214
0.43980998848221353
0.23724607528355415
0.4047626421726589
0.6668519290982323
0.3681914981974713
0.694469448272033
0.3255251635597526
0.7512387932404012
0.32247756822848694
0.8034052183464695
0.3377155448848151
0.8325570441410368
0.3742866888600026
0.8325570441410368
0.4230482141602526
0.800336605104936
0.46419075113233854
0.7451015667573344
0.4702859417948698
0.6929351416512665
0.4580955604698073
0.6591803959943988
0.4169530234977214
0.34311323211645695
0.38038187952253383
0.7512387932404012
0.39104846318196357
0.653043169511332
0.5479996227421433
0.5134212670215615
0.7213354944468188
0.542573092816129
0.72743068510935
0.5732592252314631
0.7304782804406156
0.6039453576467974
0.72743068510935
0.6315628768205981
0.725906887443717
0.6315628768205981
0.7293315449524479
0.6039453576467974
0.7308553426180809
0.5732592252314631
0.7339029379493465
0.542573092816129
0.7308553426180809
0.5134212670215615
0.7247601519555497