0.06215444141227189
0.36020186778885244
0.03945296649291487
0.44579256839191833
0.03491267150904346
0.5370893157018554
0.04399326147678627
0.6302880785807493
0.07123503138001469
0.7139767636148582
0.12344842369453593
0.7748412618214828
0.19836329092841412
0.8242936666143653
0.27781845314616377
0.8680400247003769
0.3459228779042349
0.9155904139243024
0.436728777581663
0.9403166163207436
0.5252645297671554
0.9174924294932595
0.5933689545252266
0.8604319624245488
0.659203231791362
0.7995674642179241
0.7250375090574975
0.7406049815802566
0.7681703114042759
0.6702304055288468
0.8090329662591184
0.592247767201609
0.8521657686058968
0.506657066598543
0.22560506083164256
0.2841212450305716
0.30051992806552075
0.2841212450305716
0.3845153852671419
0.2879252761684857
0.4571601050090843
0.31074946299596995
0.5184540872913483
0.32976961868554017
0.7023360341381404
0.3621038833578095
0.7341180990252402
0.3659079144957235
0.7772509013720186
0.3811240390473796
0.820383703718797
0.3982421791679928
0.8317344411784755
0.42867442827130525
0.25284683073487096
0.3811240390473796
0.31414081301713503
0.3563978366509384
0.3958661227268204
0.35069178994406736
0.4639705474848914
0.36400589892676655
0.4934824648800556
0.4191643504265201
0.4798615799284414
0.4495965995298324
0.4208377451381131
0.4800288486331447
0.3459228779042349
0.48573489534001585
0.27781845314616377
0.46100869294357455
0.23922594578325682
0.4191643504265201
0.6455823468397478
0.46481272408148855
0.6864450016945906
0.4400865216850473
0.7341180990252402
0.44579256839191833
0.7817911963558901
0.46481272408148855
0.7999523762913757
0.49904900432271493
0.7840613438478258
0.5332852845639412
0.7522792789607258
0.5618155180982967
0.6955255916623332
0.5599135025293397
0.6546629368074905
0.5370893157018554
0.6455823468397478
0.4933429576158439
0.35500346787197773
0.4172623348575631
0.7068763291220119
0.4952449731848009
0.6251510194123264
0.6188759851670071
0.38224523777520614
0.7387029660112996
0.4185675976461774
0.7406049815802566
0.4617003999929558
0.7444090127181705
0.5048332023397342
0.7520170749939986
0.5229943822752198
0.7748412618214828
0.5093734973236056
0.7881553708041821
0.4798615799284414
0.8128815732006233
0.436728777581663
0.8147835887695803
0.4049467126945632
0.791959401942096
0.3958661227268204
0.7577231217008696