0.28192113980108147
0.3295621952601189
0.22755873926131936
0.3905445383964456
0.18021084201701035
0.4530905313567808
0.1328629447727014
0.520327473789141
0.09252955082384563
0.586000766397493
0.08200779588066584
0.6735651565419621
0.07499329258521267
0.7642568463344481
0.08376142170452919
0.8486939368309006
0.16442820960224075
0.8846578827830934
0.2521095007954055
0.9128035796152442
0.3520661727556133
0.9206218287352861
0.4537764705396844
0.9206218287352861
0.5537331424998921
0.9112399297912356
0.6343999303976037
0.8737123340150347
0.6992840858805457
0.8142936407027163
0.7659218671873508
0.7486203480943643
0.8185306419032498
0.7001472035501046
0.37135605681810957
0.2717071517718088
0.40642857329537546
0.276398101243834
0.43799383812491466
0.28734365001189266
0.46605185130672744
0.3014164984279681
0.48884898701695034
0.31705299666805187
0.6501825628123734
0.4108719861085546
0.6975304600566824
0.44527228223673887
0.7378638540055382
0.48279987801294
0.7746899963066674
0.5297093727331913
0.790472628721437
0.5766188674534427
0.3573270502272032
0.3582321746803196
0.38889231505674243
0.36605042380036146
0.4187039540624185
0.3801232722164368
0.44500834142036794
0.397323420280529
0.45903734801127427
0.4129599185206128
0.45903734801127427
0.4171265854045881
0.44500834142036794
0.4014900871645043
0.4187039540624185
0.3842899391004121
0.38889231505674243
0.3702170906843367
0.3573270502272032
0.36239884156429486
0.6063419172157911
0.4958333591930568
0.6326463045737404
0.5161608069051657
0.6571970661078266
0.5427428539133082
0.6712260726987329
0.5755795002174843
0.6799942018180494
0.6068524966976518
0.6799942018180494
0.6110191635816271
0.6712260726987329
0.5797461671014595
0.6571970661078266
0.5469095207972835
0.6326463045737404
0.520327473789141
0.6063419172157911
0.5000000260770321
0.4137938017556012
0.3850211753416396
0.649481112482828
0.5495171368273212
0.302964649687441
0.4921817769569902
0.22580511343745607
0.6584529408899282
0.23457324255677253
0.6850349878980707
0.25561675244313203
0.6991078363141461
0.2766602623294916
0.7100533850822047
0.2924428947442613
0.7147443345542298
0.2924428947442613
0.7189110014382051
0.2766602623294916
0.71422005196618
0.25561675244313203
0.7032745031981213
0.23457324255677253
0.689201654782046
0.22580511343745607
0.6626196077739035