0.09319589553487226
0.4294824729947
0.1320942779118915
0.5126931691474423
0.17303994357191174
0.594493514517935
0.20989104266593003
0.6762938598884275
0.26312040802395636
0.7510424513476707
0.33682260621199284
0.8173289381134147
0.4228085040980355
0.8807947233146588
0.49855798556907294
0.9400294561691535
0.6091112828511277
0.9583640163384016
0.7114754470011783
0.923105246782155
0.7933667783212188
0.8765636709679091
0.8732108263582585
0.8159185873311647
0.9264401917162848
0.746811399000921
0.973527707225308
0.6650110536304285
1.0021896731873223
0.5761589543486866
1.0124260896023274
0.48448615350244495
1.0001423899043211
0.3970444050029529
0.07886491255386514
0.3716580909224553
0.14233069432689657
0.351913179970957
0.21808017579793407
0.3533235307532069
0.2999715071179746
0.3533235307532069
0.36343728889100607
0.3575545830999565
0.5845438834551155
0.3335786198017087
0.6848607643221651
0.3265268658904594
0.7790357953402117
0.3124233580679606
0.8813999594902625
0.3053716041567113
0.946913024546295
0.3279372166727092
0.17099266028891075
0.41255826360770154
0.2262693089299381
0.41114791282545166
0.2815459575709655
0.41255826360770154
0.34091717277799494
0.41396861438995136
0.38800468828701823
0.4252514206479503
0.38800468828701823
0.450637734728448
0.3429644560609959
0.4675619441154465
0.2876878074199685
0.4675619441154465
0.23650572534494319
0.46051019020419715
0.18737092655291887
0.44499633159944857
0.648009665228147
0.3956340542207031
0.6848607643221651
0.38153054639820433
0.7421846962461935
0.3772994940514547
0.8015559114532229
0.3787098448337046
0.8547852768112492
0.3857615987449539
0.8425015771132432
0.41537896517220124
0.8015559114532229
0.43512387612369946
0.7503738293781976
0.4464066823816984
0.6930498974541692
0.4435859808171987
0.648009665228147
0.4266617714302002
0.31634977338198267
0.4337135253414495
0.7524211126611986
0.406916860478702
0.5006052688520739
0.6241108809451822
0.4535177533430506
0.7383922180268816
0.5046998354180761
0.7496750242848806
0.5681656171911074
0.7482646735026307
0.6275368323981367
0.7398025688091313
0.6889553308881672
0.7341611656801319
0.6889553308881672
0.7369389435251719
0.6275368323981367
0.7425803466541713
0.5681656171911074
0.7510424513476707
0.5046998354180761
0.7524528021299206
0.4535177533430506
0.7411699958719216