0.0638080883399063
0.3480460024932214
0.05894598745479848
0.44794169430483216
0.04922178568458285
0.5422094598171974
0.04111828420940316
0.6421051516288081
0.06218738804487039
0.7363729171411731
0.11567049778105634
0.8179778484802355
0.177257108992422
0.8925478719452408
0.25667142344918303
0.950234116512509
0.36687904351162687
0.9614899691110003
0.46898316209889107
0.940385245488829
0.5710872806861552
0.9150595771422235
0.6667085980932755
0.8756640930475037
0.7461229125500365
0.8193848300550469
0.8028474228762945
0.7476287697396645
0.8466063308422649
0.6589889305265452
0.8887445385131993
0.5717560728882372
0.9179171438238461
0.48170925210030624
0.09622209424062508
0.2650340895793476
0.14970520397681109
0.249557292256422
0.20805041459810486
0.2453363475319878
0.2680163255144346
0.25518521855566767
0.32149943525062064
0.28191786847708467
0.5273283727201848
0.2776969237526504
0.6051219868819099
0.27066201587859334
0.6845363013386708
0.2959876842251989
0.7493643131401084
0.3410110946191643
0.786640419925935
0.38322054186350685
0.11567049778105634
0.33679014989473
0.16105010604206263
0.32131335257180443
0.21291251548321266
0.32694127887105007
0.26315422462932675
0.34523203934359853
0.2939475302350096
0.380406578713884
0.284223328464794
0.41558111808416953
0.24532652138393146
0.44372074958039787
0.19508481223781737
0.4493486758796436
0.14484310309170326
0.433871878556718
0.13673960161652354
0.38603450501312975
0.5208455715400411
0.3733716708398269
0.5548802777357957
0.353673928792467
0.6164668889471614
0.363522799816147
0.6667085980932755
0.38744148658794114
0.7056054051741381
0.4254299891078495
0.7039847048791021
0.4676394363521921
0.655363696028024
0.48733717839955193
0.5986391857017661
0.4887441599743633
0.5402939750804724
0.477488307375872
0.522466271835077
0.43105791540709515
0.22263671725342835
0.3733716708398269
0.5970184854067302
0.41980206280860377
0.2615335243342909
0.5014069941476661
0.23560231961371583
0.6575819489517337
0.2761198269896143
0.6491400595028651
0.3393271384960159
0.6575819489517337
0.39443094852723787
0.6730587462746593
0.44143125708328007
0.6969774330464534
0.4155000523627051
0.7377798987159845
0.37822394557687844
0.7771753828107043
0.31987873495558466
0.7884312354091958
0.27125772610450655
0.7574776407633445
0.2469472216789674
0.7096402672197563