0.012288447685342346
0.24075741238818066
0.006637233420466359
0.3546046883579155
0.006637233420466359
0.47531023396438127
0.03300956665655438
0.5850425481520775
0.06691685224581041
0.6934032084124274
0.10082413783506644
0.7990205608180849
0.14603385195407448
0.8991512975143576
0.23080206592721456
0.9691056478090141
0.3815011129905747
0.9636190320996292
0.5208977315241828
0.9210977603518968
0.632038278733411
0.8607449875486641
0.748830040207515
0.8017638686727774
0.8486681588869912
0.7180929791046591
0.9164827300655033
0.6124756266990015
0.9635761822728034
0.49862835072926665
0.9918322535971834
0.3834094208321857
0.9974834678620594
0.2681904909351047
0.012288447685342346
0.15982983067475473
0.0706843284223944
0.15434321496536993
0.12342899489457049
0.15022825318333133
0.17617366136674653
0.15434321496536993
0.21196468504429455
0.17628967780290916
0.44366446990421077
0.1529715610380237
0.5378513743188109
0.1406266756919079
0.637689492998287
0.13376840605517687
0.7412950878543472
0.1378833678372155
0.8204120875626111
0.15845817674740853
0.0650331141575184
0.23938575846083443
0.10270787592335845
0.2242975652600262
0.1479175900423665
0.21743929562329523
0.19501104224966653
0.22155425740533385
0.2270345897506306
0.23664245060614203
0.22138337548575457
0.2627038752257199
0.19689478033795854
0.2873936459179516
0.1516850662189505
0.290136953772644
0.10647535209994247
0.2873936459179516
0.07633554268727043
0.2695621448624509
0.5020603506412629
0.22292591133268005
0.5529212790251469
0.20509441027717942
0.6150846359387829
0.2037227563498332
0.6734805166758351
0.2119526799139104
0.7281089212363031
0.22704087311471863
0.7375276116777632
0.2627038752257199
0.684782945205587
0.2777920684265281
0.620735850203659
0.2791637223538743
0.5585724932900229
0.2723054527171433
0.5058278268178469
0.2558456055889889
0.1516850662189505
0.25035898987960403
0.6113171597621989
0.23664245060614203
0.11212656636481846
0.4684519643276502
0.16675497092528652
0.6687134377201958
0.19312730416137452
0.6563685523740799
0.2552906610750106
0.6591118602287723
0.31557027990035463
0.663226822010811
0.3683149463725307
0.6755717073569267
0.37396616063740673
0.6988898241218122
0.31557027990035463
0.6961465162671199
0.2552906610750106
0.6988898241218122
0.19312730416137452
0.7016331319765047
0.16675497092528652
0.6714567455748882