0.0836171038030191
0.1855547005832872
0.06606129558374269
0.2998984536149715
0.05508891544669492
0.41770716885973724
0.0528944394192854
0.535515884104503
0.08581157983042867
0.6446621938165653
0.15822928873494382
0.7364836924632209
0.25478623394096406
0.8231077477902545
0.3491487031195748
0.8993369164780441
0.47423383668191926
0.942648944141561
0.6234582065457688
0.9461139063546423
0.76390467229998
0.9235916519696136
0.8626560935334098
0.847362483281824
0.9284903743556963
0.7434136168893837
0.978963322986116
0.6342673071773214
1.0118804633972593
0.5233885163587183
1.0404086517535835
0.4107772444335745
1.0447976038084026
0.2998984536149715
0.26795309010542145
0.15956748398517712
0.3250094668180697
0.17169485173096183
0.38864927161294677
0.1734273328375025
0.44570564832559506
0.16476492730479908
0.5071509770930626
0.16129996509171773
0.7836549565466661
0.234064171566426
0.823155525040038
0.22540176603372267
0.8692395216156386
0.2219368038206413
0.9131290421638294
0.22020432271410062
0.9526296106572014
0.22020432271410062
0.294286802434336
0.22886672824680396
0.3381763229825271
0.25138898263183274
0.3930382236677658
0.26351635037761745
0.44570564832559506
0.2583189070579954
0.4895951688737861
0.23926161488604805
0.4895951688737861
0.23926161488604805
0.44570564832559506
0.2583189070579954
0.3930382236677658
0.26351635037761745
0.3381763229825271
0.25138898263183274
0.294286802434336
0.22886672824680396
0.7858494325740755
0.2704462748037801
0.8143776209303997
0.28603860476264614
0.8451002853141334
0.29816597250843085
0.8889898058623245
0.2998984536149715
0.9219069462734677
0.28430612365610547
0.9219069462734677
0.28430612365610547
0.8889898058623245
0.2998984536149715
0.8451002853141334
0.29816597250843085
0.8143776209303997
0.28603860476264614
0.7858494325740755
0.2704462748037801
0.392160433256802
0.24827051664005947
0.8512448181908802
0.2877710858691868
0.7090427716147413
0.5511082140633691
0.46945337926659764
0.68111793532371
0.5349943790146906
0.6767071489881658
0.6019837986467194
0.6767071489881658
0.6675247983948123
0.6796476732118619
0.7287205384910981
0.6976583840820015
0.7254615937522425
0.7329446747663564
0.6624553288010371
0.7428689440213312
0.5961901191109762
0.7377230266298628
0.5292006994789474
0.7336798058222804
0.46691864446971004
0.7226528399834196