-0.004692234111596715
0.4016441244538979
-0.016221723642948646
0.49334432448764737
-0.020064886820065964
0.5939187374278887
-0.012378560465831327
0.6900560439148841
0.027974652893900484
0.7714029955577262
0.11444582437904012
0.8216902020278469
0.216289648572649
0.8734564439823829
0.31813347276625786
0.9163484730304269
0.4122909706056321
0.9695937504693781
0.5237427027420344
0.9858631407979466
0.6140570374042913
0.9326178633589953
0.6966850457123136
0.8601451246226451
0.7716267276661013
0.7935885278239558
0.8139015226143916
0.7063254342434525
0.8465684096198889
0.6205413761473643
0.8888432045681794
0.539194424504522
0.9080590204537661
0.45045229543960336
0.07024944784219093
0.3336084921707935
0.14903429297309598
0.326213314748717
0.2393486276353529
0.32473427926430165
0.32966296229760983
0.3306504212019629
0.4142125521941908
0.3291713857175476
0.677469229826727
0.3410036695928701
0.7139792800093415
0.3439617405617007
0.7869993803745705
0.3469198115305314
0.8580978991512409
0.349877882499362
0.9042158572766487
0.3705843792811763
0.1394263850303027
0.4119973728448052
0.20668174062985573
0.3883328050941602
0.2758586778179674
0.37945859218766825
0.3469571965946378
0.3853747341253296
0.4007614810742802
0.41347640832922045
0.3988398994857215
0.45784747286167987
0.33542770706328584
0.48447011158115555
0.2681723514637328
0.49482335997206267
0.1989954142756211
0.48447011158115555
0.14326954820741997
0.45341036640843396
0.6236649453470846
0.4386200115642808
0.671704485061051
0.41347640832922045
0.7351166774834867
0.4046021954227286
0.7927641251402465
0.4090393018759745
0.8311957569114198
0.4415780825331114
0.823509430557185
0.4829910760967402
0.7850777987860118
0.5170088922382924
0.7235871879521348
0.519966963207123
0.6640181587068165
0.5096137148162158
0.6198217821699673
0.4755958986746636
0.26432918828661545
0.43418290511103486
0.7312735143063694
0.45784747286167987
0.6082922926386153
0.6234994471161949
0.4257420417255428
0.7773191374953876
0.46033051031959865
0.7802772084642181
0.502605305267889
0.7787981729798028
0.5448801002161796
0.7787981729798028
0.581390150398794
0.7773191374953876
0.581390150398794
0.7773191374953876
0.5448801002161796
0.7787981729798028
0.502605305267889
0.7787981729798028
0.46033051031959865
0.7802772084642181
0.4257420417255428
0.7773191374953876