0.08734813198303462
0.35036209799670665
0.10349140363818335
0.4501206931234184
0.11761676633643844
0.5498792882501301
0.1357779469484808
0.6481031357595077
0.1761361260863526
0.7340490023302132
0.24272712166384117
0.8169253736662506
0.3133539351551169
0.892128006915618
0.3940702934308606
0.9581221544609809
0.5171627398013696
0.9596569020783149
0.6281477324305171
0.9228229592622984
0.7290431802751969
0.8844542688289476
0.8178311743785148
0.8338075974569249
0.8763505341284289
0.7570702165902236
0.920744531180088
0.663450611932848
0.9489952565765983
0.5667615120408043
0.9631206192748534
0.46393342167942464
0.9570668924041728
0.36417482655271294
0.0833123140692474
0.2536729981046631
0.12770631112090639
0.24599926001799297
0.1761361260863526
0.23525602669665477
0.22658385000869244
0.23525602669665477
0.27501366497413865
0.23525602669665477
0.5474313741547735
0.21837380290598046
0.634201459301198
0.22604754099265065
0.7250073623614095
0.22604754099265065
0.8158132654216211
0.22297804575798255
0.880386352042216
0.24753400763532699
0.16402867234499108
0.3319451265886984
0.19026148878460775
0.29664593139001577
0.24474503062073474
0.29204168853801377
0.29922857245686174
0.30585441709401995
0.3375688426378399
0.33501462182336644
0.3375688426378399
0.37645280749138516
0.3012464814137553
0.40561301222073165
0.25079875749141556
0.4148214979247358
0.19026148878460775
0.4086825074553997
0.17008239921567186
0.3733833122567171
0.5252343756289439
0.3196671456500262
0.5837537353788581
0.2812984552166755
0.6624521846977083
0.2782289599820075
0.7391327250596648
0.2905069409206797
0.8037058116802597
0.3150629027980241
0.8077416295940468
0.36877906940471505
0.7451864519303454
0.39793927413406155
0.6644700936546019
0.40561301222073165
0.5857716443357517
0.4010087693687296
0.5292701935427312
0.367244321787381
0.25079875749141556
0.35496634084870876
0.6725417294821762
0.34268835991003654
0.2851032097586066
0.5115105978167794
0.3373461768219068
0.7114989198969194
0.36525594518776955
0.7047174769366062
0.3956022806331917
0.7074300541207316
0.4257271099804721
0.7125839507705695
0.45275085395376785
0.7239767749438956
0.457402482014745
0.7426935575143598
0.4303787380414492
0.750560031348323
0.39737432941832584
0.7492037427562604
0.36724950007104545
0.7445923615432475
0.34288382927545097
0.7313007333410338