0.07895275046805786
0.3858004894898306
0.08386520065037398
0.48446885047736293
0.10351500137963845
0.5776556358544767
0.13298970247353517
0.665360845621172
0.16737685374974795
0.747584479777449
0.20667645520827693
0.8279809220635864
0.2558009570314381
0.9065501724795842
0.34176883522197016
0.9595387367136294
0.47194876505334715
0.9631931204539084
0.5898475694289339
0.9449212017525135
0.6782716727106239
0.8992414049990264
0.7519584254453658
0.8279809220635864
0.8231889530889496
0.7640292066087043
0.8919632556413751
0.6945959155434039
0.9361753072822201
0.6105450895169874
0.9558251080114846
0.5173583041398736
0.9607375581938007
0.42234432689262025
0.07895275046805786
0.3017496634634142
0.13298970247353517
0.3090584309439721
0.1919391046613285
0.3218487740349485
0.2558009570314381
0.32915754151550647
0.31475035921923145
0.330984733385646
0.5112483665118761
0.32367596590508807
0.5947600196112501
0.327330349645367
0.6807278978017821
0.32915754151550647
0.761783325809998
0.320021582164809
0.8330138534535817
0.3090584309439721
0.13790215265585123
0.3858004894898306
0.16983307884090598
0.3748373382689936
0.2189575806640672
0.3748373382689936
0.26562585739607025
0.3748373382689936
0.3049254588545992
0.3821461057495516
0.2926443333988089
0.4058996000613649
0.26562585739607025
0.42782590250303876
0.22141380575522523
0.4369618618537362
0.1772017541143802
0.42782590250303876
0.1428146028381674
0.41320836754192286
0.5628290934261954
0.38397329761969107
0.6021286948847243
0.3693557626585751
0.6561656468902016
0.3693557626585751
0.7102025988956787
0.37301014639885416
0.7568708756276818
0.3858004894898306
0.7519584254453658
0.41320836754192286
0.7126588239868369
0.4296530943731782
0.6586218719813595
0.43330747811345727
0.6045849199758824
0.42782590250303876
0.5677415436085114
0.40955398380164393
0.21650135557290917
0.40041802445094643
0.6561656468902016
0.40224521632108595
0.2705383075783864
0.6160266651274059
0.2459760566668059
0.7378325352887121
0.31720658431038945
0.7707219889512228
0.40808691268323766
0.7889939076526178
0.5038796912384019
0.7816851401720597
0.5775664439731437
0.7506228783796886
0.5775664439731437
0.7567204391281465
0.5038796912384019
0.7877827009205176
0.40808691268323766
0.7950914684010757
0.31720658431038945
0.7768195496996807
0.2459760566668059
0.74393009603717