0.2569694253727033
0.30588258471695134
0.20514244123845107
0.38938969841478527
0.15510259448813862
0.4728968121126192
0.13008267111298238
0.5769144449643072
0.1050627477378262
0.6809320778159951
0.0621714505232727
0.7790895623380105
0.03000297761235754
0.8757820097776077
0.11578557204146456
0.9387786043215878
0.24624660106906485
0.9592891234754417
0.37670763009666514
0.9695443830523686
0.5000201095885065
0.9578240863930235
0.6126097647767095
0.9299883818270788
0.7341351068846111
0.8728519356127714
0.8324276630012962
0.8245057118929728
0.9039131583588855
0.7527188948544841
0.93965590603768
0.6560264474148867
0.9986314397076911
0.5695892595522165
0.2659051122924019
0.24728110142022577
0.2998607225872567
0.2546062868323164
0.3516877067215089
0.26632658349166155
0.391004729168183
0.2912322138927699
0.4321088889987968
0.3088126588817876
0.5661441927942765
0.3571588826015862
0.6304811386161068
0.3791344388378583
0.7073280461255153
0.4040400692389666
0.7877492284028031
0.4201554771455662
0.8395762125370553
0.45824644128843783
0.2998607225872567
0.32934627546712114
0.31415782165877454
0.33081131254953927
0.33739060764999107
0.34253160920888437
0.3624105310251473
0.34839175753855695
0.3731333553287857
0.35864701711548397
0.3731333553287857
0.3615539938488407
0.3624105310251473
0.35129873427191366
0.33739060764999107
0.3454385859422411
0.31415782165877454
0.333718289282896
0.2998607225872567
0.33225325220047786
0.5858027040176136
0.4260387229067184
0.6179711769285287
0.443619167895736
0.655501061991263
0.46119961288475375
0.6930309470539974
0.47878005787377137
0.721625145197033
0.48903531745069834
0.721625145197033
0.49194229418405505
0.6930309470539974
0.4816870346071281
0.655501061991263
0.46410658961811047
0.6179711769285287
0.44652614462909274
0.5858027040176136
0.4289456996400751
0.33739060764999107
0.3433990827425955
0.6547862070376871
0.461188064169014
0.23373663938148673
0.5388234808214355
0.20156816647057163
0.6853271890632496
0.1890582047829935
0.6853271890632496
0.2140781281581497
0.701442596969849
0.23909805153330593
0.7131628936291942
0.258756562756643
0.7278132644533755
0.25518228798876347
0.7380685240303025
0.2301623646136073
0.7278132644533755
0.20692957862239078
0.7131628936291942
0.1801225178632949
0.7029076340522671
0.16582541879177704
0.6867922261456677