0.1811152126874762
0.3274317782945195
0.13477582493680665
0.3957582860075098
0.1025397291102538
0.4675887171929611
0.0823921692186584
0.544675033587104
0.08440692520781794
0.6287691969261691
0.10858399707773247
0.7076074750565423
0.14887911686092348
0.7794379062419936
0.19924801658991212
0.8425085287462923
0.2637202082430176
0.898571304305669
0.346325203798559
0.9230987686128962
0.43900397929989826
0.9213468068766658
0.5256384868337588
0.9020752277781301
0.6062287264001406
0.8740438399984417
0.6747304300315653
0.8302447965926788
0.7311435977280326
0.770678097560841
0.7855420094353404
0.7058555133203118
0.8338961531751695
0.6427848908160131
0.30603008401536813
0.285384696624987
0.3684875196793141
0.2994003905148312
0.4349744673215792
0.3256798165582889
0.48332861106140823
0.35896708954666884
0.5115351949096419
0.40627005642489294
0.6304057982700552
0.4745965641378831
0.684804209977363
0.460580870248039
0.7432321336629898
0.4675887171929611
0.791586277402819
0.49562010497264947
0.8218076172402122
0.5201475692798767
0.28185301214545355
0.35195924260174677
0.324162887917804
0.3642229747553604
0.37251703165763317
0.37648670690897407
0.41281215144082406
0.39926220947997076
0.43698922331073864
0.43430144420458117
0.4148269074299837
0.46233283198426955
0.364458007700995
0.4675887171929611
0.32013337593948493
0.45357302330311694
0.28588252412377263
0.42378967378719806
0.2657349642321772
0.3852465155901267
0.5941401904651833
0.5166436458074156
0.6404795782158529
0.5236514927523377
0.6787599420098843
0.548178957059565
0.7150255498147561
0.5727064213667923
0.7492764016304685
0.6007378091464807
0.7351731097063516
0.6287691969261691
0.6827894539882035
0.6217613499812468
0.6364500662375339
0.6059936943551721
0.5981697024435024
0.5779623065754839
0.5820516545302261
0.5411711101146429
0.3443104478093995
0.416781826842276
0.6525681141508102
0.5692024978943313
0.4510925152348555
0.6620564699145487
0.2717792321996558
0.6776452280393888
0.3120743519828468
0.7056766158190769
0.364458007700995
0.7337080035987653
0.4269154433649409
0.7582354679059926
0.48534336705056785
0.7792590087407588
0.48534336705056785
0.7846937914506852
0.4269154433649409
0.763670250615919
0.364458007700995
0.7391427863086917
0.3120743519828468
0.7111113985290033
0.2717792321996558
0.6830800107493151