-0.0036750337538160476
0.35176646381153576
-0.0036750337538160476
0.441153525302417
-0.011490295407500765
0.5439486460169306
-0.013444110820921945
0.6452539823732627
0.043216536168292345
0.7167636315659679
0.13113822977224554
0.7778447902514034
0.22492136961646234
0.8419055176532017
0.3304274019412061
0.894047970189549
0.4437486959196348
0.9342721478604457
0.5512085436577998
0.9730065411731609
0.6469454989154378
0.9223538729949948
0.7250981154522851
0.8523340081604711
0.787620208681763
0.7689060841023152
0.8462346710843984
0.6899475131187034
0.8911724255930855
0.6005604516278221
0.9185258413809821
0.5067040370623968
0.9341563646883516
0.41880675992969674
0.12136915270513965
0.3219707766479086
0.21124466172251408
0.3040933643497324
0.31479687863383676
0.3040933643497324
0.41834909554515937
0.30558314870791364
0.5043169737356914
0.3219707766479086
0.7075137767314944
0.3294196984388154
0.7641744237207088
0.3264401297224527
0.820835070709923
0.327929914080634
0.8774957176991374
0.3323992671551781
0.9146182105541399
0.34729711073699165
0.20538321548225047
0.3800723666169815
0.2718129395385707
0.3621949543188053
0.34019647900831207
0.35623581688607975
0.4124876493048959
0.36070516996062385
0.46719448088068893
0.3830519353333442
0.4574254038135831
0.41284762249697127
0.39685712599752637
0.4396637409442357
0.3323812173546274
0.4426433096605984
0.263997677884886
0.4322148191533289
0.20538321548225047
0.40986805378060853
0.6645298376362284
0.3964599945569764
0.713375222971758
0.3800723666169815
0.7680820545475512
0.3770927979006188
0.820835070709923
0.3875212884078882
0.8677266406320313
0.3994395632733391
0.8501423019112407
0.42625568172060346
0.809112178229396
0.4486024470933238
0.7622206083072876
0.4590309376005933
0.713375222971758
0.4426433096605984
0.6762527301167556
0.41731697557151537
0.32261214028752144
0.40092934763152044
0.7544053466536028
0.41880675992969674
0.6567145759825438
0.5975808829114594
0.424210541785423
0.7242125533568745
0.48282500418805846
0.7271921220732372
0.5414394665906939
0.7271921220732372
0.6000539289933293
0.7212329846405119
0.6313149756080684
0.7376206125805067
0.6117768214738565
0.7703958684604966
0.58442340568596
0.806150693056849
0.5375318357638516
0.8091302617732118
0.4847788196014796
0.7897630651168542
0.445702511333056
0.7584775935950457