0.07701741533958359
0.34704777724613284
0.07281702286286267
0.4426429153031466
0.06651643414778126
0.5417142401985972
0.06861663038614173
0.6407855650940477
0.09801937772318821
0.725952142635751
0.16312546111236245
0.7937377859852699
0.24293291817005988
0.8563091490771333
0.3248405714661179
0.9067138582344679
0.42564999090741995
0.9379995397803996
0.5327599990638034
0.9605947542302393
0.6398700072201868
0.9466900068764919
0.7322786417080471
0.8997614845575942
0.7973847250972215
0.8319758412080753
0.8393886498644305
0.7450711702471536
0.8666912009631166
0.6546903124477952
0.8939937520618026
0.5643094546484368
0.8981941445385234
0.4913095310412627
0.27653605798382724
0.3244525627962932
0.36474429999496666
0.3105478154425457
0.4613533269595478
0.3192382825386379
0.5579623539241291
0.3192382825386379
0.6461705959352683
0.3053335351848905
0.7343788379464077
0.3453096838269144
0.7805831551903377
0.38180964563050146
0.845689238579512
0.38702392588815676
0.9107953219686862
0.3905001127265937
0.9338974805906514
0.432214354787836
0.3143395902743156
0.3731191785344093
0.37524528118676886
0.38180964563050146
0.4403513645759432
0.3835477390497199
0.5012570554883966
0.38180964563050146
0.5516617652090476
0.39919057982268574
0.5453611764939662
0.41135723375721484
0.4928562705349547
0.4374286350454913
0.4298503833841409
0.43569054162627285
0.37104488871004804
0.420047700853307
0.316439786512676
0.39397629956503055
0.7049760906093611
0.4287381679493991
0.7574809965683728
0.4270000745301807
0.79108413638214
0.44090482188392816
0.8309878649109886
0.4565476626568941
0.8687913972014771
0.47740478368751516
0.8645910047247561
0.4930476244604811
0.8204868837191865
0.5017380915565733
0.7763827627136167
0.496523811298918
0.7427796228998494
0.480880970525952
0.7196774642778844
0.4548095692376757
0.4361509720992223
0.40440486008034104
0.79108413638214
0.468714316591423
0.7112766793244425
0.5816903888406211
0.5411607840172453
0.7189997689588772
0.5726637275926522
0.7103093018627851
0.612567456121501
0.7050950216051297
0.6482707921736287
0.7155235821204403
0.6692727545572333
0.7329045163126248
0.658771773365431
0.7520235439240274
0.6335694185051054
0.7728806649546486
0.5957658862146172
0.7728806649546486
0.5663631388775707
0.7572378241816827
0.5411607840172453
0.73811879657028