0.009157698675496706
0.46076788818957104
0.041442466887417234
0.5508564701067411
0.08269522626931569
0.639492010380086
0.14009036975717443
0.720862342434304
0.2136278973509934
0.792061382981745
0.2997206125827815
0.8545421736662341
0.3965749172185431
0.9083047144877711
0.4898420253863135
0.9417246722957535
0.5938707229580574
0.9518959638025308
0.7140418046357616
0.9359125057204521
0.794753725165563
0.8850560481865659
0.8557360651214128
0.8080448410638236
0.8898144315673289
0.7179562591466535
0.9346543874172186
0.6278676772294833
0.9346543874172186
0.5334199703808372
0.9310671909492274
0.43897226353219115
0.9167184050772628
0.3619610564094489
0.06475924392935983
0.3852097227106542
0.10421840507726271
0.357601931477973
0.15802635209713023
0.3387123901082437
0.2261830849889625
0.32854109860146646
0.29075262141280356
0.3314471818891171
0.5185395971302429
0.2776846410675801
0.574141142384106
0.23990555832812166
0.6458850717439294
0.2181099336707418
0.7212161975717439
0.2181099336707418
0.7821985375275938
0.23990555832812166
0.17416873620309054
0.465127013121047
0.2118342991169978
0.45204963832661904
0.25488065673289184
0.44042530517601647
0.2943398178807947
0.4244418470939379
0.3284181843267109
0.42880097202541384
0.3284181843267109
0.43897226353219115
0.3068950055187638
0.4665800547648723
0.26384864790286977
0.47965742955930024
0.21721509381898457
0.4825635128469509
0.17237513796909493
0.48111047120312556
0.6064259105960265
0.36777322298475024
0.6494722682119205
0.35614888983414766
0.7032802152317881
0.34888368161502104
0.7535009657836644
0.3416184733958944
0.8019281181015453
0.3387123901082437
0.7983409216335541
0.3619610564094489
0.7624689569536424
0.38811580599830475
0.7176290011037528
0.4011931807927327
0.6638210540838853
0.402646222436558
0.6189810982339956
0.39102188928595544
0.24770626379690952
0.46076788818957104
0.699693018763797
0.3721323479162262
0.5382691777041942
0.617696385722706
0.45217646247240617
0.7569299097759876
0.5257139900662252
0.7569299097759876
0.5902835264900662
0.7453055766253849
0.6512658664459161
0.7264160352556558
0.7032802152317881
0.7046204105982758
0.7032802152317881
0.7077849676398762
0.6512658664459161
0.7295805922972561
0.5902835264900662
0.7484701336669852
0.5257139900662252
0.760094466817588
0.45217646247240617
0.760094466817588