0.06373038145386624
0.15951794180525658
0.04526898269819111
0.27206221983971585
0.03519912883145922
0.38745572010289564
0.02512927496472733
0.5042738314804356
0.04526898269819111
0.6182427206292552
0.07547854429838678
0.727937776434994
0.1308627405654121
0.8319343877832919
0.203030026610324
0.9117126101874656
0.32386827301110654
0.9359309991315897
0.45141975532304385
0.9145618324161859
0.5638664568348832
0.8746727212140991
0.664564995502202
0.8219621099827701
0.755193680302789
0.7521561653791181
0.8290392753254896
0.6652548874031432
0.897849943414824
0.5655321093979262
0.9515558307040608
0.46296010916398855
0.9750521563931018
0.35468966447261
0.09561825203185055
0.1253272750606107
0.16946384705455103
0.0939858305446853
0.26344914981071527
0.10680733057392751
0.34904290767793633
0.14099799731857338
0.3910006321226525
0.2093793308078651
0.5051256426122804
0.24499460866687123
0.5991109453684448
0.19798244189298314
0.71659257381365
0.19940705300734338
0.8307175843032781
0.23502233086634947
0.897849943414824
0.307677497698722
0.1543590662544532
0.1666409973770578
0.2047083355881126
0.15381949734781558
0.25841422287734933
0.15524410846217584
0.3070851832332201
0.17233944183449879
0.34400798074457034
0.2036808863504241
0.34736459870014763
0.2307484975232688
0.2953370203886996
0.2293238864089085
0.24163113309946285
0.22220083083710732
0.19463848172138076
0.2065301085791446
0.14596752136550994
0.18516094186374094
0.607502490257388
0.2492684420099519
0.664564995502202
0.2492684420099519
0.7233058097248046
0.2521176642386724
0.7770116970140414
0.27063760872535564
0.8206477304365462
0.30055444212692073
0.8206477304365462
0.3290466644141256
0.7652635341695209
0.3247728310710449
0.7065227199469183
0.31764977549924367
0.6544951416354702
0.2991298310125605
0.6058241812795994
0.27633605318279664
0.2617708408329266
0.1908593863211819
0.71659257381365
0.2820344976402376
0.2819105485663904
0.5341906648820008
0.17282046501012832
0.6310064661538612
0.2466660600328288
0.6538002439836251
0.32386827301110654
0.6822924662708298
0.40778372190053896
0.6908401329569914
0.488342552834394
0.6922647440713516
0.488342552834394
0.6951717208047083
0.40778372190053896
0.6937471096903481
0.32386827301110654
0.6851994430041866
0.2466660600328288
0.6567072207169818
0.17282046501012832
0.633913442887218