0.03154820867425558
0.3541087079361476
0.0429681387563415
0.4499392668093672
0.05438806883842742
0.5457698256825868
0.0715179639615563
0.6416003845558065
0.09816446748642338
0.734570329731318
0.13623090109337643
0.8189584338137055
0.2218803767090207
0.8747404009190124
0.313239817365708
0.9248011406289033
0.41792250978482876
0.9648497323968158
0.5378317756467308
0.9677103460945239
0.6310945379837657
0.913358685838071
0.7072274051976718
0.8404130365465158
0.7776503073705349
0.7646067735572526
0.8290399927399215
0.6802186694748651
0.8899462865110463
0.6001214859390397
0.9337226851590422
0.5128727681589443
0.9413359718804328
0.4199028229834327
0.1171976842898999
0.2725812175514682
0.21997705502867304
0.2740115244003223
0.3208531040870986
0.2682902970049062
0.41792250978482876
0.28259336549344644
0.509281950441516
0.29403582028427866
0.7053240835173241
0.3069085819239648
0.7662303772884489
0.3011873545285487
0.8309433144202691
0.30547827507511083
0.8956562515520892
0.3083388887728189
0.9413359718804328
0.33122379835448323
0.16668404797893882
0.33837533259875335
0.2390102718321496
0.3412359462964614
0.3227564257674462
0.33408441205219125
0.3969859713010046
0.35267840108729365
0.4616989084328248
0.3855754586109362
0.4636022301131724
0.4313452777742649
0.3855660412189187
0.4413574257162431
0.30752985232466495
0.4485089599605132
0.23139698511075896
0.437066505169681
0.18571726478241535
0.38843607230864424
0.6672576499103711
0.3955876065529143
0.71674401359941
0.37556331066895793
0.7738436640098395
0.38128453806437407
0.8347499577809643
0.3898663791574982
0.8766230347486128
0.4127512887391626
0.8613964613058316
0.44707865311165923
0.8176200626578356
0.47425448323988567
0.7586170905670583
0.48140601748415573
0.6977107967959335
0.4699635626933235
0.6767742583121094
0.43277558462311894
0.29039995720153616
0.3941572997040603
0.7510038038456677
0.42848466407655683
0.6482244331068946
0.5915396448459156
0.4445690133096959
0.7702300347301444
0.48263544691664895
0.7616481936370203
0.5264118455646449
0.7616481936370203
0.5701882442126408
0.7616481936370203
0.6101579994999415
0.7587875799393121
0.6101579994999415
0.7617461598595444
0.5701882442126408
0.7646067735572526
0.5264118455646449
0.7646067735572526
0.48263544691664895
0.7646067735572526
0.4445690133096959
0.7731886146503767