0.14784902265135025
0.3204036641199858
0.10816776638986261
0.38379060948230576
0.07389759052766871
0.4612635427029191
0.05225326893049363
0.540497224405819
0.048645881997631105
0.6267739000378659
0.07029020359480619
0.7060075817407658
0.10095299252413754
0.7817197664790925
0.14243794225205655
0.8521497057705593
0.201959826644288
0.9102544056860192
0.2795186457008321
0.9419478783671792
0.36609593208953245
0.9472301238140393
0.4526732184782329
0.9313833874734592
0.5320357310012083
0.9032114117568726
0.6005760827255959
0.8486282088059859
0.66370535405069
0.7905235088905258
0.7142087711107652
0.7271365635282058
0.7665158816372717
0.6655103666481725
0.2939481934322821
0.2147587551827857
0.35888115822380745
0.23764848545251235
0.4238141230153327
0.2622989642045257
0.4941581682061519
0.2816671975096791
0.5446615852662271
0.2939924368856857
0.6853496756478652
0.4418953093977658
0.726834625375784
0.4700672851143525
0.7647121881708404
0.5035215062777991
0.8025897509658968
0.540497224405819
0.8098045248316219
0.5686692001224058
0.31919990196231973
0.3010354308148324
0.36970331902239495
0.2975139338502591
0.41659934914960767
0.3327289034959924
0.4652990727432516
0.3697046216240124
0.4761212335418392
0.4119625851988924
0.4310288968810578
0.44365605788005247
0.3751143994216888
0.4612635427029191
0.3228072888951823
0.44365605788005247
0.29214449996585085
0.3925943518937391
0.29214449996585085
0.3327289034959924
0.5987723892591647
0.5528224637818258
0.6384536455206524
0.5352149789589591
0.6763312083157088
0.5528224637818258
0.7087976907114715
0.5721906970869792
0.7286383188422153
0.6074056667327125
0.6925644495135901
0.6267739000378659
0.6492758063192399
0.6426206363784458
0.6041834696584585
0.6373383909315857
0.5735206807291271
0.6144486606618592
0.5807354545948522
0.5739514455692658
0.36068485169023873
0.3855513579645924
0.6276314847220649
0.593319678874419
0.5320357310012083
0.6725533605773192
0.34084422355949484
0.7341795574573524
0.3462553039587886
0.7553085392447926
0.36248854515667
0.7729160240676591
0.38232917328741384
0.7817197664790925
0.4003661079517264
0.7711552755853724
0.4003661079517264
0.7711552755853724
0.38232917328741384
0.7817197664790925
0.36248854515667
0.7729160240676591
0.3462553039587886
0.7553085392447926
0.34084422355949484
0.7341795574573524