0.04102281119600434
0.265820461169099
0.03691439811658386
0.38379060948230576
0.030751778497453194
0.5017607577955124
0.04923963735484524
0.6091664152149991
0.13551631202267503
0.6795963545064657
0.20535933437282283
0.7693945271030859
0.28547338942152184
0.8486282088059859
0.38407530332761297
0.8979291663100125
0.5011650760910961
0.9349048844380325
0.6367427077119714
0.9384263814026059
0.757940893554875
0.9261011420265992
0.8236755028256024
0.8398244663945525
0.8442175682227047
0.7306580604927791
0.8688680466992276
0.6250131515555792
0.9263858298111141
0.5369757274412457
0.9407652755890856
0.4242878245748991
0.934602655969955
0.3133606701908391
0.24849767170673764
0.19891201884220572
0.34504537907311855
0.18834752794848575
0.43953887989978924
0.19715127035991903
0.5401950003455905
0.19715127035991903
0.6285258815531304
0.19186902491305902
0.7641035131740057
0.23060549152336576
0.8154586766667615
0.22532324607650572
0.8688680466992276
0.22884474304107907
0.9161147971125628
0.2200410006296457
0.9469278952082164
0.23764848545251235
0.3779126837084823
0.2746242035805324
0.42515943412181756
0.2675812096513857
0.4765145976145733
0.260538215722239
0.5299239676470393
0.25877746723995243
0.5607370657426929
0.2799064490273924
0.5566286526632724
0.3010354308148324
0.5196529349484883
0.3256859095668458
0.4703519779954426
0.3292074065314191
0.4210510210423971
0.3168821671554124
0.375858477168772
0.3027961792971191
0.7558866870151648
0.3010354308148324
0.7908081981902386
0.286949442956539
0.8339465355241537
0.2834279459919658
0.8770848728580685
0.2922316884033991
0.9037895578743014
0.3151214186731257
0.8976269382551708
0.3362504004605657
0.8688680466992276
0.3609008792125791
0.8257297093653128
0.36266162769486576
0.7866997851108184
0.3468148913542858
0.7558866870151648
0.3256859095668458
0.4580267387571813
0.2957531853679724
0.8175128832064718
0.3239251610845591
0.7599951000945853
0.5457794698526791
0.4970566630116756
0.6972038393293325
0.5668996853618234
0.6954430908470458
0.6326342946325508
0.6848785999533258
0.7004231104429886
0.6743141090596059
0.7353446216180625
0.6989645878116192
0.7353446216180625
0.7024860847761925
0.6922062842841475
0.7447440483510724
0.6244174684737099
0.7482655453156458
0.5566286526632724
0.7377010544219258
0.4929482499322552
0.7218543180813459