0.10390904257135676
0.34374324897423414
0.09203149079783074
0.4424317344821677
0.08460802093937697
0.5493442604490957
0.0994549606562845
0.6463879378652303
0.15438863760884233
0.7187594939043815
0.21971517236323543
0.7796173933009405
0.27910293123086555
0.833896060330304
0.3370059961268049
0.8980435759104607
0.42460294045655933
0.9227156972874441
0.5181386606730767
0.9095572325530529
0.5938580532293051
0.8750162626252762
0.6666080578421519
0.8306064441467061
0.7349039805399266
0.771393352841946
0.7972611273509381
0.7006666048945936
0.84031725252997
0.6134917760292524
0.8625876621053313
0.5164480986131178
0.8744652138788573
0.41446999692158654
0.12321006420333654
0.2220274501811162
0.1588427195239146
0.2187378339975184
0.1959600688161834
0.2187378339975184
0.2271386422216892
0.23189629873190953
0.252378439740432
0.24669957155809955
0.49586825109771543
0.24176514728270287
0.5315009064182935
0.23025149064011063
0.5804958074840884
0.23025149064011063
0.6280060145781924
0.23354110682370843
0.6695774457855335
0.2384755310991051
0.15141924966546083
0.3322295923316419
0.18705190498603888
0.3338744004234408
0.2211998663349262
0.3404536327906364
0.25980190959888577
0.34538805706603304
0.29098048300439155
0.3601913298922231
0.2894957890327008
0.3865082593610054
0.25683252165550424
0.39802191600359765
0.21971517236323543
0.39966672409539655
0.18408251704265738
0.3881530674528043
0.1588427195239146
0.3634809460758209
0.49289886315433395
0.3651257541676197
0.528531518474912
0.3651257541676197
0.5701029496822531
0.3684153703512175
0.6101896869179034
0.3749946027184131
0.6532458120969352
0.3848634512692065
0.6458223422384815
0.4095355726461899
0.6072202989745219
0.42269403738058103
0.5656488677671808
0.42269403738058103
0.5255621305315304
0.41446999692158654
0.4943835571260247
0.39144268363640206
0.20783762058970942
0.3634809460758209
0.5730723376256346
0.39473229981999985
0.32215905640989734
0.5871748465604701
0.29691925889115456
0.6809613711106083
0.33106722024004187
0.7023438763039939
0.378577427334146
0.7105679167629884
0.42757232839994086
0.7056334924875917
0.4661743716639004
0.6990542601203961
0.4661743716639004
0.7039562210781914
0.42757232839994086
0.710535453445387
0.378577427334146
0.7154698777207837
0.33106722024004187
0.7072458372617892
0.29691925889115456
0.6858633320684037