0.08298309861336675
0.3567374872718171
0.0901156569969556
0.45057025665119205
0.09962573484174068
0.5460786111980558
0.11864589053131092
0.6399113805774307
0.14242108514327367
0.7320685647893168
0.1757063576000215
0.8208745786662252
0.20661411059557303
0.9113561777106225
0.292204811198639
0.9549213920653323
0.4229683815644341
0.9482190513953769
0.5442218740854442
0.9197341035480666
0.6702304055288468
0.8946003260357341
0.7772187812826792
0.8527106968485132
0.869942040269334
0.7890384604839373
0.9127373905708668
0.7019080317745178
0.9270025073380445
0.6047240920601652
0.922247468415652
0.5075401523458126
0.9079823516484743
0.42711206430634835
0.06634046238499282
0.2528512068875092
0.1091358126865258
0.2528512068875092
0.14717612406566616
0.26122913272495335
0.1828389159836103
0.2729582288973752
0.20899163005676938
0.2880384954047748
0.37779551180170484
0.2813361547348194
0.4919164459391261
0.2763093992323529
0.6060373800765474
0.27128264372988636
0.7201583142139686
0.27463381406486403
0.8057490148170344
0.3081455174146408
0.0877381375357593
0.3232257839220403
0.12340092945370343
0.3198746135870627
0.1566862019104513
0.3249013690895292
0.19710403275078803
0.3249013690895292
0.2137466689791619
0.3433328059319064
0.20423659113437678
0.3617642427742836
0.1875939549060029
0.378520094449172
0.14717612406566616
0.378520094449172
0.12340092945370343
0.36679099827675016
0.10200325430293693
0.3483595614343729
0.43723349833161174
0.34165722076441757
0.48716140701673355
0.3349548800944622
0.5418443546242478
0.3399816355969287
0.5893947438481734
0.35506190210432825
0.6298125746885102
0.37014216861172783
0.6321900941497063
0.39695153129154925
0.5870172243869771
0.4137073829664376
0.5299567573182664
0.4137073829664376
0.4847838875555373
0.39695153129154925
0.45149861509878947
0.3718177537792167
0.14955364352686243
0.3433328059319064
0.5252017183958739
0.37014216861172783
0.059207904001404
0.5226204188532121
0.16857653199742256
0.7228625881423577
0.21301428367387384
0.7218416502030971
0.25789201308969595
0.7223521191727275
0.3032097202448889
0.7264358709297699
0.34456762774574456
0.7351138434134854
0.34324769452763215
0.7509383814720253
0.2996898983299224
0.7552773677138831
0.2548121689141003
0.7570640091075892
0.2090544840195366
0.7506831469872102
0.16989646521553498
0.7404737675946038