0.051242143597567985
0.6167532953134527
0.08194764366608097
0.6983989537667132
0.12224861250600433
0.775145872712778
0.18557870639731236
0.8404623994753864
0.266180644077159
0.8927156208854731
0.3563780505284159
0.9319055369430381
0.4542518319968012
0.9563992344790163
0.5578828947280325
0.969462539831538
0.665352144967828
0.9743612793387335
0.7613068326819312
0.9547663213099511
0.8419087703617778
0.9106776657451904
0.9109961455159321
0.8437282258135168
0.9512971143558553
0.7669813068674519
0.972407145652958
0.682069822076061
0.9704880518986759
0.5906266846084094
0.9455398330930092
0.5073481129860837
0.9167534267787781
0.43386702037814934
0.23355605025436393
0.46162654425225785
0.2700188315857231
0.4306011940400189
0.31991526919705676
0.4093733228421712
0.3736498943169545
0.3897783648133887
0.4331418006996985
0.3816137989680626
0.6615139574592639
0.33099349072704115
0.7056531138077513
0.3277276643889107
0.7497922701562387
0.32446183805078027
0.7958505202590084
0.32446183805078027
0.8323133015903674
0.33099349072704115
0.29304795663710786
0.581341980156255
0.32759164421418496
0.5633799352965377
0.36021623803698005
0.5470508036058856
0.39284083185977514
0.5307216719152336
0.421627238174006
0.519291279731777
0.421627238174006
0.5236772446767357
0.39284083185977514
0.5351076368601922
0.36021623803698005
0.5514367685508443
0.32759164421418496
0.5677659002414964
0.29304795663710786
0.5857279451012137
0.7210058638420078
0.47193679782888603
0.7478731764019567
0.4686709714907556
0.7747404889619055
0.46377223198356005
0.8035268952761365
0.46050640564542955
0.8303942078360854
0.455607666138234
0.8303942078360854
0.4599936310831927
0.8035268952761365
0.46489237059038824
0.7747404889619055
0.46815819692851873
0.7478731764019567
0.4730569364357143
0.7210058638420078
0.4763227627738447
0.35906478178441065
0.5505501166136171
0.7755081264636184
0.4662917970898524
0.7459540826476746
0.6069558162990615
0.7114103950705976
0.7653483936983867
0.7190867700877257
0.752285088345865
0.7306013326134182
0.7473863488386694
0.7421158951391105
0.7457534356696043
0.755549551419085
0.7604496541911911
0.7593877389276491
0.7686142200365172
0.7536304576648029
0.7833104385581041
0.7421158951391105
0.7931079175724953
0.724844051350572
0.7947408307415604
0.7114103950705976
0.7816775253890389