0.010095299252413772
0.43015119971226395
0.005895654763409683
0.5227414797374744
0.020594410474924083
0.6137073688850498
0.060491033120463285
0.691678131011543
0.11298658923301484
0.7631513296274951
0.16968178983457044
0.8330001373658118
0.24737521288114675
0.8963513815935875
0.3439670361282416
0.9450831079226457
0.4552576150868508
0.9726977528424455
0.5770473052679703
0.9726977528424455
0.6862380619820776
0.9450831079226457
0.7744305962511642
0.8947269907159523
0.8290259746082178
0.8183806194670943
0.8605233082757487
0.7306635120747896
0.8941204641877816
0.6461951864377554
0.9130188643883003
0.5552292972901799
0.9109190421437982
0.46426340814260464
0.1570828563675581
0.3732975189950294
0.25367467961465295
0.35867800109631187
0.35656596959525394
0.3732975189950294
0.46365690406485904
0.3879170368937468
0.5686480162899622
0.3797950825055704
0.69883699544909
0.42527802707935813
0.7534323738061435
0.39441460040428783
0.8185268633857075
0.3700487372397588
0.8920206419432796
0.36030239197394714
0.9235179756108105
0.3927902095266526
0.3103698802162086
0.45126828112152245
0.35866579183975594
0.4496438902438872
0.4069617034633034
0.44477071761098136
0.4552576150868508
0.4398975449780756
0.49515423773239003
0.44639510848861663
0.4825553042653777
0.46426340814260464
0.44895814835334463
0.48538048955186314
0.4069617034633034
0.4951268348176749
0.36076561408425806
0.4870048804294985
0.3208689914387189
0.47238536253078106
0.7177353956496084
0.45614145375442827
0.7429332625836333
0.4415219358557108
0.7828298852291724
0.4415219358557108
0.8227265078747117
0.44639510848861663
0.8521240192977404
0.4577658446320636
0.8437247303197322
0.4805073169189573
0.8227265078747117
0.4983756165729454
0.7828298852291724
0.5016243983282159
0.7450330848281354
0.4951268348176749
0.7156355734051064
0.4805073169189573
0.41536099244131164
0.4626390172649694
0.7765304184956662
0.46913658077551046
0.7492327293171395
0.691678131011543
0.4552576150868508
0.8364051105516243
0.5140526379329086
0.8152880291423658
0.5896462387349827
0.8185368108976362
0.6631400172925549
0.8266587652858126
0.7072362844270983
0.8120392473870951
0.7072362844270983
0.8167562285894591
0.6631400172925549
0.8313757464881766
0.5896462387349827
0.8232537921000002
0.5140526379329086
0.8200050103447297
0.4552576150868508
0.8411220917539882