-0.02568851204992831
0.430463234641326
0.004405878520191198
0.5142424930157679
0.03218531596953226
0.6047240920601652
0.07153951902276542
0.6901789356020959
0.12941334704222593
0.7706070236415601
0.20812175314869227
0.8409816006760913
0.3076647373421644
0.8946003260357341
0.41878248713952865
0.9348143700554662
0.541475002540785
0.9482190513953769
0.6687974241835981
0.95827256240031
0.7729703146186271
0.9281120293855109
0.849363767604315
0.8627642078534462
0.909552548744554
0.782336119813982
0.9442768455562303
0.6952056911045623
0.9604815174016792
0.5996973365576986
0.9604815174016792
0.5058645671783237
0.953536658039344
0.4153829681339264
0.14330306576689644
0.3868980202866162
0.20580680002791388
0.35506190210432825
0.2868301592551586
0.3282525394245069
0.36553856536162493
0.30646993224715197
0.46045164331354027
0.3081455174146408
0.6965768616329391
0.2947408360747301
0.7498207834108428
0.28971408057226355
0.8076946114303034
0.2880384954047748
0.8609385332082071
0.29641642124221895
0.9002927362614402
0.3198746135870627
0.23127128435647648
0.42040972363639295
0.2798852998928233
0.3885736054541051
0.349333893516176
0.37014216861172783
0.42109744026030704
0.3617642427742836
0.453506783951205
0.378520094449172
0.4511918308304265
0.4354899901437925
0.42572734650186383
0.4757040341635246
0.3539637997577328
0.48073078966599114
0.2798852998928233
0.4757040341635246
0.2220114718733628
0.46229935282361384
0.6896320022706041
0.39360036095657164
0.7313011584446154
0.3617642427742836
0.7961198458264113
0.3517107317693506
0.8632534863289856
0.3567374872718171
0.8910329237783265
0.37516892411419434
0.8933478768991051
0.42711206430634835
0.8632534863289856
0.4690016934935693
0.8007497520679683
0.47737961933101347
0.7382460178069508
0.46229935282361384
0.6919469553913823
0.43213881980881474
0.35627875287851124
0.42711206430634835
0.8007497520679683
0.41035621263146
0.7521357365316214
0.5427274408630781
0.5646245337485691
0.7370953202917833
0.6039787368018023
0.7169882982819172
0.6525927523381492
0.7069347872769842
0.7035217209952744
0.7019080317745178
0.7382460178069508
0.7153127131144283
0.7289862053238372
0.7421220757942498
0.7104665803576097
0.7739581939765379
0.657222658579706
0.7806605346464931
0.6086086430433592
0.7773093643115154
0.5646245337485691
0.7622290978041159