-0.04585250878447533
0.43128063948824996
-0.028678864123460105
0.527780166361481
0.020933887119472794
0.6198933511041104
0.08199573480308249
0.7090823077596724
0.14878213070703064
0.7792637818492949
0.251823998673122
0.8333620014600455
0.3624985975996646
0.8772254227660596
0.47508137926632005
0.9137782738544046
0.5972050746335394
0.9415584406815469
0.7345942319216613
0.932785756420344
0.8471770135883167
0.8947707912884652
0.8948815820911368
0.8041197205893694
0.9196879577126033
0.7017717375420034
0.9425861505939569
0.6008858685381709
0.9521270642945209
0.49268942931666965
0.9635761607351977
0.3844929900951683
0.9521270642945209
0.276296550873667
0.07463591079524681
0.3218228987081952
0.15312914859511967
0.28272918882229026
0.2512456958449608
0.2586715212001949
0.3650608906547764
0.2571679169738139
0.4592527760146239
0.24062827048362334
0.6927701584692457
0.2285994366725757
0.7379037702041727
0.2135633944087661
0.7928490366640837
0.20153456059771846
0.8517189650139884
0.19401653946581363
0.9086265624188962
0.1849949141075279
0.22320125757142997
0.36987184965983033
0.27090582607425007
0.3479401390068233
0.32815130827763417
0.3303947704844176
0.3911213387013567
0.320159972179681
0.455999551865192
0.320159972179681
0.455999551865192
0.320159972179681
0.3911213387013567
0.320159972179681
0.32815130827763417
0.3303947704844176
0.27090582607425007
0.3479401390068233
0.22320125757142997
0.36987184965983033
0.7078796735600821
0.29091769130900497
0.747951511102451
0.28360712109133596
0.7918397141250454
0.2821450070478022
0.8357279171476399
0.28799346322193736
0.8700752064696704
0.29384191939607257
0.8700752064696704
0.29384191939607257
0.8357279171476399
0.28799346322193736
0.7918397141250454
0.2821450070478022
0.747951511102451
0.28360712109133596
0.7078796735600821
0.29091769130900497
0.33387585649797263
0.3377053407020867
0.7906948044809777
0.2877010404132306
0.7174205872606461
0.5307043944485486
0.5082049305642642
0.7063890272317537
0.5720157226049
0.6924623909670943
0.6397969639280643
0.6810678703869184
0.7041940634279151
0.6723568343902706
0.7720080341910022
0.671505105312131
0.771153236240207
0.6981216390039916
0.7184406959411688
0.7287838858170148
0.651481523128877
0.741346889719573
0.5808182258631392
0.7387917024851544
0.5161385142529681
0.731977869860038