0.07565383334329588
0.34818144241516497
0.07973210625843889
0.4427099840686745
0.10420174374929722
0.5386707763532979
0.11439742603715489
0.6360638192690351
0.1205148354098694
0.7291601102914308
0.19392374788244435
0.8136628975271439
0.27956747910044843
0.8910044316072881
0.38152430197902465
0.956887960638522
0.5099898988060309
0.9626169631629772
0.6343772227178939
0.931107449278474
0.7526471372570424
0.8809786771894916
0.848486550762904
0.8236886519449403
0.9157780538627645
0.740618115340341
0.9871478298777678
0.656115328104628
1.0279305590291983
0.564451287713346
1.042204514232199
0.4641937435353813
1.025891422571627
0.3710974525129855
0.08584951563115348
0.28659466527727234
0.13274965415529857
0.26797540707279316
0.19188461142487284
0.2665431564416794
0.2530587051520186
0.2708399083350207
0.30607625304887826
0.2780011614905896
0.5161073081787454
0.23503364255717624
0.6078684487694641
0.22357563750826595
0.7037078622753258
0.22500788813937972
0.7975081393236159
0.23646589318829
0.8770344611689055
0.2522206501305416
0.12867138124015556
0.32956218421068584
0.15925842810372842
0.328129933579572
0.22451079474601726
0.328129933579572
0.2877240249307345
0.33672343736625465
0.33258502699730813
0.36250394872630276
0.324428481167022
0.3911489613485784
0.28976316138830605
0.4269552271264229
0.23062820411873178
0.432684229650878
0.17964979267944367
0.41406497144639887
0.15314101873101382
0.3782587056685544
0.5609683102453189
0.33672343736625465
0.6099075852270356
0.31667192853066173
0.6792382247844675
0.31094292600620665
0.7485688643418993
0.315239677899548
0.8117820945266166
0.3324266854729134
0.8117820945266166
0.3725297031440992
0.7546862737146138
0.3954457132419197
0.6873947706147535
0.40976821955305753
0.6180641310573216
0.41120047018417133
0.5752422654483196
0.37682645503744056
0.2204325218308742
0.3653684499885303
0.6833164976996104
0.3510459436773925
0.24286302286416095
0.5085935130999084
0.3101545259640213
0.7032679096619839
0.3611329374033095
0.7018356590308701
0.410072212385026
0.7004034083997565
0.45289407799402803
0.7075646615553254
0.4773637154848864
0.7161581653420079
0.4773637154848864
0.7191343558736343
0.45289407799402803
0.7105408520869517
0.410072212385026
0.7033795989313828
0.3611329374033095
0.7048118495624964
0.3101545259640213
0.7062441001936103