0.07628580266197517
0.41497264190066385
0.0621342334725073
0.5024765086995606
0.07156861293215253
0.5916313918531534
0.08100299239179776
0.6824372913614424
0.09751315644617695
0.7715921745150353
0.1659124075286049
0.8359818123481856
0.2626147969899685
0.8954184011172476
0.36875156591097735
0.9350427936299553
0.49375709375127663
0.9482509244675246
0.6234798113213986
0.9499019408222209
0.7343337699722302
0.9201836464376899
0.8192431851090372
0.8623980740233242
0.8734908670019973
0.7848003053526046
0.908869789975667
0.7022494876177964
0.9277385488949573
0.6147456208188997
0.9371729283546026
0.5239397213106107
0.939531523219514
0.43313382180232174
0.1729881921233388
0.36214011855038664
0.2626147969899685
0.33572385687524803
0.3616757813162434
0.3472809713581212
0.4701711451021636
0.35883808584099436
0.5668735345635273
0.33572385687524803
0.7060306315932944
0.3505830040675135
0.7720712878108111
0.35718706948629814
0.8333947542985052
0.3423279222940327
0.8923596259212878
0.33737487322994425
0.9183041694353121
0.3736972330332598
0.3215796686127512
0.4215767073194486
0.36639297104606605
0.4100195928365754
0.41356486834429224
0.40176451106309463
0.46781255023725227
0.4001134947083984
0.5055500680758332
0.4083685764818792
0.4984742834810993
0.4347848381570178
0.465453955372341
0.45129500170397946
0.4112062734793809
0.45624805076806796
0.3616757813162434
0.45459703441337185
0.31686247888292857
0.44634195263989096
0.7201822007827622
0.4215767073194486
0.7461267442967867
0.4100195928365754
0.7862228570002789
0.4133216255459678
0.8239603748388599
0.4182746746100563
0.8499049183528842
0.43313382180232174
0.8499049183528842
0.4529460180586756
0.8216017799739486
0.4694561816056373
0.7838642621353676
0.4694561816056373
0.748485339161698
0.4628521161868526
0.7225407956476736
0.4446909362851949
0.3852617299653565
0.42818077273823324
0.7697126929458997
0.436435854511714
0.7083892264582058
0.5965844409172419
0.49611568861618804
0.7451759128398966
0.5385703961845915
0.7270147329382389
0.5904594832126404
0.7171086348100618
0.6447071651056003
0.7270147329382389
0.6777274932143588
0.7484779455492889
0.6682931137547135
0.7798472562885161
0.6376313805108664
0.8079145343183508
0.5857422934828177
0.8161696160918317
0.5385703961845915
0.8013104688995663
0.4984742834810993
0.7765452235791237