0.11038357526524822
0.37798755510871923
0.15000796737202216
0.4700724121487607
0.19503568567517432
0.5652267644234703
0.24906894763895687
0.6557768738461779
0.3121077532633699
0.7371184975648811
0.3805498850841612
0.8138558784315825
0.45619645183345686
0.8890585116809498
0.5444507797076351
0.9504484163743108
0.6579206298315785
0.9489136687569769
0.7425727402415045
0.8859890164462817
0.8218215244550524
0.8107863831969144
0.8902636562758437
0.720236273774207
0.9262858309183654
0.6189429310301613
0.9262858309183654
0.5053716073474434
0.9028714174007262
0.3948697788993934
0.8632470252939525
0.2905069409206797
0.8092137633301697
0.19688733626330412
0.10498024906886995
0.32580613611936227
0.14280353244351776
0.30125017424201783
0.19323457694304824
0.2905069409206797
0.2436656214425786
0.2782289599820075
0.29769888340636125
0.2690204742780033
0.4796108653510959
0.20763056958464227
0.5372463447791307
0.18767885055929995
0.6002851504035438
0.1646576362992896
0.6633239560279568
0.14624066489128124
0.7317660878487481
0.1493101601259493
0.18062681581816561
0.3580358360833769
0.20224012060367866
0.3334798742060325
0.24186451271045253
0.3227366408846942
0.2832900135493525
0.3150629027980241
0.32831773185250474
0.31813239803269217
0.333721058048883
0.3457578551447046
0.30850553579911777
0.36877906940471505
0.26888114369234384
0.3871960408127233
0.22565453412131775
0.3964045265167275
0.18783125074666995
0.39026553604739145
0.5102297137972395
0.2659509790433353
0.542649670975509
0.2367907743139888
0.5912796067429134
0.22297804575798255
0.6399095425103177
0.21223481243664435
0.6939428044741002
0.21376956005397843
0.6975450219383524
0.2429297647833249
0.6651250647600828
0.2736247171300054
0.6200973464569307
0.29204168853801377
0.5660640844931482
0.29971542662468387
0.5174341487257438
0.2951111837726818
0.25447227383533516
0.35036209799670665
0.5930807154750395
0.2521382504873291
0.33552216678100905
0.5268580739901196
0.44841027948687506
0.7031184840701742
0.47875792650323856
0.6850227389076545
0.5153080123258662
0.6713813310159088
0.5534087078500599
0.6599670917595502
0.5904018250159921
0.6646998251097477
0.6005915459119974
0.6794548173191868
0.5635984287460651
0.6917042448138156
0.528155921281699
0.7061808409438314
0.49315644516063734
0.7209358331532707
0.45572029665140046
0.7178734762796135