0.11461130281700599
0.5660009657836644
0.17656067090220012
0.6227924944812362
0.243819984823268
0.6872585540838853
0.29868942512729707
0.7517246136865342
0.3535588654313262
0.8161906732891833
0.4225881612976853
0.8745171081677705
0.48807749327346195
0.9236341059602649
0.5694966627568598
0.968146385209713
0.6615357239120054
0.9758209161147904
0.7429548933954033
0.934378449227373
0.8172941350976364
0.872982201986755
0.8916333767998692
0.8131208609271523
0.9500427809944808
0.7471198951434879
0.9960623115720537
0.6703745860927153
1.0279219865872962
0.5859547461368654
1.0473917879855001
0.5
1.0544717157666652
0.4247895971302429
0.20665036397215156
0.3422150938189845
0.23851003898739423
0.2838886589403974
0.3216991904160834
0.2357546909492274
0.3978084140636077
0.2531905353200883
0.4314380710241416
0.2915631898454746
0.6358013796737257
0.22709713024282563
0.6987053447631218
0.1687706953642384
0.7801245142465199
0.17337541390728473
0.8703935934563741
0.18104994481236203
0.937652907377442
0.20867825607064017
0.20665036397215156
0.4984650938189845
0.23851003898739423
0.4401386589403974
0.3216991904160834
0.4232546909492274
0.3978084140636077
0.4094405353200883
0.4314380710241416
0.4478131898454746
0.44205796269588915
0.5153490618101545
0.4314380710241416
0.5798151214128036
0.37125868488423874
0.6166528697571744
0.2969194431820058
0.5936292770419426
0.24028002093268547
0.5491169977924945
0.6898554350366656
0.38334713024282563
0.6987053447631218
0.3250206953642384
0.7801245142465199
0.3296254139072847
0.8703935934563741
0.33729994481236203
0.937652907377442
0.36492825607064017
0.9411928712680245
0.4324641280353201
0.9040232504169081
0.49693018763796915
0.8332239726052576
0.5383726545253863
0.7588847309030248
0.5092094370860927
0.7181751461613257
0.45088300220750555
0.35532884737661735
0.5015349061810155
0.842073882331714
0.4171150662251656
0.6155161933344326
0.6381415562913908
0.5411769516321998
0.7677721440397351
0.5925064280456463
0.770841956401766
0.6473758683496753
0.7647023316777042
0.7022453086537044
0.7554928945916115
0.7482648392312772
0.7416787389624724
0.7482648392312772
0.7455849889624724
0.7022453086537044
0.7593991445916115
0.6473758683496753
0.7686085816777042
0.5925064280456463
0.774748206401766
0.5411769516321998
0.7716783940397351