0.015153234621571268
0.5156846395371298
0.07871736486936069
0.5784232610155841
0.15136208515254856
0.6510679806222153
0.21129397938617855
0.7237127002288465
0.2893870536906056
0.79965945254487
0.37111236400919195
0.860747057668628
0.46736661838441584
0.9135795810189052
0.5636208727596399
0.9548549898863095
0.6671395991631826
0.9598080389503979
0.7361520834322111
0.9069755156001207
0.8051645677012397
0.8326797796387934
0.8741770519702681
0.7583840436774659
0.9250283561684997
0.669229160523873
0.9649829523242529
0.5866783427890649
0.9849602504021296
0.4876173615072952
0.9831441323950499
0.3836033311614368
0.9577184802959341
0.2878443825890593
-0.042962541604979074
0.3043545461360209
0.03513053269944793
0.2878443825890593
0.11685584301803434
0.27463625175149
0.1949489173224613
0.2564750718498322
0.27304199162688825
0.24161592465756673
0.5363109982281788
0.15892064299172265
0.5890465248587556
0.13711174883140798
0.6616912451419434
0.10698585978431141
0.7470487914746894
0.0829945283801328
0.8142451577366381
0.054844699532563206
0.09687854494015762
0.42487874002884085
0.12048807903219368
0.36709316761447514
0.18586832728706282
0.33737487322994425
0.25488081155609127
0.3406769059393365
0.29665152571892434
0.39020739658022147
0.316628823796801
0.4479929689945872
0.3075482337614025
0.5107315904730414
0.25488081155609127
0.547053950276357
0.18586832728706282
0.5222887049559145
0.12956866906759218
0.47275821431502957
0.5963109968870743
0.28619336623436314
0.5890465248587556
0.2052935648542511
0.6616912451419434
0.17062222140563166
0.7470487914746894
0.1920854340166818
0.8142451577366381
0.2366628755934782
0.8196935117578772
0.2894953989437555
0.7997162136800006
0.36379113490508286
0.7524971454959284
0.4314828054476255
0.6707718351773421
0.42322772367414474
0.6199205309791104
0.35883808584099436
0.22945515945697553
0.46450313254154885
0.7070941953189359
0.3208647096829826
0.37656071803043106
0.576772244660888
0.45828602834901744
0.7303167656476311
0.4691827363914956
0.6609740787503923
0.5654369907667196
0.6411618824940384
0.6544267731136246
0.6626250951050885
0.7143586673472547
0.7237127002288465
0.7434165554605299
0.7831492889979084
0.7234392573826532
0.8524919758951472
0.6507945370994653
0.8987204338266398
0.5690692267808789
0.8673511230874127
0.5127695685614084
0.8079145343183508