0.06593176458857412
0.22040611141202998
0.051254646830511584
0.3355330001937008
0.06726604802112525
0.4446792713763238
0.0952860001046992
0.5433594617606131
0.1326459362161311
0.6360590345458546
0.1953572575460347
0.7167973721330004
0.2714114132014496
0.7960405553203841
0.33812558482900656
0.8618273489099103
0.41151117361931927
0.9276141424994365
0.4915681795723877
0.9724687744922954
0.5702909020929049
0.9320996056987224
0.6450107743157687
0.8573418857106245
0.7090563790782234
0.7780987025232408
0.7597591495151668
0.694370056136571
0.7984533690591498
0.5941947113525197
0.8438190057658886
0.5044854473668022
0.9011931933655876
0.43122288177846624
0.1326459362161311
0.11425014902893087
0.23672004395512
0.07537613463511991
0.3407941516941089
0.12920169302655046
0.456876810326058
0.17106601621988532
0.579630886120763
0.16359024422107551
0.715727796240979
0.20994003061369626
0.7784391175708828
0.22190126581179193
0.8331447383054793
0.17854178821869512
0.8905189259051783
0.14265808262440807
0.9385531294770195
0.16658055302059943
0.1926886906809324
0.218910957012268
0.2700771297688985
0.18751271461726687
0.3474655688568646
0.17555147941917118
0.4248540079448307
0.1934933322163147
0.43686255883779096
0.25928012580584087
0.41151117361931927
0.34151361779274864
0.3688141037776828
0.41627133778084663
0.29409423155481895
0.41029072018179874
0.23138291022491542
0.3609506249896541
0.19135440724838126
0.29067836820084203
0.65835360864128
0.3534748529908443
0.6983821116178144
0.30862022099798553
0.7650962832453713
0.3041347577986997
0.8264733211427236
0.32058145619608125
0.8518247063611953
0.36992155138822586
0.8264733211427236
0.4267374185791803
0.781107684435985
0.48504844016989673
0.7237334968362861
0.51046606496585
0.6703621595342404
0.4835532857701348
0.6490136246134222
0.4192616465803705
0.33679130139645547
0.28768805940131814
0.7424134648920019
0.38935855858513135
0.6596878920738314
0.5418643073608511
0.35813983631727375
0.691379747337047
0.41151117361931927
0.6375541889456166
0.49823959673514334
0.6450299609444263
0.5729594689580072
0.6779233577391894
0.5956422873113766
0.728758607331096
0.5582823511999446
0.8214581801163375
0.5075795807630014
0.8947207457046734
0.4395311257028932
0.9096722897022932
0.36747982034513166
0.8558467313108625
0.3421284351266601
0.7736132393239549