0.12301682114033705
0.3758131615842218
0.16572967170281272
0.45860438595297714
0.21232550868005892
0.5461720271122377
0.2472723864129936
0.6385160850620033
0.28480792175577524
0.7324522819419372
0.3314037587330214
0.8152435063106926
0.3974145277841202
0.8725605077967541
0.478957242494301
0.8996268696096165
0.5669716012290994
0.9155482589113003
0.6523973023540507
0.8964425917492798
0.7235853866248435
0.8439020070537234
0.7870074980660953
0.7913614223581671
0.8439579654827294
0.7149387537100852
0.8983197752895168
0.6321475293413299
0.9371496394372218
0.5366191935312274
0.9539759139012275
0.42994588520994653
0.9552702427061509
0.32327257688866545
0.08806994340740243
0.1624665449416598
0.14631473962896013
0.12107093275728209
0.20844252226528842
0.15450585029081793
0.27704194892623424
0.18953290675452217
0.3314037587330214
0.15769012815115468
0.4828402289090715
0.12266307168745051
0.5889751909127989
0.1672429617321649
0.6989931393312969
0.14336087777963935
0.8090110877497949
0.10833382131593512
0.9047914193141343
0.09400457094441979
0.16702400050773628
0.2372970746595733
0.22268013911944695
0.21819140749755286
0.2912795657803927
0.20863857391654259
0.35340734841672106
0.24207349145007848
0.3818825821250381
0.32964113260933897
0.3896485549545791
0.385365995165232
0.3702336228807266
0.4697493584641558
0.30422285382962777
0.4761179141848293
0.25633268804745807
0.4092480791177577
0.21879715270467645
0.32964113260933897
0.6303937126703512
0.2468499082405836
0.6459256583294332
0.1863486288941854
0.7145250849903789
0.19908574033553236
0.7844188404562482
0.20704643498637423
0.8400749790679589
0.253218463961257
0.8323090062384179
0.3312332715395073
0.7870074980660953
0.3996952455367473
0.7235853866248435
0.4442751355814618
0.6718122344279033
0.40128738446691575
0.6446313295245097
0.32804899367917056
0.2990455386099338
0.35829963335236964
0.7093477697706849
0.3089433265171501
0.36505630766103253
0.517513526369207
0.4569536528106014
0.7105139749655068
0.4957835169583066
0.7089218360353384
0.5372020387158587
0.70732969710517
0.5773262316684874
0.7057375581750017
0.6161560958161925
0.7105139749655068
0.6161560958161925
0.7149387537100852
0.5773262316684874
0.7101623369195801
0.5372020387158587
0.7117544758497484
0.4957835169583066
0.7133466147799168
0.4569536528106014
0.7149387537100852