0.003261983747209613
0.27465605254595477
0.03747832081763784
0.38387183053418994
0.07658270604098442
0.4944700867248078
0.12057513941724933
0.5995384301058948
0.16701159686997336
0.7032242952845991
0.2342222589726003
0.788937943832328
0.3112090173810638
0.8649742449633778
0.39308382394244573
0.9299507204753658
0.48229070273320507
0.9852498485706747
0.572719593562194
0.9382455896896621
0.6533723880853463
0.8746515923800569
0.7376912187231873
0.8013802476537726
0.8036798687875847
0.72396146832034
0.8623364466226046
0.6382478197726111
0.907550892037099
0.5387093892010549
0.9539873494898231
0.4350235240223507
1.0016458189807766
0.34101500626032555
0.06436258565868863
0.11705353747432433
0.12668519960839722
0.09216892983143529
0.1963398857874833
0.07696166960522532
0.267216584004799
0.06451936578378081
0.336871270183885
0.07004927859331171
0.6778126288499379
0.07557919140284262
0.7450232909525648
0.08940397342666984
0.8110119410169622
0.10046379904573162
0.8770005910813594
0.12120097208147249
0.9087729040753285
0.1682052309624851
0.13279525979954512
0.20553214242681866
0.18778580151987626
0.14885053612912696
0.26477255992833976
0.1225834502838552
0.3380932822221146
0.1267308848910034
0.36619955910139496
0.20276718602205315
0.35520145075732873
0.28156844355786836
0.3197631016486709
0.3548397882841528
0.2488864034313552
0.3741944831175109
0.17800970521403958
0.33133765884364647
0.1254631875701676
0.26912613973642385
0.694920797385152
0.22073940265302858
0.7132509779585957
0.15299797073627514
0.7706855437553861
0.16682275276010236
0.8354521817815538
0.20000222961728775
0.8770005910813594
0.26497870512927574
0.87577857904313
0.3423974844627083
0.8220100493610284
0.38387183053418994
0.756021399296631
0.39216669974848634
0.7071409177674478
0.3465449190698564
0.6875887251557745
0.2801859653554857
0.2696606080812581
0.2345641846768558
0.7829056641376818
0.26912613973642385
0.5482793527976024
0.5110598251534005
0.3637555350249358
0.6714272966297964
0.41630205266880776
0.6437777325821419
0.48962277496258255
0.6437777325821419
0.5653875213328166
0.6576025146059692
0.602047882479704
0.7073717298917472
0.581273677829801
0.7792605964156489
0.5409472805682248
0.8470020283324023
0.47618064254205716
0.8649742449633778
0.41874607674526687
0.8152050296775998
0.3796416915219203
0.7460811195584635