0.02841927625966193
0.4670630112188899
0.0529877883228859
0.5467245519651728
0.0836984284019159
0.6263860927114556
0.11440906848094586
0.6999198226311015
0.16354609260739386
0.76732574172411
0.23929900480233446
0.8178801810438666
0.32324142101834974
0.8669026676569637
0.4071838372343649
0.911329296150083
0.49931575747145485
0.948096161109906
0.5996371817296196
0.9695434990031359
0.6815322219403661
0.9281807759233351
0.7511430061195008
0.8760943838969195
0.8187064142933668
0.8178801810438666
0.871938190430352
0.7489423092441987
0.9108383345304567
0.6723446739112343
0.9395015986042179
0.5972789912849292
0.9784017427043226
0.5268091667786021
0.0877931804124532
0.3291872676195541
0.15945134059685648
0.286292591833094
0.24953588482867775
0.264845253939864
0.3355256770499617
0.29854821348636834
0.4112785892449023
0.3460387473928062
0.7368113740826201
0.3475707000994655
0.7716167661721873
0.30927188243298337
0.8248485423091727
0.27403697017981976
0.8862698224672326
0.2633133012332048
0.9231225905620687
0.297016260779709
0.14921446057051319
0.451743484152297
0.2167778687443791
0.43489200437904485
0.2945781569445884
0.42723224084574846
0.37442582115006634
0.4257002881390891
0.401041709218559
0.4701269166322084
0.4030890852238277
0.5237452613652835
0.3682836931342603
0.5727677479783807
0.2884360289287824
0.5681718898584027
0.2188252447496478
0.5436606465518542
0.16354609260739386
0.5022979234720535
0.7081481100088587
0.473190822045527
0.7409061260931574
0.43336005167238556
0.8146116622828293
0.43029614625906704
0.8801276944514267
0.4440837206190006
0.9067435825199193
0.4685949639255492
0.8944593264883073
0.5206813559519649
0.865796062414546
0.5651079844450843
0.8064221582617548
0.5926831331649514
0.7531903821247694
0.5589801736184471
0.7163376140299335
0.5176174505386463
0.315051916997275
0.5084257342986905
0.8002800302459487
0.5145535451253278
0.6426320778402614
0.6585570995513007
0.3908048291922157
0.7684250963866609
0.4726998694029622
0.7760848599199572
0.5464054055926343
0.7960002451065281
0.6098740617559628
0.7883404815732317
0.6794848459350974
0.7684250963866609
0.6794848459350974
0.7719215998440879
0.6098740617559628
0.7918369850306587
0.5464054055926343
0.7994967485639551
0.4726998694029622
0.7795813633773843
0.3908048291922157
0.7719215998440879