0.03369204700733121
0.47679608805521606
0.050587184282144496
0.556809481176274
0.07874574640683335
0.6352226064349108
0.1181677333813977
0.707234660243863
0.16322143278089984
0.777646446190394
0.22892474440517385
0.8320555535127134
0.29838253097940626
0.8864646608350327
0.38473545482845206
0.93767323243251
0.4729656161524771
0.9760796611306176
0.5743364398013568
0.9696785896809331
0.6550576512254649
0.9200702859458773
0.7263926752746767
0.859260107173873
0.7845870369990335
0.7872480533649209
0.8315179738735149
0.7088349281062841
0.8728171983230586
0.6352226064349108
0.9216253726725192
0.5648108204883798
0.9629245971220629
0.4911984988170065
0.02806033458239342
0.35517573051120793
0.10314983358156371
0.33597251616215396
0.1913799949055887
0.3535754626487868
0.28148739370459297
0.37117840913541955
0.3640858426036802
0.36637760554815607
0.6381625139506516
0.3423735876118387
0.6738300259752574
0.295965819601625
0.7320243876996144
0.265560730215623
0.8089911241737638
0.2607599266283595
0.8803261482229756
0.27036153380288647
0.11253602095645993
0.45279207011889866
0.17073038268081683
0.4415901950819506
0.24206540673002863
0.4367893914946871
0.30776871835430253
0.4479912665316352
0.34531346785388767
0.48159689164247954
0.34531346785388767
0.528004659652693
0.31340043077924035
0.5728121598004855
0.24769711915496634
0.5616102847635375
0.1838710450056717
0.5440073382769047
0.13318563318123178
0.5088014453036392
0.6231446141508176
0.45599260584374096
0.6700755510252989
0.42558751645773896
0.7357788626495728
0.4175861771456331
0.8014821742738469
0.415985909283212
0.8446586361983697
0.4223869807328966
0.8371496862984527
0.47679608805521606
0.8033594117488261
0.5216035882030085
0.7451650500244692
0.5488081418641682
0.685093450825133
0.5424070704144835
0.6419169889006101
0.5024003738539546
0.28899634360451
0.5024003738539546
0.7564284748743447
0.4799966237800584
0.538668927776751
0.6736290351330186
0.3972374248629691
0.8146386846845021
0.445277442268645
0.7842708108301842
0.5050545093813896
0.7713198058040781
0.5648315764941343
0.7690868739030253
0.6147822764102634
0.7909696065333426
0.6131445485441608
0.837861176455451
0.5724743065359464
0.8758210187733483
0.5129701940675522
0.8847527463775594
0.45264721766610677
0.8838595736171384
0.40160469917257596
0.8588507363253471