0.08348405493632652
0.536547416686868
0.12903668733248133
0.599896275506024
0.17458931972863623
0.6632451343251801
0.21807137792496584
0.7298426525709594
0.26569458452094596
0.7915671816768038
0.3257412363158773
0.8402970730761545
0.3857878881108088
0.8874026347621937
0.45618741090486625
0.9296352073082977
0.5410809530977002
0.9572488124345966
0.6321862178900101
0.9377568558748562
0.706726889083718
0.8987729427553756
0.772985263478125
0.8532917107826481
0.8330319152730564
0.7980645005300506
0.8868668444685122
0.7412129605641413
0.9241371800653662
0.6746154423183619
0.9220666058655409
0.5917746269394655
0.9158548832660652
0.5105581412738809
0.00687280954279336
0.4082253693352442
0.042072570939822106
0.33025754309628286
0.13938955833160746
0.3497494996560232
0.22014195212479107
0.4098496990485558
0.3050354943176251
0.4634525795878417
0.4582579851046915
0.3871090830621922
0.5721395660950785
0.42771732589498446
0.6922328696849415
0.36924145621576354
0.8040438764755033
0.30426826768329573
0.9220666058655409
0.26203569513719177
0.2056479327260146
0.5306127421620274
0.24498884252269373
0.5322370718753391
0.28640032651919817
0.5403587204418976
0.3298823847155278
0.5436073798685208
0.3671527203123818
0.5484803690084559
0.3671527203123818
0.5527907138199848
0.3298823847155278
0.5479177246800497
0.28640032651919817
0.5446690652534265
0.24498884252269373
0.536547416686868
0.2056479327260146
0.5349230869735563
0.5762807144947291
0.49487748846917007
0.6280450694903595
0.4932531587558584
0.6818799986858154
0.490004499329235
0.7336443536814458
0.4851315101892999
0.7833381344772511
0.48025852104936484
0.7833381344772511
0.48456886586089376
0.7336443536814458
0.4894418550008288
0.6818799986858154
0.49431484414076393
0.6280450694903595
0.4975635035673873
0.5762807144947291
0.499187833280699
0.2868144413591632
0.5412144290770126
0.6806376541659201
0.49086020796435015
0.3857878881108088
0.6762397720316736
0.43755224310643925
0.7623292468371933
0.5327986562983994
0.7493346091306997
0.6052687532922821
0.6973560583047255
0.7005151664842423
0.679488431458297
0.7647029666788241
0.7330913119975828
0.7771264118777754
0.7948158411034272
0.7460677988803971
0.8614133593492066
0.6508213856884371
0.8971486130420638
0.5493632498970011
0.8955242833287521
0.48724602390224464
0.8435457325027779