0.03800305658149597
0.4773088949824997
0.0634063508826211
0.5506186128674161
0.08880964518374623
0.622182861278882
0.11421293948487131
0.6920016402168976
0.17425708965116707
0.7461111938938597
0.2504669725545425
0.7914934002035697
0.3312956362399405
0.8351301370398294
0.4121242999253387
0.8752759349291884
0.49757174439275953
0.9066943854512954
0.5830191888601804
0.8892396907167915
0.6361351678534422
0.8438574844070814
0.6892511468467036
0.8019662170442721
0.7492952970129995
0.7530930717876612
0.7885549336601927
0.6972380486372487
0.8255051799163748
0.6274192696992332
0.8647648165635681
0.5610914297081184
0.8924775012557047
0.5034909370842556
0.23199184942645146
0.30276194763746084
0.27587026685566757
0.2661070886950027
0.34053319780398605
0.25039786343394915
0.3982679575792704
0.2713434971153539
0.43752759422646387
0.307998356057812
0.6222788255073738
0.32370758131886557
0.66615724293659
0.28181631395605616
0.7238920027118744
0.2469069244870484
0.8001018856152498
0.23643410764634604
0.8601460357815454
0.24865239396049876
0.25508575333656525
0.47381795603559895
0.29203599959274723
0.4319266886727896
0.35669893054106566
0.4005082381506826
0.4282900326624184
0.402253707624133
0.45600271735455483
0.45461779182764467
0.44676515579050935
0.5122182844515075
0.4282900326624184
0.5628368991815688
0.37055527288713397
0.5942553497036759
0.3105111227208382
0.5663278381284697
0.27587026685566757
0.5157092233984082
0.5853285792511919
0.4563632613010951
0.6153506543343397
0.41621746341173615
0.6638478525455784
0.3865444823630795
0.7308201738849085
0.402253707624133
0.7585328585770449
0.43890856656659116
0.7608422489680563
0.48079983392940057
0.7354389546669312
0.5384003265532634
0.6800135852826582
0.5628368991815688
0.6153506543343397
0.5558550212877672
0.5853285792511919
0.513963753924958
0.36593649210511114
0.5174546928718586
0.6638478525455784
0.5104728149780571
0.5899473600332146
0.6291647391726835
0.3959585671882591
0.8328071225200168
0.4421463750084866
0.8240797751527649
0.49757174439275953
0.8205888362058641
0.5483783329950098
0.8223343056793145
0.5968755312062487
0.8223343056793145
0.5968755312062487
0.828148259146028
0.5483783329950098
0.828148259146028
0.49757174439275953
0.8264027896725775
0.4421463750084866
0.8298937286194783
0.3959585671882591
0.8386210759867302