0.028992341708700575
0.4763940266834595
0.0541398208968925
0.5565113200283864
0.0928282504171877
0.6323366155155493
0.1353855228895125
0.7038699131449484
0.19148374569394058
0.7711112129165834
0.2553196544024277
0.8340605148304546
0.3288276704909886
0.8841338231710338
0.41007337248360864
0.9313457996064372
0.4990567603802877
0.9685431143737245
0.60158109860907
0.9585284527056088
0.6731546932216163
0.9127471422227934
0.7466627093101772
0.8583818360244503
0.8085641965426495
0.8011551979209309
0.8549903119670039
0.725329902433768
0.8975475844393286
0.6509352728991931
0.936236013959624
0.5808326412223821
0.9826621293839781
0.512160675498159
0.009648126948552948
0.36337141642900905
0.0850905645131287
0.3390500952350134
0.17213953093379294
0.35335675476089323
0.26305734030648675
0.367663414286773
0.35590957115519534
0.36337141642900905
0.667351428793572
0.370524746191949
0.7350561804540885
0.3605100845238331
0.8066297750666348
0.35335675476089323
0.8743345267271514
0.34763409095054126
0.92656390657955
0.367663414286773
0.09476267189320248
0.46637936501534366
0.14505763026958626
0.44491937572652396
0.22630333226220625
0.44062737786875994
0.3036801913027967
0.44062737786875994
0.3578439926312101
0.44348870977393595
0.34236862082309205
0.5007153478774552
0.3036801913027967
0.5493579902654464
0.22823775373822103
0.5579419859809744
0.15279531617364533
0.5507886562180345
0.10056593632124677
0.509299343592983
0.6736601689220483
0.4607906341336606
0.7165862617240761
0.4390153736429119
0.7795995646193608
0.4350283541164368
0.8450893728686085
0.44269569935965813
0.8893913019783939
0.4696847546157974
0.8792101133009899
0.5089415622610909
0.8434383692992998
0.5475849822869266
0.7790492300962579
0.5573991841982502
0.7154855926778703
0.5457448194285537
0.6799890159377318
0.5098616436902775
0.24951638997438344
0.4935620181145153
0.7756790314503985
0.5035766797826311
0.5783680408968929
0.656657936709545
0.4332864301957858
0.7854178724424632
0.47197485971608105
0.7739725448217594
0.5164665536644205
0.7711112129165834
0.56095824761276
0.7739725448217594
0.5977122556570406
0.7825565405372872
0.5938434127050111
0.8068778617312828
0.5590238261367454
0.8154618574468109
0.5145321321884058
0.8197538553045747
0.4681060167640515
0.8183231893519868
0.43135200871977103
0.8040165298261069