0.03956147246105047
0.3932285392868347
0.07462417706001499
0.4735206773929577
0.12412446590561203
0.5538128154990809
0.16331219457504295
0.6375216403331241
0.20456243527970722
0.7161054350752871
0.25818774819577056
0.7981059165453702
0.32418813332323326
0.8647313077398128
0.3984385665916288
0.9245233254784151
0.48712658410665677
0.9586901927576164
0.5881896738330841
0.9330650422982154
0.6748151793128788
0.8801063980154534
0.7614406847926737
0.8237310670047713
0.8521912143429348
0.7673557359940891
0.9285041596465634
0.6973136580717263
0.9676918883159944
0.610188146509763
0.9862544966330934
0.5179376048559194
0.9903795207035597
0.42397871983811597
0.06431161688384895
0.244602666622309
0.09524929741234707
0.19164402233954694
0.14681209829317726
0.16260218515222585
0.20662494731494035
0.19164402233954694
0.24581267598437137
0.22922757634666843
0.478876535965724
0.21556082943498792
0.5551894812693526
0.23435260643854863
0.6253148904672817
0.19847739579538726
0.6995653237356773
0.16943555860806617
0.7800032931097723
0.15747715506034565
0.15712465846934331
0.37443676228327405
0.17568726678644223
0.33685320827615256
0.23550011580820532
0.3266031480923922
0.2850004046538023
0.3453949250959529
0.3056255250061344
0.3846868224670344
0.3097505490766008
0.4325204366579162
0.2994379889004348
0.4718123340289977
0.24581267598437137
0.4854790809406783
0.20043741120924072
0.45814558711731723
0.1694997306807426
0.4188536897462357
0.5799396256921512
0.34368658173199285
0.6191273543615821
0.3095197144527915
0.6954402996652109
0.3095197144527915
0.7676282208983731
0.3266031480923922
0.8398161421315354
0.3556449852797133
0.8088784616030374
0.40518694283455514
0.7758782690393061
0.45472890038939706
0.7036903478061437
0.4803540508487981
0.6500650348900803
0.44447884020563666
0.6088147941854161
0.38810350919495457
0.22312504359680604
0.3966452260147549
0.6892527635595113
0.3693117321913938
0.36131334995743103
0.6255632367854037
0.43968880729629295
0.7519806457184485
0.4665014637543247
0.7263554952590475
0.5221892887056213
0.7212304651671674
0.567564553480752
0.738313898806768
0.6046897701149496
0.765647392630129
0.6088147941854161
0.8083559767291306
0.5820021377273844
0.8442311873722921
0.5304393368465541
0.8561895909200126
0.48918909614188993
0.8322727838245715
0.4665014637543247
0.7963975731814101