0.05481663144606828
0.26388890265176695
0.07846847750147845
0.36865344086032836
0.08950600566066982
0.4812362281889316
0.10054353381986127
0.5922553656935264
0.12892574908635343
0.6985835537260963
0.18253660014528314
0.7861479438705654
0.2582225075225957
0.8721486841910262
0.3339084148999082
0.9440765760954116
0.43797653754371296
0.9581494245114871
0.5388910807134629
0.9237491283833028
0.6350752546721309
0.8799669333110681
0.7344130081048537
0.8330574385908168
0.8274436025894669
0.7783296947505235
0.9062830894408341
0.7048381530221297
0.9725082583959825
0.6110191635816271
1.0150815812957208
0.5046909755490573
1.0371566376141035
0.39836278751648757
0.14154006698257218
0.15130611532316374
0.18569017961933787
0.11377851954696264
0.23299387173015815
0.08406917289080343
0.2913350920001699
0.06843267465071963
0.3339084148999082
0.09814202130687885
0.7691023823194553
0.1528697651471721
0.8258668128524396
0.16225166409122235
0.8747472947002873
0.19196101074738156
0.9188974073370528
0.23574320581961614
0.942549253392463
0.27327080159581724
0.1809598104082558
0.17163356303527263
0.23299387173015815
0.12159676866700452
0.31341014831855274
0.10752392025092909
0.36229063016640045
0.14974246549915535
0.36229063016640045
0.2373068556436245
0.3528298917442363
0.3139256970200351
0.32444767647774414
0.3780353398043786
0.2503385588374589
0.37959898962838695
0.20145807698961127
0.30923474754800995
0.18411338988231046
0.2419978051156497
0.7486041157380997
0.2685798521237921
0.781716700215674
0.19821561004341506
0.8495186589078497
0.22167035740354077
0.9110134586519162
0.2920345994839178
0.928358145759217
0.37490804015636187
0.9204741970740803
0.437454033116697
0.8715937152262326
0.5078182751970741
0.7848702796897287
0.5109455748450908
0.7281058491567443
0.4515268815327724
0.731259428630799
0.3639624913883032
0.2787207741039512
0.2685798521237921
0.8274436025894669
0.36865344086032836
0.5294303422912988
0.5234547734371578
0.3228708867407168
0.6204010625256773
0.38278889674775585
0.636037560765761
0.46162838359912306
0.6641832575979119
0.5420446601875176
0.6735651565419621
0.603539459931584
0.7095291024941549
0.5609661370318457
0.759565896862423
0.49789454755075196
0.8064753915826743
0.4237854299104668
0.8268028392947833
0.3654442096404551
0.7736387452784984
0.3339084148999082
0.701710853374113