0.14728516694898441
0.5605448560900246
0.20334365331746687
0.6272994615466521
0.25239482888988907
0.7018162304284689
0.29619052136526597
0.7763329993102857
0.3487453523357183
0.846192470136989
0.4118111495002611
0.9144995082786542
0.48363608515987927
0.9672822195699409
0.5782347809066936
0.9765968156801682
0.6658261658574474
0.9377859985542218
0.7464102400121408
0.8881081526330107
0.8252424864678193
0.8306681432866103
0.8900601113313772
0.7701232685701342
0.9373594592047844
0.690949201633204
0.9478704253988747
0.6024605385860465
0.9286003207097089
0.515524308223927
0.8988192498264526
0.4316929432318832
0.8567753850500908
0.36649077046029355
0.05093464350315514
0.4347978086019589
0.06144560969724559
0.3913296934208991
0.1034894744736075
0.37425293388548275
0.15604430544405976
0.37735779925555846
0.20334365331746687
0.3851199626807478
0.4240739433933666
0.3602810397201422
0.4853879128588944
0.310603193798931
0.5239281222372261
0.2500583190824549
0.5799866086057086
0.20193290584628154
0.6483078888672965
0.16622695409041102
0.19808817022042166
0.5471652194808256
0.22962106880269306
0.5487176521658634
0.25940213968594933
0.5394030560556363
0.2874313828701906
0.5269835945753335
0.30670148755935644
0.5114592677249551
0.30670148755935644
0.515524308223927
0.2874313828701906
0.5310486350743054
0.25940213968594933
0.5434680965546083
0.22962106880269306
0.5527826926648354
0.19808817022042166
0.5512302599797976
0.5502055377224523
0.440047364213214
0.6027603686929045
0.43539006615810044
0.6553151996633569
0.43073276810298694
0.6956072367407037
0.41055114319749486
0.7201328245269146
0.3779500568117
0.7201328245269146
0.38201509731067196
0.6956072367407037
0.4146161836964668
0.6553151996633569
0.4347978086019589
0.6027603686929045
0.4394551066570724
0.5502055377224523
0.44411240471218594
0.2562488498277222
0.5367782782500087
0.6448042334692663
0.42096679994618524
0.3031978321613263
0.669215144042674
0.4258257710923817
0.7809902973653992
0.46436598047071337
0.7670184032000585
0.5186726391401808
0.7483892109796043
0.5764829532076783
0.7344173168142636
0.6132713348869949
0.760808672459907
0.636045094974191
0.8011719222708912
0.6115195071879799
0.8399827393968373
0.5624683316155578
0.8663740950424809
0.5046580175480602
0.8539546335621782
0.4573586696746531
0.822905979861421