0.13622362493531193
0.3407981900609289
0.1766517781806702
0.41399442622845134
0.21384567916639982
0.5128093450546066
0.24133682337324341
0.6116242638807621
0.27367934596953014
0.7159289004194814
0.3302787605130317
0.8001045720121323
0.39819805796523355
0.8751307140838427
0.47096873380687854
0.941007326634613
0.5550592925572236
0.9757755388141862
0.6472354819566406
0.9391774207304249
0.7297089145771715
0.8879400554131591
0.8040967165486307
0.822063442862389
0.873633140130647
0.7470373007906785
0.9302325546741484
0.6592018173896516
0.9641922034002494
0.5585569926593082
0.9787463385685784
0.44876263840802455
0.9884490953474643
0.33347856644417667
0.20737717464714253
0.19257581182169595
0.2494224540223151
0.17427675277981539
0.29793623791674506
0.17061694097143917
0.346450021811175
0.17061694097143917
0.37394116601801863
0.18525618820494372
0.6925150135914419
0.1157197638457974
0.7701370678225297
0.13584872879186605
0.8493762481834319
0.16146741145049892
0.9156784195058195
0.19989543543844815
0.9512551943617348
0.27126176570178256
0.2283998143347288
0.2584524243724661
0.2623594630608298
0.2072150590552005
0.331895886642846
0.19074590591750792
0.3949638057056049
0.22185430628870492
0.42568920217207723
0.29688044836041544
0.43054058056152017
0.3664168727195618
0.4014323102248622
0.4359532970787081
0.331895886642846
0.45974207383315285
0.27367934596953014
0.4231439557493917
0.23971969724342915
0.34811781367768113
0.7070691487597708
0.24930289485152582
0.7216232839280998
0.15963750554631084
0.8057138426784449
0.17427675277981539
0.8833358969095328
0.20355524724682428
0.9221469240250768
0.28773091883947516
0.9156784195058195
0.35726734319862147
0.8801016446499043
0.4396131088870842
0.8057138426784449
0.4853607564917858
0.7345602929666144
0.4469327325038364
0.7135376532790281
0.35177762548605723
0.3351301389024747
0.31700941330648413
0.8040967165486307
0.3042000719771677
0.42938785047125533
0.508468251592912
0.49360849962427916
0.7038602352894794
0.5324195267398231
0.7002004234811031
0.571230553855367
0.7020303293852911
0.6100415809709109
0.7056901411936674
0.6359155990479403
0.7184994825229838
0.6359155990479403
0.7250784299404218
0.6100415809709109
0.7122690886111054
0.571230553855367
0.7086092768027291
0.5324195267398231
0.7067793708985411
0.49360849962427916
0.7104391827069174