0.08968904864240362
0.2635669629644627
0.06699998531835955
0.3691439811658385
0.05849158657184302
0.48066900039264393
0.07409031760712333
0.5877330188503772
0.1308129759172335
0.6680310326936771
0.20313436526262404
0.74089404525519
0.2754557546080145
0.8078090567912733
0.3619578085309326
0.8583670655074251
0.44987792891160344
0.905951073710862
0.539216115750027
0.9505610814015842
0.6243001032151922
0.9431260801197973
0.683858894440808
0.8553930649947102
0.7434176856664237
0.7736080508950529
0.7930500116877702
0.685875035769966
0.822829407300578
0.583272018081305
0.8412642712513637
0.47918200013628653
0.8823881985261937
0.3988839862929866
0.26127509003048693
0.140145941686798
0.3335964793758775
0.10891893630329248
0.4172624003832901
0.09404893373971841
0.49100185618643327
0.11784093784143691
0.5519787138698017
0.1654249460448739
0.7930500116877702
0.20259995245380902
0.8299197395893417
0.18029494860844797
0.8682075339486662
0.16245094553215905
0.9135856605967543
0.16096394527580166
0.9405289232940567
0.1892169501465924
0.27829188752352
0.30916574917616485
0.3236700141716082
0.3329577532778833
0.37046620727744906
0.34782775584145736
0.4215165997565483
0.35228875661052955
0.4668947264046365
0.34634075558509997
0.4668947264046365
0.34981297783319226
0.4215165997565483
0.35576097885862185
0.37046620727744906
0.35129997808954966
0.3236700141716082
0.3364299755259756
0.27829188752352
0.31263797142425714
0.7334912204621544
0.34981297783319226
0.7604344831594567
0.2933069680916108
0.8086487427230504
0.2605929624517479
0.8696256004064189
0.2591059621953905
0.8937327301882159
0.30520297014247005
0.8752978662374298
0.3676569809094811
0.8426823377091166
0.42118899013834776
0.7987222775187811
0.46728599808542726
0.7391634862931654
0.46728599808542726
0.7292370210888961
0.4048319873184162
0.37216788702675246
0.33945226522227306
0.7845416129412535
0.3721179816785533
0.7561802837861984
0.5446100114160124
0.44845986245385067
0.726024042691616
0.4839115238976695
0.6650570321809623
0.5491425809542962
0.6457260288483161
0.6228820367574395
0.6591090311555327
0.6597517646590112
0.6977710378208253
0.6356446348772143
0.7795560519204827
0.5973568405178898
0.8494450639692807
0.5363799828345214
0.8851330701218584
0.4711489257778947
0.8509320642256382
0.44845986245385067
0.7944260544840567