0.06748754012099255
0.3250053093412407
0.09010265182881325
0.4111836054050506
0.12141588342425738
0.504396864412845
0.15098949104217677
0.5976101234206395
0.19100084252524419
0.6873059009564416
0.239710313895935
0.7699667155482595
0.2971179051542492
0.8438338264600964
0.36844248823276066
0.910665974427949
0.4467255672213709
0.9669456779798249
0.5389256380301785
0.9757393816598056
0.620687964973838
0.937047085467891
0.7111484118051209
0.8983547892759762
0.7963899867038299
0.850868789404081
0.8711938177373906
0.792830345116209
0.9320806569507541
0.7136870119963834
0.9842693762764942
0.6292674566685696
1.0155826078719385
0.5430891606047596
0.17708385070504684
0.10868019881371777
0.22927257003078697
0.08581656924576818
0.27798204140147775
0.12099138396569062
0.32669151277216857
0.17023612457358203
0.3632236163001867
0.21772212444547726
0.5963332292884926
0.28807175388532213
0.6728766842995783
0.31093538345327176
0.7615975071533364
0.300382939037295
0.8450994580745207
0.2704843465253609
0.9164240411530321
0.23179205033344621
0.19274046650276894
0.3441331740125177
0.239710313895935
0.37930798873244004
0.29189903322167515
0.3986541368283974
0.3527858724350386
0.39513665535640513
0.3962764718731554
0.3669968035804672
0.3962764718731554
0.37249130921313595
0.3527858724350386
0.40063116098907386
0.29189903322167515
0.40414864246106613
0.239710313895935
0.38480249436510877
0.19274046650276894
0.34962767964518643
0.7041899158950222
0.42855272934033145
0.7546390112432376
0.44965761817228495
0.8050881065914532
0.46900376626824225
0.8590164498947179
0.46900376626824225
0.9025070493328349
0.4408639144923043
0.9025070493328349
0.446358420124973
0.8590164498947179
0.474498271900911
0.8050881065914532
0.474498271900911
0.7546390112432376
0.4551521238049537
0.7041899158950222
0.4340472349730002
0.29468243158571455
0.3795930045183797
0.8050881065914532
0.4541636117246155
0.43628782335622285
0.6257499751965774
0.4310689514236489
0.738309382300329
0.4710803029067163
0.7330331600923409
0.5284878941650304
0.738309382300329
0.5876351094008693
0.748861826716306
0.6085105971311654
0.7981065673241974
0.599812477243542
0.8420750857241003
0.5598011257604746
0.8807673819160149
0.5058727824572097
0.8878023448599995
0.4589029350640436
0.8543862708760732
0.4415066952887969
0.8033827895321856