0.14014499234490171
0.4969243014000872
0.15449818293907583
0.5686902543709579
0.1832045641274241
0.6507084863376672
0.2098604895166046
0.7347771741035442
0.26112188449579793
0.8065431270744148
0.3308373816675008
0.8598549778527758
0.41285561363421014
0.9090659170328015
0.498974757199255
0.9336713866228141
0.5932957239609705
0.9234191076269755
0.6814653233251832
0.8906118148402917
0.7593826436935568
0.8455017872586017
0.8167954060702534
0.7880890248819051
0.866006345250279
0.7163230719110346
0.9275200192253111
0.6486580305384994
0.9685291352086657
0.5768920775676287
0.9685291352086657
0.4764197434084098
0.9562264004136591
0.39440151144170055
0.1668009177340822
0.32058510267166224
0.19550729892243046
0.29392917728248164
0.25907142869663025
0.30213100047915264
0.3062319120774881
0.33903920486417183
0.35339239545834594
0.375947409249191
0.5010252129984226
0.28162644248747526
0.5707407101701255
0.30213100047915264
0.6363552957434931
0.26112188449579793
0.7183735277102024
0.24061732650412065
0.7860385690827375
0.26727325189330114
0.24061732650412065
0.48257111080591303
0.27342461929080436
0.48257111080591303
0.31033282367582354
0.4784701992075776
0.3472410280608427
0.48257111080591303
0.3677455860525201
0.4928233898017517
0.3677455860525201
0.4928233898017517
0.3472410280608427
0.48257111080591303
0.31033282367582354
0.4784701992075776
0.27342461929080436
0.48257111080591303
0.24061732650412065
0.48257111080591303
0.6548093979360026
0.4272088042283843
0.667112132731009
0.37184649765085553
0.7122221603126991
0.33493829326583624
0.7532312762960538
0.35954376285584905
0.7819376574844021
0.4108051578350424
0.790139480681073
0.4723188318100744
0.7716853784885633
0.5256306825884355
0.7286258067060409
0.5604884311742868
0.67531395592768
0.5379334173834418
0.6609607653335058
0.4805206550067453
0.3078722767168223
0.48380138428541364
0.7101717045135314
0.43951153902339063
0.375947409249191
0.5994470913584738
0.4702683760109067
0.7409285415010474
0.5215297709901
0.7347771741035442
0.574841621768461
0.7122221603126991
0.6281534725468221
0.6855662349235185
0.6650616769318414
0.6589103095343382
0.6650616769318414
0.6589103095343382
0.6281534725468221
0.6855662349235185
0.574841621768461
0.7122221603126991
0.5215297709901
0.7347771741035442
0.4702683760109067
0.7409285415010474