-0.10816776790094888
0.43228199884190616
-0.07754823932872373
0.5221385924401539
-0.052332156975126554
0.6119951860384018
-9.884352838953318e-05
0.6875268154398273
0.06654365983468873
0.7591516364239379
0.14759535311410826
0.8242651100458566
0.23945393883078372
0.8789604278882682
0.35112516068242833
0.9245398594236113
0.462796382534073
0.9583988657070089
0.5690641581670897
0.9675147520140777
0.646513553967424
0.9102148952267891
0.7221618010282156
0.8437991521324322
0.7996111968285498
0.7760811395656366
0.8374353203589455
0.6901313543847041
0.8680548489311706
0.6002747607864564
0.9040778237220238
0.5156272450779621
0.9635157321269314
0.4505137714560434
-0.012706884705188113
0.29554370423587695
0.0683448085742314
0.26689377584223273
0.17641373294679077
0.2721028537319862
0.28088035984026477
0.29424143476343856
0.3781423917755682
0.31898455473976767
0.6627238926233079
0.34633221366097355
0.7365709909445568
0.31898455473976767
0.8122192380053482
0.28642781792880834
0.8878674850661398
0.26168469795247923
0.9545099884292182
0.2799164705666165
0.07554940353240201
0.4140502262277689
0.15660109681182152
0.41665476517264566
0.23405049261215577
0.41665476517264566
0.3169033346311179
0.4140502262277689
0.37994354051511087
0.4270729209521527
0.36013090438014167
0.46874554407018065
0.306096442193862
0.5091158977157701
0.23224934387261312
0.5234408619125923
0.1620045430304495
0.5013022808811399
0.10256663462554187
0.46483873565286543
0.6393089590092532
0.42446838200727594
0.6861388262373623
0.4218638430623992
0.74557673464227
0.42837519042459105
0.8122192380053482
0.42837519042459105
0.8518445102752867
0.4518160409284817
0.8320318741403175
0.4830705082670027
0.7996111968285498
0.5195340534952771
0.7437755859027274
0.5260454008574691
0.6897411237164477
0.5078136282433318
0.6591215951442225
0.46874554407018065
0.27187461614255154
0.4544205798733585
0.7617870732981539
0.46483873565286543
0.6158940253951988
0.6289246891801005
0.347522863203343
0.7729803089010807
0.40155732538962274
0.7638644225940121
0.4609952337945304
0.7664689615388888
0.5204331421994379
0.7755848478459575
0.5762687531252603
0.7677712310113272
0.5762687531252603
0.7695697922034448
0.5204331421994379
0.7773834090380751
0.4609952337945304
0.7682675227310064
0.40155732538962274
0.7656629837861297
0.347522863203343
0.7747788700931983