0.14282889852287947
0.6008763307043522
0.19251424546001958
0.6726537092566227
0.24219959239715966
0.7521908044091384
0.3014398137452882
0.8259081121114703
0.3683239346222075
0.8802261283131886
0.4562287792033015
0.9015653489638635
0.5422226489021978
0.9287243570647227
0.6301274934832919
0.9597632234657046
0.7199433129465835
0.9772225858162569
0.7963823082344913
0.940363931965091
0.8498896049360268
0.8705264825628819
0.8861981276977832
0.7851695999601818
0.9148627509307484
0.6939929299072977
0.924417625341737
0.6008763307043522
0.924417625341737
0.5038798732012838
0.9225066504595393
0.40300355739809285
0.8976639769909692
0.335106037145945
0.13327402411189102
0.35450532864655876
0.1638496222270541
0.28854773754447227
0.22882276822177577
0.2710883751939201
0.2995288388630905
0.29242759584459505
0.3492141858002306
0.32346646224557685
0.611017744661315
0.2575088711434905
0.6243945688366987
0.17409191769085172
0.6683469911272457
0.09455482253833582
0.7524298859439443
0.07903538933784487
0.8250469314674568
0.1178339723390722
0.20398009475320575
0.5387985979023884
0.23646666775056652
0.5038798732012838
0.29188493933429976
0.47478093595036336
0.3453922360358352
0.44374206954938156
0.38934465832638226
0.4650812902000565
0.3950775829729753
0.5213392355518361
0.38934465832638226
0.5775971809036157
0.3473032109180329
0.6125159056047202
0.2842410398055089
0.6086360473045975
0.23455569286836883
0.5795371100536771
0.611017744661315
0.3661449035469269
0.6396823678942805
0.329286249695761
0.6931896645958158
0.3098869581951474
0.7447859864151535
0.3001873124448405
0.7925603584700959
0.32346646224557685
0.8002042579988867
0.36420497439686556
0.7887384087057004
0.42434277804876785
0.7466969612973512
0.451501786149627
0.6836347901848274
0.4476219278495042
0.6454152925408734
0.41270320314839964
0.2957068890986951
0.5426784562025112
0.6989225892424089
0.35450532864655876
0.704655513889002
0.5756572517535543
0.572798247017361
0.818148395511225
0.6014628702503264
0.7502508752590773
0.6549701669518619
0.7172720797080341
0.7275872124753744
0.7036925756576043
0.7963823082344913
0.7289116546084021
0.8174030319386659
0.7929293165604273
0.798293283116689
0.8666466242627592
0.729498187357572
0.903505278113925
0.6549701669518619
0.9248444987646002
0.5938189707215356
0.8938056323636183