0.07002774676969792
0.5263733512866781
0.1056722167035761
0.593670915892595
0.13921995311193208
0.6773381583756269
0.184924578272571
0.7635309165281965
0.22977986435609446
0.8413521322785624
0.2817978328474449
0.9010570893628642
0.3677639073938571
0.9483472698967519
0.45372998194026926
1.0029128628204682
0.5564699246908593
1.0156448345026687
0.646629466288316
0.9719923601636957
0.7242086067326392
0.9174267672399793
0.7934008130748734
0.8555857619264339
0.8458191512129296
0.7846504911256026
0.9045276899275525
0.7100775141298569
0.9380754263359085
0.6245914185493676
0.959042761591131
0.5300110574815925
0.9758166297953089
0.4427061088036462
0.07890299298424298
0.3956488057082852
0.13395266226856717
0.3478948778614698
0.21958548115529372
0.3408202218841638
0.30521830004202016
0.34966354185579623
0.38065673572794595
0.3478948778614698
0.5376502370202778
0.3319769019125313
0.6049331661455629
0.2877603020543689
0.6803716018314887
0.2541556861621655
0.7598877907977346
0.234700382224574
0.816976336722219
0.266536334122451
0.18900233155289137
0.5169685171386659
0.21754660451513347
0.5346551570819308
0.25016863075769596
0.5434984770535634
0.2889072869207389
0.5399611490649103
0.31949043652314124
0.5275805011046248
0.31949043652314124
0.5336045972657519
0.2889072869207389
0.5459852452260374
0.25016863075769596
0.5495225732146904
0.21754660451513347
0.5406792532430579
0.18900233155289137
0.522992613299793
0.5988165362250825
0.4398654055664476
0.606972042785723
0.39211147771963223
0.6803716018314887
0.3779621657650203
0.7558100375174144
0.39034281372530566
0.8128985834418988
0.41864143763452966
0.8210540900025393
0.47700734944730405
0.7782376805591761
0.530067269277099
0.7191102579945317
0.5565972291919964
0.6477495755889262
0.5389105892487315
0.6130886727062035
0.494693989390569
0.25302305805392017
0.5355448083693026
0.6822739362221941
0.46271349287567565
0.3279259704089344
0.668243892888341
0.44324631431265804
0.8064767282950892
0.49985811950175874
0.8064767282950892
0.5606633917419038
0.8028390221001747
0.6130817298799601
0.7846504911256026
0.663403334492494
0.7664619601510305
0.663403334492494
0.7664619601510305
0.6130817298799601
0.7846504911256026
0.5606633917419038
0.8028390221001747
0.49985811950175874
0.8064767282950892
0.44324631431265804
0.8064767282950892