0.1320911881278156
0.3048668800219978
0.11030743244790159
0.39304419115151906
0.0766416282153072
0.4763227627738447
0.04297582398271282
0.5579684212271052
0.017231385451905352
0.6461457323566265
0.015251044026458632
0.7441205225005391
0.029113434004585746
0.8388294863063211
0.054857872535393176
0.923740971097712
0.15189460238228286
0.9515004949718205
0.2608133807818529
0.9678296266624726
0.3717125006068696
0.9808929320149943
0.49053298613367335
0.9808929320149943
0.6113338130859237
0.9808929320149943
0.7162919086346002
0.9580321476480813
0.7955055656524693
0.8976143603926686
0.8608568326922115
0.8192345282775387
0.9163063926047198
0.7408546961624086
0.20536382086934452
0.15137304212986813
0.2885381607381071
0.13014517093202038
0.361810793479636
0.13341099727015085
0.4033979634140173
0.19056295818743313
0.44696547477384535
0.23301870058312857
0.682626104402006
0.4061074965040407
0.7816431756743423
0.4289682808709537
0.8667978569685516
0.4730569364357143
0.9341294654337403
0.5302088973529967
0.9836380010699085
0.6020570767918658
0.2647740636327463
0.24608200593565024
0.3340860135233818
0.23791744009032423
0.3954765977122304
0.2738415298097588
0.41726035339214435
0.33262640389610637
0.39943728056312383
0.3881454516443234
0.36973215918142294
0.4175378886874972
0.296459526439894
0.4485632388997362
0.2390296251019389
0.4208037150256276
0.2271475765492585
0.3538542750939541
0.23704928367649217
0.2934364878385413
0.6311372273403909
0.556848282620277
0.6727243972747723
0.5829748933253203
0.7083705429328134
0.6140002435375593
0.7400560057399611
0.6482914200879286
0.7697611271216619
0.6793167703001677
0.7697611271216619
0.6837027352451264
0.7400560057399611
0.6526773850328873
0.7083705429328134
0.618386208482518
0.6727243972747723
0.587360858270279
0.6311372273403909
0.5612342475652357
0.3222039649707014
0.3783479726299322
0.7044098600819201
0.6184793044467298
0.2390296251019389
0.5236772446767357
0.17961938233853708
0.6858484229764285
0.2251672351238118
0.713607946850537
0.28061679503632014
0.7397345575555804
0.340027037799722
0.7658611682606237
0.40141762198857056
0.7821902999512759
0.40141762198857056
0.7865762648962346
0.340027037799722
0.7702471332055824
0.28061679503632014
0.7441205225005391
0.2251672351238118
0.7179939117954957
0.17961938233853708
0.6902343879213871