0.04215251389683711
0.4750627871776141
0.05412238320413972
0.5728167198539186
0.07207718716509359
0.6745606089659906
0.12793657726583899
0.7503697812455736
0.19377085845600323
0.8082241495642027
0.27356998717135383
0.8620885614470645
0.3653389851940071
0.9039831040226235
0.46109793965242774
0.9359027555087638
0.5468820030214296
0.9797922763022066
0.6446359356977341
0.985777210955858
0.7164551515415496
0.9319127990729964
0.7822894327317138
0.8720634525364833
0.832163888178808
0.7962542802569001
0.8700684743185996
0.7104702168878984
0.9059780822405075
0.6187012188652451
0.9299178208551124
0.5229422644068245
0.9618374723412528
0.43715820103782255
0.17581605449504942
0.2855398564786565
0.2376603792494461
0.25561518321039994
0.31546452974691286
0.2476352703388649
0.3733188980655421
0.28354487826077274
0.42518833173052
0.3234444426184479
0.7304199990667362
0.3014996822217265
0.7683245852065275
0.2695800307355863
0.8181990406536217
0.24564029212098115
0.8780483871901347
0.2376603792494461
0.9179479515478098
0.2695800307355863
0.22369553172425977
0.5069824386637544
0.2715750089534701
0.49700754757433546
0.3234444426184479
0.4990025257922193
0.37531387628342583
0.4890276347028005
0.41521344064110116
0.49102261292068416
0.41521344064110116
0.49102261292068416
0.37531387628342583
0.4890276347028005
0.3234444426184479
0.4990025257922193
0.2715750089534701
0.49700754757433546
0.22369553172425977
0.5069824386637544
0.6945103911448283
0.4471330921272414
0.7184501297594335
0.38528876737284473
0.7743095198601789
0.3453892030151694
0.8421387792682269
0.3453892030151694
0.8660785178828321
0.40523854955168237
0.8620885614470645
0.4770577653954978
0.8341588663966918
0.5389020901498947
0.790269345603249
0.5827916109433374
0.722440086195201
0.5688267634181511
0.7024903040163633
0.5069824386637544
0.3218484600441409
0.49660855193075876
0.7802944545138301
0.46109793965242774
0.6645857178765718
0.5907715238148724
0.42718330994840376
0.7204451079773172
0.4710728307418465
0.7443848465919225
0.5269322208425921
0.7603446723349926
0.5887765455969887
0.7623396505528762
0.6506208703513855
0.7703195634244114
0.6506208703513855
0.7703195634244114
0.5887765455969887
0.7623396505528762
0.5269322208425921
0.7603446723349926
0.4710728307418465
0.7443848465919225
0.42718330994840376
0.7204451079773172