0.07965140996056778
0.35549329291046433
0.09101841572536443
0.45703854686817036
0.11943593013735607
0.5546782141351955
0.15353694743174595
0.6445067080208585
0.2160554791381275
0.720665648489138
0.28425751372690733
0.8007301756480986
0.3676155560020827
0.861266769353654
0.45665710115965635
0.9100866029871666
0.5494876482388289
0.955000849929998
0.6480016982003998
0.958906436620679
0.7275707385539764
0.9061810162964856
0.7900892702603578
0.8319748691735465
0.8374517942803439
0.740193581942543
0.8715528115747336
0.638648327984837
0.8980758250259258
0.5371030740271309
0.9170208346339201
0.42969944003340327
0.9397548461635135
0.32815418607569724
0.14406444262774876
0.22465613877265073
0.17816545992213864
0.14263881826834962
0.2558399993149157
0.09381898463483714
0.33162003774689325
0.15435557834039274
0.43960659251246137
0.16607233841243574
0.5854831664940182
0.11725250477892314
0.6764192126123915
0.17193071844845717
0.7844057673779594
0.16997792510311668
0.8696583106139344
0.11334691808824217
0.9435438480851125
0.08796060459881563
0.18005996088293807
0.3301069794210377
0.24636749451091847
0.2871455258235467
0.3164640300604978
0.2285617254633317
0.3846660646492776
0.17778909848447874
0.42255608386526644
0.23246731215401276
0.40550557521807146
0.33987094614774027
0.3941385694532748
0.4394634067601058
0.3410925425508905
0.4941416204296398
0.2672070050797123
0.4668025135948729
0.20468847337333088
0.3965019531626148
0.6214786847492078
0.2890983191688873
0.6650522068475947
0.22465613877265073
0.7275707385539764
0.1680251317577762
0.8090342798683522
0.18560027186584066
0.8488188000451404
0.23442010549935324
0.843135297162742
0.30276787258627075
0.8090342798683522
0.3711156396731883
0.7503047500835697
0.40821871323465775
0.6631577058867953
0.40040753985329586
0.6082171780236116
0.35158770621978325
0.33162003774689325
0.3711156396731883
0.7332542414363745
0.3144846326583138
0.6574742030043971
0.4941416204296398
0.3543540492764866
0.701137715035733
0.4263450857868653
0.6171676011860915
0.5381206424740324
0.6327899479488154
0.6480016982003998
0.634742741294156
0.7294652395147757
0.6113092211500699
0.7351487423971741
0.7558159287052669
0.6783137135731908
0.8436916292455896
0.562749154964425
0.8593139760083134
0.4433955944340603
0.857361182662973
0.36951005696288214
0.7792494488493529