0.05637533148321469
0.4460029096229511
0.08541079925185027
0.526569981566682
0.10615041908658994
0.607137053510413
0.13518588685522556
0.6825615463939059
0.17666512652470492
0.75455765323724
0.24095794801239803
0.8162686019600977
0.3114726554505129
0.8694085855825584
0.39028321082252376
0.9139776041046225
0.47738961412843045
0.9499756575262894
0.568643941401285
0.9705459737672419
0.6578243066906658
0.9465472714861307
0.7304129761122548
0.89340728786367
0.7864099496660518
0.8282679531006533
0.8237412653685834
0.7528434602171606
0.8507027711537449
0.673990581293509
0.8859601248728025
0.6002802814300955
0.9378091744596517
0.535140946667079
0.14762965875606937
0.3671500306992995
0.20155267032639254
0.31743843311699743
0.26169756784713766
0.2762978006350923
0.34050812321914853
0.29686811687604486
0.4068749066903155
0.3328661702977119
0.7304129761122548
0.3568648725788232
0.782262025699104
0.324295205197315
0.8424069232198491
0.2985823098961243
0.9046257827240681
0.2985823098961243
0.9606227562778654
0.32086681915715626
0.18703493644207478
0.44257452358279237
0.24925379594629385
0.4202900143217604
0.3197685033844088
0.4031480841209666
0.39028321082252376
0.39457711902056963
0.41724471660768536
0.4357177515024749
0.40894886867378943
0.48885773512493563
0.375765476938206
0.5334267536469997
0.307324731483565
0.5385693327072378
0.243031909995872
0.5128564374060469
0.18288701247512687
0.48885773512493563
0.6827118504923534
0.4442887166028717
0.717969204211411
0.42371840036191916
0.7594484438808903
0.4357177515024749
0.8258152273520574
0.4545738747233481
0.8610725810711147
0.4871435421048563
0.848628809170271
0.5299983676068408
0.7967797595834218
0.5694248070686666
0.7470046719800465
0.5642822280084284
0.7055254323105671
0.5402835257273172
0.6785639265254055
0.48885773512493563
0.3156205794174609
0.47514419096430066
0.7739661777652082
0.5145706304261265
0.647454496773296
0.6534202650525565
0.41724471660768536
0.7494556125254497
0.4587239562771648
0.7751685078266404
0.5209428157813838
0.7803110868868784
0.5769397893351811
0.7820252799069578
0.6391586488394
0.7785968938667991
0.6391586488394
0.7836989345785894
0.5769397893351811
0.7871273206187481
0.5209428157813838
0.7854131275986688
0.4587239562771648
0.7802705485384307
0.41724471660768536
0.75455765323724