-0.009647304684059417
0.3613944316470983
0.010835313383144455
0.4638420227215015
0.03762027547102644
0.5587567026874927
0.06282965155373887
0.6521648004318014
0.12585309176052
0.7320136581809685
0.19517887598797928
0.7983032759349942
0.2834116922774728
0.8465139070288309
0.3747956805773055
0.89623112034435
0.4646040828719685
0.941428586994822
0.5622904151924794
0.9595075736550109
0.6410697154509557
0.9037640314527621
0.713546671688754
0.8359678314770541
0.7749945258903655
0.7651584670579814
0.8206865200402819
0.6747635337570375
0.8521982401436725
0.5783422715693638
0.8994658202987583
0.48794733826841985
0.9404310564331662
0.41563139162766466
0.04864937750721314
0.3237298761050384
0.11009723170882474
0.29209164944970795
0.17942301593628399
0.27250608056783676
0.2534755581792518
0.26045342279437755
0.3243769284118806
0.26045342279437755
0.6111335813527348
0.3071574716665319
0.6662790915336682
0.2905850672280255
0.7277269457352797
0.28305215611961354
0.7891747999368914
0.29209164944970795
0.8427447241126554
0.31017063610989676
0.10537047369331617
0.33728911610017986
0.16996949990526683
0.30866405388821433
0.2424464561430651
0.2935982316713904
0.31807458439120245
0.28154557389793117
0.3669177505514578
0.3131838005532615
0.3511618904997626
0.37194050719887517
0.3086210683601853
0.42617746717944144
0.23771969812755653
0.44274987161794793
0.16366715588458872
0.43220379606617104
0.10694605969848567
0.390019493859064
0.6174359253734129
0.3448220272085919
0.6647035055284987
0.3071574716665319
0.7277269457352797
0.3131838005532615
0.7907503859420608
0.32674304054840314
0.8474714821281639
0.3463286094302743
0.8206865200402819
0.40357873385420545
0.7828724559162132
0.45028278272635985
0.7198490157094322
0.4638420227215015
0.6584011615078206
0.44425645383963025
0.6253138553992604
0.3975524049674759
0.23929528413272602
0.36440759609046314
0.7340292897559579
0.37646025386392235
0.5985288933113785
0.5693027782392694
0.38424919660832263
0.7148047831782219
0.4362435347789171
0.7163113653999044
0.49138904495985053
0.7193245298432691
0.546534555140784
0.7193245298432691
0.596953307306209
0.7208311120649515
0.596953307306209
0.7244807470725565
0.546534555140784
0.7229741648508741
0.49138904495985053
0.7229741648508741
0.4362435347789171
0.7199610004075093
0.38424919660832263
0.7184544181858269