0.13572612054282368
0.5135803565744492
0.14271921874631815
0.5805767363964852
0.1724398861111699
0.660248106995663
0.21439847533213696
0.7290551997858621
0.2633501627565986
0.7906194407034086
0.31929494838455474
0.8485622556846288
0.3839811067668791
0.8992622187931967
0.4626534615561924
0.9354764781564593
0.5553120127524948
0.9354764781564593
0.6444740148470499
0.9155586355066647
0.7266429187381104
0.8829658020797283
0.7965739007730556
0.8340765519393238
0.8525186864010118
0.7761337369581035
0.908463472028968
0.7200016349450464
0.9469255121481879
0.6457624032503578
0.9574151594534296
0.549794615937712
0.9556668849025559
0.4628803934658815
0.1899226316199062
0.34337333756711474
0.21964329898475785
0.29810551336303637
0.26859498640921947
0.3053483652356889
0.31055357563018665
0.3397519116307885
0.3525121648511537
0.3651018931850723
0.5553120127524948
0.33613048569446224
0.6234947202365663
0.3035376522675258
0.6811877804153961
0.25645911509528435
0.7423773896959732
0.22024485573202165
0.814056646281792
0.22748770760467416
0.28258118281620853
0.5257351051928278
0.294819104672324
0.4913315587977283
0.32628804658804933
0.4714137161479339
0.3595052630546483
0.4804672809887495
0.3787362831142582
0.5021958366067072
0.3787362831142582
0.5081482176699599
0.3595052630546483
0.4864196620520022
0.32628804658804933
0.4773660972111866
0.294819104672324
0.49728393986098096
0.28258118281620853
0.5316874862560805
0.6042637001769564
0.44244230865732376
0.6217464456856926
0.43338874381650805
0.6479705639487972
0.4370101697528344
0.6689498585592808
0.4478744475618131
0.6881808786188905
0.4569280124026288
0.6881808786188905
0.4628803934658815
0.6689498585592808
0.4538268286250658
0.6479705639487972
0.4429625508160871
0.6217464456856926
0.43934112487976074
0.6042637001769564
0.44839468972057644
0.32838597604909764
0.4972048900784157
0.6462222893979235
0.4465049269698479
0.5116634247990165
0.5603044083969532
0.26509843730747223
0.6403302643458685
0.38223283221600546
0.6258445606005635
0.5465706399981266
0.618601708727911
0.700418800475006
0.56609103265118
0.8210497444852864
0.6149802827915848
0.8193014699344129
0.7471623294674933
0.7318877423907314
0.8702908113025865
0.592025778320841
0.946340755965438
0.43642934329308797
0.9228014873793172
0.30880530107931303
0.8195908481940186