0.046921711009118384
0.30348671777290154
0.03464373007044618
0.4003463482450393
0.03464373007044618
0.49906866391856436
0.044875380852673015
0.5959282943907022
0.07966299351224428
0.6816118136545164
0.145145558518496
0.7523938513072324
0.22904509493275613
0.8138624629530121
0.31499096150346156
0.8641549633904683
0.39479783760483095
0.9163101490293116
0.4807437041755363
0.9647399642653807
0.5748748913720233
0.9535638530570569
0.6587744277862833
0.8976832970154389
0.7324423134183167
0.8362146853696593
0.7979248784245685
0.7747460737238795
0.8593147831179294
0.707689406473938
0.9063803767161729
0.6387700540226091
0.9636776210966431
0.5735760719740549
0.1922111521167395
0.2867225509604162
0.25360105681010053
0.28299718055764167
0.3170372916599069
0.2774091249534799
0.3825198566661587
0.2736837545507053
0.44186343120307436
0.2718210693493181
0.7467666245134342
0.40779708905058837
0.7897395577987868
0.43201199666862283
0.8327124910841396
0.45808958948804457
0.873639094213047
0.4860298675088536
0.9084267068726183
0.5158328307310498
0.22085977430697465
0.35109433211929564
0.2761106885309995
0.3473689617165211
0.3313616027550245
0.34178090611235923
0.3845661868226041
0.3343301653068102
0.4377707708901836
0.32874210970264844
0.4377707708901836
0.3351523661964851
0.3845661868226041
0.34074042180064684
0.3313616027550245
0.34819116260619587
0.2761106885309995
0.35377921821035774
0.22085977430697465
0.3575045886131323
0.8306661609276944
0.5232835715365989
0.8040638688939046
0.5139701455296625
0.7754152467036693
0.502794034321339
0.7488129546698796
0.4878925527102408
0.7222106626360898
0.4748537563005299
0.8306661609276944
0.5232835715365989
0.8040638688939046
0.5139701455296625
0.7754152467036693
0.502794034321339
0.7488129546698796
0.4878925527102408
0.7222106626360898
0.4748537563005299
0.3301338046611573
0.34386842323844524
0.7762337787662473
0.5005588120796741
0.666959748412065
0.5884775535851531
0.4377707708901836
0.705004520382876
0.4725583835497549
0.6938284091745524
0.5114386565222169
0.6938284091745524
0.5441799390253428
0.7087298907856504
0.5666895707462418
0.7236313723967486
0.5666895707462418
0.7300416288905852
0.5441799390253428
0.715140147279487
0.5114386565222169
0.700238665668389
0.4725583835497549
0.700238665668389
0.4377707708901836
0.7114147768767126