0.006454694547400566
0.3648069989507725
0.06057730832735434
0.4597297332518905
0.11469992210730812
0.5575289140469816
0.15910822059342403
0.6553280948420727
0.20906755639030442
0.7473743826492173
0.2881698380686984
0.823600214739509
0.3755986757132391
0.8955113770888407
0.45886423537470644
0.9602314232032392
0.5532318696577028
0.9789283254140654
0.6364974293191702
0.9142082792996669
0.7197629889806375
0.8451735634443085
0.7877631960375023
0.7675095081070302
0.8516001251112941
0.6797778900408455
0.90849825754663
0.5862933789867143
0.9265391288066146
0.4741119657217568
0.90849825754663
0.3619305524567993
0.886294108303572
0.256940255426775
0.01200573185816505
0.2799518273785611
0.043924196395060885
0.24111979970992198
0.08278145757041228
0.2080406650292294
0.1396795900057483
0.19509665580634972
0.1938022037857021
0.17639975359552346
0.5115990898269691
0.08147701929440562
0.568497222262305
0.0728476798124858
0.6323341513360967
0.0728476798124858
0.6906200430991238
0.07860057280043234
0.7419671382236954
0.09298280527029869
0.06890386429350108
0.2928958366014408
0.11886320009038148
0.24111979970992198
0.20490427840723105
0.22242289749909577
0.2867820787410073
0.2555020321797884
0.34784348915941665
0.31734563180021363
0.3755986757132391
0.40220080337242503
0.33257813655481433
0.46548262623983694
0.24792481756565585
0.49280886793258305
0.1827001291641731
0.44247105428805084
0.12163871874576371
0.3633687757037859
0.5990279274715098
0.20084954879429626
0.589313612177672
0.12893838644496455
0.6864567651160505
0.12462371670400464
0.7766611214159735
0.15626462813771058
0.8418858098174562
0.21810822775813585
0.8432735691451473
0.27563715763760127
0.8141306232636338
0.36624522219775923
0.7419671382236954
0.4194594823362647
0.6587015785622281
0.4122683661013315
0.6295586326807144
0.32166030154117353
0.23959826159950912
0.3389189805050132
0.7086609143591084
0.2353669067219755
0.37976195369631244
0.5445849048241018
0.453313198063942
0.6884072295227653
0.4741295879793088
0.6639574343239926
0.5199256457931158
0.6567663180890594
0.5698849815899962
0.6682721040649524
0.6059667241099654
0.6955983457576984
0.6087422427653476
0.7315539269323643
0.589313612177672
0.7747006243419633
0.5421297950361738
0.787644633564843
0.4893949405839111
0.7775770708359365
0.46857855066854426
0.7444979361552441