0.06937086196085868
0.38794449475032605
0.10078642534289438
0.45925254828685164
0.12220612764882774
0.5509343314052417
0.13648592918611666
0.6469819137197457
0.15933361164577897
0.7372084304394312
0.2007450361039169
0.8172480823681845
0.25786424225307264
0.8929219351008238
0.32069536901714396
0.9569536566438265
0.4006622576259619
0.9729615870295771
0.48919702715715335
0.9467667918528943
0.5777317966883447
0.9147509310813929
0.6619826257583493
0.8783692711137777
0.7390935540597097
0.8245244143617073
0.8133485220536122
0.7677690248122279
0.8833195495863277
0.7095583688640437
0.9318708748131103
0.638250315327518
0.9632864381951458
0.5509343314052417
0.04509519934746752
0.2031256621148413
0.1164942070339122
0.2147677933044781
0.1821812941054413
0.23368625648763797
0.25215232163815704
0.2453283876772748
0.31783940870968613
0.25988105166432085
0.51918461038546
0.24823892047468402
0.6348510028375004
0.3020837772267544
0.7533733555969986
0.3617496995736432
0.8776076289714122
0.40977349073089514
0.9847061405010793
0.4723499458751931
0.16076159179950789
0.3282785724034373
0.1964610956427302
0.29626271163193596
0.2707160636366327
0.30062851082804976
0.30927152778731276
0.3370101707956649
0.3306912300932462
0.3966760931425537
0.32640728963205945
0.4577972818881471
0.29641970640375276
0.4970894746531714
0.23073261933222367
0.5029105402479899
0.18932119487408572
0.4577972818881471
0.16647351241442346
0.39522082674384906
0.6362789829912293
0.41413928992700894
0.6748344471419094
0.3792128963580984
0.7405215342134386
0.40977349073089514
0.8147765022073409
0.44469988429980567
0.8561879266654789
0.498544741051876
0.8376241846670033
0.5596659297974694
0.7847889189790342
0.5960475897650845
0.7062500105239451
0.6047791881573121
0.6519867646822471
0.5669422617909924
0.6391349432986871
0.4970894746531714
0.24929636133069927
0.4112287571295997
0.6991101097553005
0.4927236754570576
0.3063280408870044
0.5890454623370381
0.36210679347528185
0.7503058280277726
0.3892384163961308
0.7546716272238865
0.41779801947070866
0.7604926928187048
0.4392177217766421
0.7721348240083417
0.4606374240825754
0.7852322215966832
0.4606374240825754
0.8012401519824338
0.4363617614691843
0.8099717503746613
0.40780215839460643
0.8056059511785476
0.3849544759349441
0.7910532871915016
0.3678187140901974
0.7692242912109325