0.04464623617023125
0.5235619342639602
0.07052262876263132
0.6003563881975416
0.08934182337528597
0.6754055136326323
0.12698021260059517
0.7469639820707422
0.1763805984588135
0.8080504795179092
0.24460017892968638
0.8621556629711142
0.3198769573803048
0.9092795324303573
0.4069157324638323
0.9546580733911099
0.49630690687394163
0.9860739863639386
0.5974600779169602
0.9860739863639386
0.6868512523270696
0.9529127448926193
0.7621280307776879
0.9022982184363953
0.8232904132688154
0.8429570494877189
0.8609288024941245
0.7696532525511185
0.8915099937396883
0.6928587986175372
0.9126815876789247
0.6160643446839559
0.9315007822915793
0.5427605477473556
0.06111303145630402
0.3629917124028356
0.11757061529426786
0.3106318574481211
0.18108539711197713
0.27572528747831143
0.26577177286892284
0.27048930198283994
0.32458175603346845
0.3019052149556687
0.6092220745498693
0.3647370409013261
0.6868512523270696
0.317613171442083
0.7668328294308515
0.2774706159768019
0.8468144065346336
0.266998644985859
0.9103291883523429
0.3141225144451021
0.14344700788666795
0.500872663783584
0.1881425950917226
0.44327682333339796
0.27753376950183195
0.41535156735755024
0.36927734323852307
0.4205875528530217
0.39280133650434135
0.48341937879867913
0.3998585344840868
0.5619591612307508
0.3786869405448504
0.6195550016809369
0.28929576613474106
0.6439896006598037
0.20931418903095902
0.6073377021915035
0.15520900451957706
0.5567231757352794
0.665679658387833
0.47992872180169815
0.6797940543473241
0.4258235383484931
0.7480136348181969
0.4170968958560407
0.8256428125953972
0.4380408378379265
0.8515192051877972
0.4816740503001886
0.8491668058612154
0.5340339052549031
0.8185856146156517
0.5898844172065987
0.7574232321245242
0.6213003301794273
0.6915560509802332
0.5951204027020701
0.665679658387833
0.5392698907503746
0.317524558053723
0.5392698907503746
0.7527184334713606
0.5322885767564127
0.6068696752232875
0.6980947841130086
0.42808732640306874
0.8569196774756427
0.46337331630179607
0.825503764502814
0.5221832994663417
0.8115411365148901
0.5833456819574693
0.8150317935118712
0.6068696752232875
0.8481930349831903
0.613926873203033
0.8848449334514905
0.5833456819574693
0.9197515034213002
0.5268880981195053
0.9319688029107336
0.4657257156283779
0.9249874889167716
0.4327921250562324
0.8918262474454525