0.04211241505201291
0.33433496310616173
0.056484786094069706
0.4461251774280605
0.07608347387869266
0.5525279115416751
0.12181374537614617
0.6427682050304369
0.19367560058643024
0.7276210183109143
0.2616177182397898
0.8016988711748231
0.3334795734500739
0.8650017636221634
0.41840722051677326
0.9188765657050062
0.5098677635116803
0.970057627683707
0.6026348856922289
0.9619764073712804
0.6771098992737961
0.8932860347156559
0.7515849128553632
0.8272894021641735
0.8116875553948735
0.7491709391440514
0.8521915101497609
0.6535431654470054
0.8900823065333653
0.5538747815937461
0.9318928404738942
0.4609407480008423
0.9867691662708384
0.37743480477243596
0.05909794446535277
0.23736031935704466
0.1505584874602598
0.21581039852390754
0.24332560964080835
0.18887299748248612
0.33739931100699844
0.16462933654520687
0.42624669563062245
0.13769193550378545
0.6940954286871359
0.16462933654520687
0.7620375463404954
0.1848323873262729
0.8260599264369303
0.2077291782114811
0.8940020440902898
0.22793222899254714
0.9567178450010833
0.2481352797736132
0.136186116418203
0.29258199149195857
0.21066112999977016
0.26699146050260825
0.28905588113826186
0.24409466961740003
0.3739835282049613
0.25082901987775535
0.4066480078459995
0.31143817222095355
0.40403484947471646
0.39629098550143094
0.3596111571629044
0.4622876180529134
0.2799098268387712
0.4676750982611977
0.2080479716284871
0.4286158667511366
0.1544782250171844
0.36396610425172526
0.6914822703158529
0.31143817222095355
0.7228401707712495
0.2589102401901818
0.7933954467958921
0.26429772039846605
0.8639507228205346
0.2845007711795321
0.901841519204139
0.339722443314446
0.8953086232759314
0.4030253357617863
0.8521915101497609
0.4622876180529134
0.7842493924964014
0.4717157084174109
0.7150006956574003
0.4501657875842738
0.6875625327589282
0.38955663524107564
0.3034282521803187
0.32221313263752205
0.7947020259815336
0.3316412230020196
0.6235401526624933
0.5592622618020304
0.39880853273215033
0.7308058554376528
0.4497651209721699
0.737540205698008
0.5046414467691142
0.7402339458021502
0.5608243517517
0.7388870757500792
0.6091677816204365
0.7281121153335106
0.6091677816204365
0.7303147584150564
0.5608243517517
0.741089718831625
0.5046414467691142
0.742436588883696
0.4497651209721699
0.7397428487795539
0.39880853273215033
0.7330084985191986