0.0707887246027149
0.4734299979442213
0.0798693150609613
0.5539970698879523
0.09349020074833093
0.6311357557915244
0.11165138166482377
0.701417669614779
0.16840507202886387
0.7665570043777955
0.2387796480802737
0.8145544089400183
0.32050496220449143
0.862551813502241
0.40677057155783236
0.9036924459841461
0.4975764761402966
0.9414046924258925
0.5838420854936376
0.9671175877270832
0.6701076948469785
0.9396904994058132
0.7382121232838268
0.8796937437030348
0.7972359612624285
0.8111260228998595
0.8426389135536606
0.745986688136843
0.8789612753866461
0.6722763882734295
0.9130134896050702
0.6002802814300955
0.9402552609798095
0.5317125606269202
0.20472743386184958
0.31743843311699743
0.2728318622986977
0.2848687657354892
0.3477467335792307
0.2591558704342985
0.42720190008888687
0.2762978006350923
0.495306328525735
0.3140100470768387
0.7858852231896205
0.3328661702977119
0.8244777326371677
0.3071532749965211
0.8676105373138383
0.28658295875556855
0.9062030467613854
0.2745836076150129
0.9561462942817408
0.27801199365517165
0.24786023853852004
0.432289365462316
0.3046139289025602
0.4065764701611253
0.3954198334850244
0.38943453996033156
0.4680645571509957
0.4014338911008872
0.48622573806748853
0.4597164537835862
0.4771451476092422
0.5145706304261265
0.44536308100537964
0.5728531931088254
0.3795288001830931
0.5779957721690636
0.3091542241316834
0.5419977187473966
0.2592109766113281
0.49228612116509435
0.7427524185129499
0.47514419096430066
0.7722643375022508
0.4288609794221573
0.833558323095414
0.4220042073418398
0.8993926039177007
0.4357177515024749
0.9243642276778783
0.47857257700445943
0.9039328991468238
0.5299983676068408
0.874420980157523
0.5745673861289048
0.8153971421789213
0.5985660884100161
0.7609135994294428
0.5659964210285079
0.7382121232838268
0.5231415955265233
0.3772586525685315
0.5042854723056501
0.8244777326371677
0.5248557885466026
0.724591237596457
0.6671338092131914
0.5157376570567894
0.8025550577994626
0.5429794284315286
0.7871273206187481
0.581571937879076
0.7836989345785894
0.6178942997120617
0.7922698996789864
0.6496763663159241
0.8025550577994626
0.6383256282431161
0.8265537600805739
0.6110838568683769
0.8419814972612883
0.5747614950353912
0.8488382693416059
0.5361689855878439
0.840267304241209
0.5111973618276662
0.8196969880002565