0.07220582846048942
0.541111798451687
0.08419220786537471
0.608717897646848
0.12814226568328738
0.6781511887121484
0.18008324310445686
0.7421029041670305
0.2420128700296975
0.7987458521413546
0.31193341655819495
0.8499072245052602
0.39184261259076336
0.8882782537781894
0.47374953852414614
0.9266492830511186
0.5596519242591572
0.9613659285837689
0.6555429594982395
0.9522299692330716
0.7374498854316222
0.9120317480900028
0.811365891761748
0.8590431838559576
0.8693000588853602
0.7877827009205176
0.9192433064057154
0.7183494098552172
0.9512069848187429
0.6434345431794981
0.9711842838268849
0.5575565252829423
0.9691865539260707
0.47716008299680485
0.1381309151873584
0.3821461057495516
0.19806281221178476
0.3492566520870408
0.2619901690378396
0.327330349645367
0.31992433616145177
0.36021980330787773
0.37985623318587813
0.38762768135997006
0.6195838212835835
0.36021980330787773
0.6775179884071957
0.3163671984245301
0.7374498854316222
0.2761689772814614
0.79338632265442
0.27799616915160086
0.8213545412658191
0.31819439029466956
0.2699810886410965
0.5295326620928106
0.28995838764923854
0.5185695108719736
0.32791525576470865
0.5130879352615552
0.3678698537809928
0.5130879352615552
0.40183126209483444
0.5076063596511367
0.40183126209483444
0.5137039203995946
0.3678698537809928
0.5191854960100131
0.32791525576470865
0.5191854960100131
0.28995838764923854
0.5246670716204315
0.2699810886410965
0.5356302228412685
0.651547499696611
0.463753754767789
0.6755202585063815
0.47106252224834694
0.7154748565226657
0.46923533037820747
0.7514339947373215
0.46923533037820747
0.773409023646278
0.4801984815990444
0.773409023646278
0.4862960423475023
0.7514339947373215
0.4753328911266654
0.7154748565226657
0.4753328911266654
0.6755202585063815
0.47716008299680485
0.651547499696611
0.4698513155162469
0.33151116958617427
0.5194256610020352
0.7134771266218517
0.4737458642485482
0.5976087923746273
0.6160266651274059
0.41581537140053393
0.748795686509549
0.4877336478298455
0.7835123320421993
0.5736360335648567
0.8036114426137335
0.6355656604900972
0.759758837730386
0.7014907472169664
0.7140790409768987
0.7014907472169664
0.7201766017253566
0.6355656604900972
0.7658563984788439
0.5736360335648567
0.8097090033621914
0.4877336478298455
0.7896098927906572
0.41581537140053393
0.7548932472580069