0.08312523848653078
0.3385948833410082
0.08128389653249742
0.44217036883415456
0.08496658044056406
0.5509246286019581
0.12915878733736327
0.6389637912711326
0.2028124654986954
0.7114666311163349
0.27462480170599407
0.7753381805037751
0.35932653159152594
0.8253996651587958
0.4458696034310911
0.8737348917222643
0.5324126752706564
0.9289751506519421
0.6281624568803881
0.9686790867576482
0.7036574769957534
0.9168913440110752
0.7552150517086859
0.837483471799663
0.8159793361917848
0.7563493414966983
0.8656955689506839
0.6734889531021813
0.8933156982611835
0.5768184999752446
0.9135704597555498
0.4766955306652033
0.9485559568821824
0.39038262608758134
0.19544709768256213
0.19186294555905087
0.2893555373382605
0.1987679779252606
0.3832639769939589
0.21603055884078498
0.4790137586036906
0.22984062357320453
0.5692395143513224
0.23501939784786177
0.7183882126280199
0.2471032044887289
0.7791524971111187
0.2401981721225191
0.8435994655022843
0.23674565593941427
0.9062050919394166
0.23674565593941427
0.9706520603305822
0.23674565593941427
0.25805272411969443
0.32996359288324595
0.32618237641892656
0.2971646891437496
0.40536008044235855
0.286807140594435
0.4845377844657905
0.27299707586201544
0.530571333316623
0.2988909472353021
0.5158405976843566
0.37657256135516176
0.48085510055772396
0.44217036883415456
0.40536008044235855
0.45943294974967885
0.32618237641892656
0.43871785265104957
0.2672594338898609
0.3869301099044764
0.7478496838925526
0.3316898509747984
0.7736284712490188
0.2919859148690923
0.8343927557321178
0.2850808825028825
0.8914743563071501
0.28853339868598743
0.9098877758474833
0.3247848186085886
0.90252240803135
0.3679412708973996
0.8822676465369836
0.4180027555524203
0.8380754396401844
0.4369915945594972
0.7846765229732187
0.4180027555524203
0.749691025846586
0.37829881944671423
0.44402826147705793
0.37312004517205694
0.8362340976861512
0.3627624966227423
0.7957245746974184
0.5561034028766155
0.4882204683738571
0.7563493414966983
0.5268886494085564
0.7097403730247825
0.604225011477955
0.6890252759261533
0.6797200315933205
0.6924777921092581
0.7165468706739865
0.7459917929473836
0.6999747930876867
0.8029583099686142
0.670513321823154
0.8599248269898446
0.6079076953860217
0.889271214546236
0.5397780430867897
0.8668298593560544
0.5011098620520903
0.8236734070672435