0.08267120757773433
0.2834953043967164
0.06615289692237346
0.3957037231329908
0.08031144891268276
0.5136664197531768
0.11334807022340448
0.6100505743086946
0.16290300218948708
0.6992418815093231
0.2207170894832501
0.78267891082604
0.27735129744448733
0.863238801200801
0.337525143403302
0.9294129968657835
0.4248362140102094
0.9610615252272967
0.5156869226146941
0.9855172062339206
0.6136169072143335
0.9768857894080534
0.6985682191561894
0.9337287052787171
0.7599219444475298
0.8546073843749338
0.8071171177485608
0.7611003687613718
0.842513497724334
0.6589619363219423
0.8814495156976846
0.5568235038825131
0.9298245683312415
0.47770218297872985
0.26319274545417803
0.07634130057590197
0.3316257467406731
0.03893849433047714
0.40123862735969384
0.09648127316959224
0.46967162864618883
0.1525854825377295
0.5274857159399519
0.21156683084782246
0.7493030304547977
0.25184677603520306
0.7905988070932
0.25184677603520306
0.8519525323845402
0.21156683084782246
0.9156660163409323
0.17560259407337553
0.9840990176274272
0.16265546883457463
0.27735129744448733
0.2791795959837827
0.3316257467406731
0.2791795959837827
0.3976989893621165
0.2820567349257385
0.46141247331850843
0.28924958228062786
0.5156869226146941
0.3208981106421412
0.49444909462923015
0.3784408894812563
0.4437142833306218
0.4259136820235262
0.37764104070917826
0.4359836683203714
0.32100683274794106
0.4057737094298359
0.27735129744448733
0.34391522217778725
0.7375042371295399
0.3712480421263669
0.7575621857824781
0.35830091688756605
0.7976780830883546
0.3568623474165881
0.8531324117170661
0.3611780558295217
0.8731903603700042
0.3971422926039687
0.8507726530520144
0.4359836683203714
0.8189159110738186
0.48777216927557504
0.7764402551028906
0.5237364060500219
0.7292450818018595
0.49928072504339804
0.7174462884766019
0.43742223779134926
0.3917995926994876
0.34391522217778725
0.7705408584402617
0.4201594041396147
0.6903090638285089
0.653207658438031
0.47557102530881773
0.8461793096472848
0.500348491291859
0.8303550454665283
0.5333851126025807
0.8317936149375063
0.5640619752482509
0.8404250317633735
0.5817601652361376
0.8605650043570636
0.5817601652361376
0.863238801200801
0.5640619752482509
0.8430988286071108
0.5333851126025807
0.8344674117812436
0.500348491291859
0.8330288423102656
0.47557102530881773
0.8488531064910222