0.08283236002915292
0.33394111049225156
0.04852790776196186
0.4104499109290227
0.022295091322345185
0.49391405686004586
0.004133910710302852
0.5791170391646318
0.014223455494770795
0.6643200214692179
0.0606353615033234
0.7356123127853
0.12117263021013114
0.8016880949806933
0.18574571683072608
0.8660250408025235
0.24830089449442747
0.9303619866243538
0.3209456169425967
0.9825270778312433
0.41578733791659556
0.9790494050841174
0.4965036961923392
0.9390561684921689
0.5731842365542957
0.8886299136588424
0.6478468679593586
0.829509476957701
0.7083841366661663
0.7651725311358708
0.7628676785022933
0.7077909308082924
0.8395482188642498
0.6660588578427808
0.21803226014102356
0.22787209170490974
0.3350709796408519
0.24352161906697656
0.4521096991406802
0.2643876555497323
0.5651126007267214
0.297425546647429
0.6821513202265496
0.30959740126236984
0.8516556726056114
0.47304802037729
0.8698168532176538
0.5026082387278608
0.9021033965279511
0.5252131115841795
0.9404436667089293
0.5391238025726832
0.9848376637605883
0.5426014753198093
0.23013971388238513
0.32698576499799964
0.32699934381327755
0.3217692558773107
0.43394851852863786
0.3304634377451256
0.5287902395026367
0.34089645598650353
0.512646967847488
0.42436060191752656
0.45816342601136095
0.49391405686004586
0.38955452147697883
0.5495568208140612
0.29874861841676725
0.5304296207048683
0.22408598701170437
0.4817422022451049
0.19785317057208765
0.39827805631408186
0.6559185037869331
0.5478179844404981
0.7144378635368471
0.5165189297163645
0.7850646770281229
0.5234742752106164
0.8375303099073562
0.568684020923254
0.8133154024246332
0.6051995847680766
0.7689214053729742
0.6417151486128991
0.7144378635368471
0.6712753669634698
0.6559185037869331
0.7060520944347294
0.6175782336059547
0.6660588578427808
0.6296856873473163
0.6034607483945135
0.3310351617270647
0.4156664200497117
0.7043483187523792
0.6104160938887654
0.6216140515197419
0.7077909308082924
0.3467748515908347
0.7813881912707259
0.3692455435154153
0.7836628318756775
0.3900276863358367
0.7927613942954838
0.4060039586290356
0.8074201893051717
0.4173042487876397
0.8228371978498434
0.4043154095248764
0.8433089632944076
0.3819746059929234
0.843056225449413
0.36119246317250203
0.834463138719596
0.34586563284244126
0.8187933923299295
0.3391114364258043
0.7990798404203493