0.10337516052389384
0.44576281911712007
0.14235506089564587
0.5261834721568207
0.17779133396087496
0.6084743729416305
0.21145579337284265
0.6870247782362217
0.2592947620109019
0.759964440295485
0.3124491716087456
0.8198123681389832
0.37800627677941956
0.8796602959824812
0.4506506365631392
0.9245462418651047
0.5410131328794734
0.9357677283357607
0.6242883745827619
0.9133247553944489
0.7004763616730046
0.8834007914726999
0.7731207214567243
0.8497363320607322
0.8386778266273982
0.8011098906878898
0.8776577269991501
0.730040476373736
0.9130940000643794
0.6514900710791448
0.9378993912100396
0.5579776838236791
0.9449866458230856
0.46820579205843194
0.10160334687063237
0.25312730137086076
0.1458986882021687
0.2045008599980185
0.21145579337284265
0.23816531940998623
0.27524108489025506
0.2699595310768445
0.34434181736745184
0.284921513037719
0.5498722011457807
0.2643487878415166
0.6384628838088536
0.2587380446061886
0.7288253801251879
0.2568677968610793
0.8138724354817376
0.2699595310768445
0.8670268450795813
0.30362399048881217
0.18310677492065935
0.38965538676384065
0.2327175572119801
0.3447694408812171
0.3106773579554841
0.3391586976458892
0.3797780904326809
0.38965538676384065
0.4134425498446486
0.4588545533328853
0.4205298044576944
0.5261834721568207
0.38332171773920387
0.5879016477454281
0.3106773579554841
0.5897718954905374
0.25752294835764045
0.5336644631372579
0.2203148616391499
0.46072480107799463
0.6172011199697162
0.38778513901873135
0.6544092066882067
0.35599092735187304
0.721738125512142
0.36721241382252895
0.7872952306828158
0.38778513901873135
0.8369060129741367
0.4401520758817922
0.8457650812404439
0.49812975598018094
0.7943824852958616
0.5411454541176952
0.721738125512142
0.5691991702943349
0.6738991568740827
0.5205727289214928
0.6473219520751607
0.47007603980354123
0.3230800535283144
0.47381653529375983
0.737684448391495
0.4775570307839785
0.3638317675533279
0.6103446206867399
0.4045834815783414
0.7431322105895011
0.44887882290987774
0.7375214673541733
0.4896305369348912
0.7412619628443918
0.5286104373066434
0.7450024583346104
0.5551876421055651
0.7711859267661408
0.5551876421055651
0.7917586519623434
0.5250668100001203
0.8123313771585459
0.4878587232816298
0.8160718726487645
0.4577378911761851
0.7992396429427805
0.4329325000305247
0.7674454312759224