-0.06733369817967853
0.3490351957388468
-0.030058435503727457
0.45320974738484043
0.01114053903285002
0.5538529582970716
0.0484158017088011
0.6527304988424214
0.09550034403631825
0.7374826764527213
0.18770757276103933
0.8116408318617337
0.2897240811373264
0.8663766132350524
0.38977873358330034
0.9175810538746086
0.4976808097505271
0.9581914723128774
0.6095065977783805
0.9793795167154523
0.6997519705727883
0.9228780649752524
0.7664550722034376
0.8469542391993587
0.8272726060431472
0.7692647430565838
0.8841664280222304
0.6792155543456402
0.9312509703497475
0.5803380138002903
0.9744118008166383
0.4796948028880591
1.0077633516319628
0.3808172623427092
0.007216827172223583
0.1795308405182469
0.08372920845443894
0.14245176281374067
0.17397458124884682
0.12656072951180947
0.2701055218341943
0.12479505914492818
0.3583890386982889
0.12302938877804699
0.6781715553393429
0.10713835547611571
0.7448746569699922
0.10890402584299698
0.807654046740015
0.12126371841116572
0.8665097246494115
0.1459831035475032
0.9155561229072418
0.18129651088512816
0.05233951356942754
0.33490983280379677
0.11708075926976363
0.2519233255603781
0.22105912357636395
0.21484424785587186
0.3289611997435908
0.2201412589565156
0.37016017428016823
0.30136209583305307
0.3544653268376625
0.4073023178459279
0.3073807845101454
0.5044141880243966
0.21909726764605073
0.557384299030834
0.12296632706070326
0.500882847290634
0.06803436101193325
0.41436499931345294
0.6467818604543314
0.3066591069336968
0.6860189790605957
0.2342666218915656
0.7899973433671961
0.2272039404240406
0.882204572091917
0.2519233255603781
0.9096705551163021
0.3402068439044405
0.9057468432556758
0.4125993289465717
0.8763190043009774
0.49735150655687155
0.7939210552278225
0.5273679027938527
0.7134849620849807
0.47439779178741537
0.6703241316180899
0.39847396601152163
0.25244881846137535
0.3666918994076592
0.7899973433671961
0.3702232401414217
0.6487437163846447
0.5732753323327652
0.4702148267261421
0.76396773195594
0.49964266568084037
0.7445453579202463
0.5428034961477312
0.7392483468196025
0.5879261825449351
0.7410140171864839
0.6173540214996333
0.7604363912221775
0.6134303096390068
0.7922184578260401
0.5820406147539955
0.8116408318617337
0.5428034961477312
0.8222348540630212
0.4957189538202139
0.8169378429623775
0.4702148267261421
0.7957497985598025