0.05439924184905228
0.29401474885198453
0.10522320491126091
0.3871673180271458
0.14680644741670432
0.48163189521885863
0.1814591495045738
0.5879045445595357
0.21842203173163463
0.6902411698505578
0.2657807245850563
0.7860177550588223
0.3304657684824127
0.8765463082008804
0.40439153293653435
0.9473947410946651
0.49217837822580374
0.9906910056408669
0.5799652235150732
0.944770725061562
0.6723724290827252
0.8962264284491539
0.7543838240240164
0.8253779955553693
0.8236892281997554
0.7440334985291721
0.8976149926538771
0.6535049453871139
0.9542144060640639
0.5498563120795401
1.00041800884789
0.4383356306726569
1.0316054407269726
0.3333749893485316
0.05324415177945664
0.1588779231471731
0.10637829498085656
0.14706985099820902
0.17221842894780864
0.14969386703131213
0.23921365298435635
0.14182181893200274
0.28772743590737365
0.11426965058441983
0.5279861703832689
0.06310133793890871
0.6411849972036426
0.09458953033614631
0.755538914093612
0.1313257547995902
0.8756682813315597
0.1667499712464825
0.9819365677343596
0.22447832397475148
0.13756572685993912
0.2166062758754421
0.18838968992214772
0.17855804339544665
0.26809090472424757
0.1680619792630341
0.3373963088999866
0.19692615562716856
0.3893753620317909
0.2690865965375048
0.41247716342370394
0.35043109356370195
0.35125738973513443
0.3950393661264552
0.28079689548979975
0.4239035424905897
0.22304239201001724
0.371423221828527
0.18492441971336077
0.2913907328188814
0.6515808078300035
0.18118205942854976
0.6619766184563644
0.13394977083269333
0.7428329233280598
0.14575784298165742
0.8098281473646077
0.18905410752785914
0.8629622905660075
0.24678246025612813
0.8618072004964119
0.29795077290163924
0.8179137778517772
0.36486318174576915
0.7509185538152294
0.40422342224231617
0.6885436900570643
0.380607277944388
0.6677520688043426
0.29270274083543296
0.2704010848634389
0.29532675686853616
0.7416778332584643
0.2808946686864689
0.3905304521013866
0.5498563120795401
0.4448196853723821
0.723041370264347
0.4771622073210603
0.7177933381981408
0.5095047292697386
0.7177933381981408
0.5418472512184168
0.7256653862974501
0.570724502958308
0.7387854664629658
0.5753448632366905
0.7571535786946878
0.544157431357608
0.7610896027443426
0.5118149094089298
0.7571535786946878
0.481782567599443
0.7492815305953784
0.44828495558116904
0.7453455065457236