0.10150179124747005
0.5528406951699096
0.12682266820382823
0.6273373827511586
0.14581332592109683
0.6983691081193262
0.1774644221165445
0.7642033901678716
0.23654646834804677
0.821375266683714
0.3061788799780316
0.8646872943472308
0.3800314377674095
0.8993369164780441
0.4644343609552699
0.9270566141826949
0.5488372841431303
0.9513113496742642
0.6290200611715977
0.9772985662723744
0.7092028382000652
0.953043830780805
0.770394957511264
0.9028018786911255
0.8168165652645872
0.8438975210687426
0.8569079537788209
0.7797957201267377
0.878008684575786
0.7001015892258668
0.8927791961336615
0.63080234496424
0.9117698538509301
0.5563056573829911
0.27874792994197695
0.41770716885973724
0.3314997569343897
0.3518728868111917
0.41168253396285714
0.3622677734504357
0.47498472635375244
0.4211721310728186
0.5256264802664687
0.4800764886952015
0.7218632766782442
0.4748790453755795
0.774615103670657
0.4870064131213642
0.8189266383442837
0.44022942324476605
0.869568392257
0.3969173955812492
0.9392008038869848
0.3865225089420052
0.36315085312983736
0.5718322725412641
0.3905818031658921
0.5597049047954794
0.4243429724410362
0.5475775370496947
0.4559940686364839
0.5389151315169914
0.48764516483193154
0.540647612623532
0.48764516483193154
0.5459107707437469
0.4559940686364839
0.5441782896372064
0.4243429724410362
0.5528406951699096
0.3905818031658921
0.5649680629156943
0.36315085312983736
0.5770954306614791
0.7239733497579408
0.5510424992627762
0.7556244459533884
0.5493100181562355
0.7851654690691395
0.5510424992627762
0.8104863460254976
0.5579724236889388
0.8294770037427662
0.5718322725412641
0.8294770037427662
0.5770954306614791
0.8104863460254976
0.5632355818091538
0.7851654690691395
0.5563056573829911
0.7556244459533884
0.5545731762764504
0.7239733497579408
0.5563056573829911
0.4243429724410362
0.5543670707655
0.7809453229097466
0.5588715216425056
0.6965423997218861
0.6498596371361874
0.4243429724410362
0.842165039962202
0.5003056033101105
0.8231077477902545
0.5868185995776675
0.8127128611510105
0.6691114496858314
0.7988530122986852
0.7155330574391547
0.8248402288967953
0.7007625458812792
0.8872095487322594
0.6606711573670455
0.9478463874611829
0.580488380338578
0.9599737552069676
0.5003056033101105
0.932254057502317
0.4285631186004292
0.9028018786911255