0.046047561335780134
0.5113446347745269
0.06608651833826511
0.5916297457050891
0.09213716244149561
0.6684241996386704
0.14223455494770804
0.7312560255843279
0.19834363455466594
0.7923425230314948
0.26046440126236936
0.8516836919801712
0.33060075077106676
0.9022982184363953
0.40875268308075813
0.944186102400167
0.4909124067909466
0.9721113583760147
0.585095504702626
0.9651300443820527
0.6552318542113234
0.9197515034213002
0.7173526209190267
0.8639009914696046
0.7794733876267301
0.8028144940224378
0.8275668844326941
0.7382373395782899
0.8696486941379126
0.6649335426416895
0.891691546840646
0.5863937602096176
0.9137343995433794
0.5078539777775459
0.028012500033543657
0.3874263113817024
0.09213716244149561
0.3298304709315164
0.18231246895267797
0.3350664564269879
0.27849946256460584
0.34728375591642124
0.3746864561765337
0.3437930989194403
0.6191617316068504
0.34902908441491176
0.6973136639165418
0.30015988645717817
0.7754655962262332
0.2530360169979351
0.8435980500346821
0.21463879003114447
0.8896876511403975
0.2617626594903875
0.1602696162499445
0.47818339330320764
0.20836311305590843
0.4485128088288694
0.27649556686435733
0.42407820985000266
0.35264360347380025
0.4136062388590597
0.38871372607827315
0.45549412282283136
0.3746864561765337
0.5218166057654697
0.34663191637305474
0.5846484317111272
0.2885189410658483
0.6108283591884844
0.2304059657586419
0.5741764607201842
0.18231246895267797
0.5305432482579222
0.6171578359066019
0.4607301083183028
0.6412045843095839
0.4048795963666073
0.7153487252187782
0.3978982823726453
0.7834811790272271
0.40313426786811685
0.8255629887324456
0.4293141953454741
0.8075279274302092
0.49912733528509345
0.7834811790272271
0.5567231757352794
0.7273720994202693
0.5933750742035796
0.6692591241130629
0.5567231757352794
0.6311851058083414
0.5078539777775459
0.2885189410658483
0.5200712772669793
0.7273720994202693
0.5148352917715078
0.6071383574053595
0.6649335426416895
0.3666708733755397
0.8132864650133806
0.4067487873805096
0.7504546390677233
0.4909124067909466
0.7382373395782899
0.573072130501135
0.764417267055647
0.6351928972088384
0.7539452960647042
0.6171578359066019
0.8429570494877189
0.5870994004028744
0.9145155179258287
0.5049396766926861
0.937204788406205
0.4267877443829946
0.9162608464243192
0.3726825604762852
0.8639009914696046