-0.07286130923934069
0.33876901865005493
-0.07286130923934069
0.43041610252112156
-0.05922110528411718
0.5220631863921881
-0.031940697373670196
0.6103159338235855
0.020671517882191844
0.6832941672764719
0.07523233370308581
0.7511808960698544
0.1434333534792033
0.8190676248632371
0.21553157438538464
0.8869543536566198
0.29152699642162977
0.9412637366913258
0.38116262241309845
0.9786014375276864
0.48054125122972674
0.9718127646483481
0.5623824749610676
0.9344750638119877
0.6344806958672489
0.8818628489971161
0.6929387128182068
0.8190676248632371
0.7494481292041326
0.7477865596301853
0.7981631433299309
0.6765054943971336
0.8390837551956014
0.6018300927244127
0.20189137043016112
0.23015025258064273
0.2681437896412467
0.19960122462362048
0.3519336139376195
0.22845308436080816
0.4220832342787689
0.2827624673955143
0.4591066450143755
0.3285860093310476
0.6695555060378237
0.4066557474434376
0.7358079252489093
0.4117472521029413
0.7981631433299309
0.41853592498227954
0.8585697608459205
0.416838756762445
0.8683127636710802
0.4422962800599635
0.18435396534487375
0.3319803457707167
0.23501758003570386
0.3251916728913784
0.3032185998118213
0.34386052330955863
0.3772654212830346
0.37610671948641544
0.420134633713737
0.4236274296417833
0.37531682071800265
0.494908494874835
0.3090644015069171
0.5356405321508647
0.2252745772105442
0.5254575228318572
0.18825116647493761
0.45926796225830907
0.18240536477984182
0.3828953923657536
0.6247376930420894
0.5118801770731807
0.6676069054727917
0.48302831733599305
0.7202191207286538
0.47963398089632386
0.7806257382446435
0.49321132665500045
0.7923173416348351
0.5407320368103684
0.7650369337243881
0.584858410526067
0.7182705201636219
0.623893279582262
0.659812503212664
0.6306819524616003
0.6110974890868659
0.6069215973839164
0.6130460896518979
0.5526122143492102
0.2447605828608635
0.41853592498227954
0.6539667015175682
0.5373377003706993
0.6013544862617063
0.6595338121987879
0.33634480941736405
0.815673288423568
0.3714196195879388
0.8054902791045606
0.41039163088857733
0.8122789519838989
0.445466441059152
0.8292506341822447
0.4707982484045671
0.8530109892599285
0.4591066450143755
0.878468512557447
0.4259804354088328
0.8648911667987704
0.39285422580328994
0.8530109892599285
0.3519336139376195
0.8445251481607555
0.3149102032020129
0.8343421388417483