0.01870315162378626
0.4151419920180707
0.0350047312491875
0.5000000009313225
0.051306310874588784
0.5832865652350696
0.08187177267221617
0.6618587957103026
0.14300269626747092
0.729430913919003
0.21839750203495187
0.7922886982991896
0.2815661230833818
0.845717815022348
0.3589986263040379
0.8897182640884784
0.44050652443104427
0.9400044915926277
0.5342406072771015
0.9651476053447022
0.6198239003104582
0.9274329347165905
0.6992941009842893
0.8787181518219459
0.7543119322200187
0.8237175904892827
0.8072920660025729
0.7655741399376104
0.8541591074256016
0.6995734663384144
0.886762266676404
0.6272870143012
0.9214031233803818
0.5675721191400229
0.17560585551827348
0.2579975310676046
0.2448875689262289
0.22342574965850207
0.32435776960006013
0.22342574965850207
0.38956408810166526
0.2627118648961186
0.4445819193373945
0.3114266477907631
0.7420857475009678
0.37585587678045423
0.782839696564471
0.3412840953713517
0.8378575278002003
0.3192838708382864
0.8949130564891047
0.3004265355242305
0.9438177953653085
0.2988550909147258
0.24081217401987862
0.425047705360127
0.2897169128960825
0.40619037004607095
0.3447347441318117
0.40461892543656636
0.3977148779143659
0.4156190377030989
0.4242049448056429
0.4266191499696316
0.4242049448056429
0.43085643811311736
0.3977148779143659
0.41985632584658467
0.3447347441318117
0.40885621358005214
0.2897169128960825
0.41042765818955673
0.24081217401987862
0.42928499350361277
0.7502365373136685
0.48633404513080875
0.7767266042049454
0.4957627127878367
0.8032166710962225
0.5114771588828834
0.8276690405343246
0.5240487157589206
0.8419329227065505
0.531905938806444
0.8419329227065505
0.5361432269499298
0.8276690405343246
0.5282860039024064
0.8032166710962225
0.5157144470263691
0.7767266042049454
0.5000000009313225
0.7502365373136685
0.49057133327429453
0.33943673075355646
0.41773768177484194
0.7999563551711423
0.5120243583451216
0.7176333780628659
0.6147154574251628
0.3630740212103881
0.6540015726627793
0.4445819193373945
0.6854304648528726
0.5342406072771015
0.7027163555574238
0.6279746901231589
0.7090021339954424
0.6850302188120634
0.734145247747517
0.6381631773890346
0.771859918375629
0.5749945563406047
0.8252890350987875
0.48941126330724793
0.8252890350987875
0.4242049448056429
0.771859918375629
0.37326250847626397
0.7137164678239564