0.10610875734587907
0.3211960117126499
0.1653389690706039
0.40447458333497555
0.19918480434187527
0.4991835471407577
0.21949230550463808
0.6004241636228006
0.24318439019452798
0.7000318669357783
0.2922608513378715
0.7882091780652997
0.3481064795354692
0.8731206628566905
0.4208750253687025
0.9286397106049076
0.5274894064732073
0.9172093184214511
0.6307192040505849
0.8812852287020166
0.7271798345737083
0.8404623994753864
0.8253327568603952
0.7931079175724953
0.8997935944571921
0.7163609986264305
0.9319471379648999
0.6134874689753224
0.9251779709106457
0.5073481129860837
0.9133319285657007
0.40120875699684516
0.8981013026936286
0.2999681405148022
0.05026312914828132
0.21015791621621568
0.09087813147380697
0.19056295818743313
0.14672375967140464
0.1987275240327592
0.20933855492325665
0.19709461086369398
0.2651841831208544
0.1889300450183679
0.45133627711284674
0.12524643142482478
0.5461046158724066
0.12361351825575957
0.6290269122870215
0.08442360219819453
0.7237952510465812
0.06809447050754244
0.8151790062790139
0.07952486269099893
0.1399545926171504
0.2738415298097588
0.16364667730704033
0.23301870058312857
0.23303063961314663
0.23465161375219376
0.2837993925200536
0.24934783227378066
0.31933751955488854
0.2950694010076065
0.3142606442641978
0.33915805657236714
0.2922608513378715
0.3897783648133887
0.2516458490123458
0.42406954136375813
0.2110308466868202
0.38324671213712785
0.17718501141554888
0.33099349072704115
0.5579506582173515
0.2019933503708896
0.5867196181979322
0.16606926065145503
0.6628727475582927
0.18566421868023752
0.7424104604457804
0.2019933503708896
0.7914869215891238
0.2526136586119111
0.7864100462984331
0.30160105368386736
0.7508719192635983
0.3669175804464757
0.6865648322481828
0.3979429306587147
0.6273346205234578
0.3652846672774106
0.5917964934886228
0.2934364878385413
0.2584150160666001
0.31303144586732384
0.681487956957492
0.27710735614788923
0.2448766819580916
0.4763227627738447
0.36841398069823195
0.6613547254404504
0.4107212747873212
0.6482914200879286
0.4597977359306646
0.6450255937497982
0.5071819053104446
0.6482914200879286
0.5393354488181523
0.659721812271385
0.5393354488181523
0.6641077772163437
0.5071819053104446
0.6526773850328873
0.4597977359306646
0.6494115586947569
0.4107212747873212
0.6526773850328873
0.36841398069823195
0.6657406903854091