0.062128192644722725
0.5922595977774746
0.13165487796406466
0.6461457323566265
0.18996758178028697
0.7114622591192349
0.24828028559650925
0.7784116990509085
0.31556417461522723
0.8355636599681907
0.3985476377383128
0.8829181418710818
0.4882594897632701
0.9270067974358426
0.5802141380888515
0.9645638003243424
0.6811399716169284
0.9580321476480813
0.7484238606356465
0.9074118394070598
0.8179505459549884
0.8437282258135168
0.8762632497712106
0.775145872712778
0.9211191757836893
0.6983989537667132
0.9525183239924244
0.6200191216515831
0.965975101796168
0.5334747236911271
0.9457899350905525
0.4485632388997362
0.9054196016793218
0.37181631995367137
-0.018612474177738855
0.44693032573067093
0.026243451834739803
0.4273353677018885
0.0845561556509621
0.4175378886874972
0.14735445206843223
0.4191708018565624
0.2034243595840306
0.41427206234936675
0.427703989646424
0.31303144586732384
0.4972306749657658
0.298335227345737
0.5779713417882274
0.2934364878385413
0.6542264160094412
0.2901706615004109
0.730481490230655
0.28527192199321527
0.11595530385969711
0.5400063763673879
0.14959724836905616
0.5073481129860837
0.20118156328340658
0.4877531549573012
0.26622265600150075
0.4910189812954316
0.31556417461522723
0.5106139393242142
0.34247773022271444
0.5432722027055183
0.31556417461522723
0.5889937714393443
0.2707082486027486
0.6069558162990615
0.20790995218527844
0.5906266846084094
0.15184004466968007
0.5677659002414964
0.5263870268738771
0.4208037150256276
0.5398438046776206
0.3767150594608669
0.6003993047944668
0.3538542750939541
0.6721687864144328
0.3538542750939541
0.7349670828319028
0.37181631995367137
0.7506666569362703
0.41263914918030165
0.732724286531279
0.46489237059038824
0.6833827679175525
0.49591772080262725
0.6138560825982103
0.4877531549573012
0.5555433787819882
0.45346197840693186
0.2617370634002528
0.548170942212714
0.6564692123100652
0.42406954136375813
0.3738768784314495
0.6918673010904524
0.5272635219798679
0.8039231192131876
0.5438653704580496
0.7908199403995607
0.5685876883005596
0.7835838565771103
0.5931295512683065
0.7781079012520125
0.6149645911146108
0.7861262644066198
0.6247091543518044
0.7984471638880898
0.6162277752379507
0.8164395885276967
0.5915054573954409
0.8228933930179905
0.5662417749286426
0.8244579516823041
0.5418803668356584
0.8181997170250496