0.0726242212806859
0.3329569380730391
0.12686384948192547
0.4307382423430681
0.1720635396496251
0.5285195466130972
0.2082232917837848
0.6290169982239605
0.2516149943447764
0.7267983024939895
0.30585462254601603
0.8150730910710992
0.38359808963445935
0.8965575112961233
0.4703814947564426
0.9712515631690621
0.5987486148327096
0.9644611948169768
0.7162678092687286
0.9277932057157159
0.8337870037047477
0.8789025535807014
0.9440742477139348
0.8191473120823503
1.0435135660828738
0.7539597759023309
1.1284889835981493
0.6738334293477237
1.1754966613725568
0.5719779040664434
1.1971925126530527
0.4619739367626608
1.1971925126530527
0.36011841148138046
0.10516799820142966
0.22295297076925638
0.15398366358254528
0.2175206760875881
0.21364725460390874
0.2134464550763369
0.27331084562527225
0.20801416039466855
0.3329744366466358
0.20665608672425154
0.5788607511589218
0.17813653964549303
0.6909559827748167
0.17270424496382475
0.803051214390712
0.17406231863424182
0.916954433613315
0.17406231863424182
1.0001218635218823
0.1794946133159101
0.14494372554900534
0.27999206492677337
0.19195140332341293
0.25962095987051725
0.27150285801856433
0.25554673885926604
0.34020638707346773
0.2664113282226026
0.36551821356737946
0.312585833016783
0.36551821356737946
0.3533280431292951
0.3438223622868837
0.39950254792347556
0.2787348084453962
0.4130832846276462
0.22087920503074068
0.3804895165376365
0.181103477683165
0.3343150117434561
0.6710681191010289
0.23381756013259294
0.7433876233693484
0.22295297076925638
0.8337870037047477
0.23110141279175875
0.9223783964334389
0.2473982968367636
1.0037378387352982
0.2840662859380245
1.0037378387352982
0.33838923275470734
0.9332263220736868
0.37641529552638536
0.8428269417382875
0.38863795856013894
0.7596595118297201
0.3641926324926317
0.7072278712351886
0.3044373909942806
0.2950066969057681
0.32480849605053663
0.8627148054120755
0.3098696856759489
0.3185105357929719
0.5434583569876851
0.4541096062960708
0.7109134183265269
0.5119652097107263
0.7204199340194464
0.5752447759455058
0.7163457130081952
0.6421403173937013
0.7149876393377781
0.7054198836284807
0.7177037866786122
0.7054198836284807
0.7200079341419041
0.6421403173937013
0.71729178680107
0.5752447759455058
0.718649860471487
0.5119652097107263
0.7227240814827383
0.4541096062960708
0.7132175657898188