0.03499999921768904
0.36963695784409834
0.06666666517655052
0.4620461973051229
0.1083333309118946
0.5561056017565229
0.15499999653548002
0.6435643462464213
0.218333328453203
0.7178217708133161
0.29333332677682233
0.7788778754572072
0.37166665835926926
0.8349834851299722
0.46166665634761245
0.8877887648219862
0.5566666542241969
0.9207920646294951
0.6533333187301953
0.9191418996391196
0.7199999839067459
0.853135300024102
0.7916666489715376
0.7821782054379582
0.8516666476304331
0.7128712758421898
0.8966666466246047
0.6287128613330424
0.9283333125834663
0.5313531269008913
0.9699999783188105
0.43729372244949133
0.9949999777600169
0.34323431799809134
0.08499999810010195
0.2541254085178176
0.16666666294137633
0.20297029381617904
0.274999993853271
0.24257425358518958
0.3916666579122344
0.26072606847931934
0.4966666555653015
0.23597359362368778
0.6599999852478504
0.19636963385467723
0.7233333171655734
0.14686468414341405
0.7849999824538827
0.08745874448989824
0.8566666475186744
0.029702969826757908
0.923333312695225
-0.003300329980750902
0.1749999960884452
0.3333333280558387
0.23499999474734068
0.2986798632579545
0.3016666599238912
0.2821782133542001
0.37666665824751056
0.28712870832532644
0.42499999050050974
0.3333333280558387
0.41666665735344083
0.3910891027189791
0.38833332465340686
0.46039603231474757
0.32166665947685635
0.4686468572666247
0.2516666610414783
0.43399339246874047
0.19999999552965164
0.39273926770935447
0.7033333176126082
0.3036303582290808
0.7299999836832285
0.23762375861406326
0.7999999821186066
0.20297029381617904
0.8799999803304672
0.217821778729558
0.9266666459540525
0.26567656345044566
0.9149999795481563
0.34653464797884226
0.8849999802187085
0.42079207254573703
0.8233333149303992
0.4653465272858739
0.7516666498656073
0.4273927325072387
0.7066666508714357
0.36633662786334753
0.3299999926239252
0.37293728782484925
0.8099999818950891
0.34323431799809134
0.683333318059643
0.5082508170356352
0.4399999901652336
0.706270615880688
0.4783333226417501
0.6551155011790493
0.5449999878183007
0.6567656661694248
0.6183333195125063
0.6666666561116774
0.6649999851360917
0.7029702858999372
0.6666666517655053
0.7673267205245793
0.6249999860301614
0.8168316702358425
0.5583333208536108
0.8135313402550914
0.4883333224182327
0.8102310102743406
0.44333332342406107
0.7706270505053301