-0.10528936008686328
0.37828421890201086
-0.04114184450670649
0.48026232059354224
0.014781630614455817
0.5789508061014758
0.06083625718482478
0.6727048673340126
0.1414318536829705
0.7533004638321582
0.24012033919090398
0.815803171320516
0.3355192085152397
0.8684370302580806
0.4473661587575644
0.9112020406448518
0.559213108999889
0.9490326267562263
0.6727048673340126
0.9720599400414108
0.7450764233731637
0.8980435759104607
0.8108687470451195
0.8075791308615217
0.8585681817072872
0.7088906453535881
0.8963987678186618
0.5986885032030624
0.9194260811038463
0.47861751250174334
0.9490326267562263
0.3651257541676197
0.9753495562250085
0.2582132282006918
-0.06693936089386807
0.13372722630559672
0.023330304249463238
0.1072804435664093
0.12372852448439821
0.07615894309263553
0.23867031100471287
0.053326409713058805
0.28617496576127294
0.018049604586319393
0.6315846650390402
0.011492014430858033
0.6825737158848059
0.04438817626683587
0.7467212314649626
0.05590183290942811
0.815803171320516
0.05096740863403143
0.8733714545334773
0.03122971153244473
0.011492014430858033
0.21215860163032282
0.07234991382741705
0.16610397505995386
0.18255205597794277
0.15459031841736162
0.26808207675148515
0.1611695507845572
0.28617496576127294
0.26314765247608846
0.3075574709546585
0.35032248134142974
0.2976886224038652
0.4473661587575644
0.21544821781392062
0.4703934720427489
0.13156300513217714
0.39473229981999985
0.07234991382741705
0.3108470871382563
0.6266502407636436
0.20886898544672505
0.6562567864160236
0.13156300513217714
0.7236939181797781
0.08057395428641151
0.8042895146779239
0.10853569184699267
0.8388304846057005
0.18255205597794277
0.8371856765139016
0.27137169293508295
0.8190927875041139
0.3536120975250275
0.7533004638321582
0.39966672409539655
0.6825737158848059
0.3536120975250275
0.6398087054980347
0.2779509253022785
0.194065712620535
0.330584784239843
0.7154698777207837
0.2582132282006918
0.7039562210781914
0.4654590477673522
0.48026232059354224
0.7335627667305715
0.5065792500623245
0.6677704430586159
0.5690819575506824
0.6381638974062358
0.6430983216816325
0.6332294731308391
0.6743496754258114
0.6759944835176103
0.6611912106914203
0.7631693123829516
0.6414535135898336
0.8404752926974994
0.588819654652269
0.8684370302580806
0.51315848242952
0.8421201007892983
0.48190712868534114
0.787841433759935