0.0385988834057061
0.3123002790087303
0.026068043208395276
0.41955725923920706
0.0417315934550338
0.5253245591887049
0.07149233892364697
0.6221537774523296
0.12004934468822634
0.704086192906166
0.196800740896755
0.7845289280790236
0.28138391222860293
0.847095499880135
0.37066614863444247
0.903703350557331
0.46308109508960965
0.9483937589866962
0.5664605267174238
0.9647802420774636
0.6463446329752802
0.903703350557331
0.7168306090851535
0.8366677379132831
0.7841838751456991
0.7606940435833621
0.8327408809102785
0.6698235464436527
0.8781651766255302
0.5759736887419855
0.9220231173161179
0.49255159300717033
0.973712833130025
0.42253661980116475
0.10125308439226013
0.21994010158804214
0.19836709592141888
0.20355361849727485
0.29548110745057754
0.18567745512552875
0.39572782902906406
0.17524969315867683
0.48344371041023976
0.1961052170923806
0.7716530349483883
0.258671788893492
0.8139446206143122
0.258671788893492
0.8546698512555724
0.26612019029838624
0.889129661798177
0.28101699310817463
0.9173240522421263
0.30187251704187845
0.1686063504528057
0.2646305100174074
0.25318952178465365
0.23632658467880938
0.3377726931165016
0.22440914243097862
0.42548857449767724
0.2407956255217459
0.4521166099169626
0.3093209184467727
0.43801941469498806
0.38380493249571485
0.3878960539057448
0.44488182401584736
0.29704746247524144
0.44637150429682626
0.22186242129137665
0.40466045642941867
0.17017270547746952
0.34358356490928604
0.7042997688878426
0.3748668508098417
0.7403259344551112
0.3257074015375399
0.8123782655896484
0.3197486804136246
0.8718997565268747
0.3406042043473284
0.8969614369214962
0.3882739733386513
0.8734661115515384
0.4538199057017205
0.8343072359349423
0.5044690352550011
0.7700866799237243
0.5297936000316414
0.7183969641098173
0.4895722324452127
0.6996007038138512
0.4299850212060589
0.2986138174999053
0.33762484378537067
0.7873165851950268
0.4165778986772494
0.7074324789371703
0.5566078450892606
0.44428483479364345
0.7020793697297179
0.4928418405582228
0.7020793697297179
0.5382661362734744
0.7080380908536332
0.5836904319887262
0.7095277711346121
0.6197165975559947
0.7139968119775486
0.6197165975559947
0.7174933154349756
0.5836904319887262
0.7130242745920391
0.5382661362734744
0.7115345943110603
0.4928418405582228
0.7055758731871449
0.44428483479364345
0.7055758731871449