0.07464638806028379
0.24347654135309768
0.11675251056964428
0.33238524234818734
0.1504374085771327
0.4460717780468265
0.18171624244122905
0.5641308728107981
0.22141630080719757
0.6807324478863255
0.27675577610521424
0.7842163457658561
0.3489377004069751
0.8745825664493898
0.421119624708736
0.954746149313815
0.5137530942293291
0.9780664643289205
0.6039804996065302
0.9226807161680448
0.6905988087686432
0.8483472120573962
0.7699989255005801
0.7681836291929711
0.8469929780891251
0.6763598888209933
0.915565806175798
0.5743335106299068
0.9636870890436386
0.46064697493126755
0.9865446984058628
0.33530028172507553
0.993762890836039
0.20266599007666306
0.07825548427537181
0.05545650154380971
0.12878283128660445
0.02922114715181603
0.19494959522988523
0.02339106839803966
0.25750726295807796
0.043796344036256964
0.31525280239948666
0.06274409998603016
0.6215587837609234
0.046470821911168955
0.6713502956215069
0.0304239546616971
0.75195344442514
0.017023263933963504
0.833759625300469
0.013245033285278346
0.8975203251003577
0.04153223578236322
0.1600616651507008
0.20412350976510718
0.1925435310864932
0.16914303724244895
0.26592848745995007
0.15748287973489622
0.32608009104475083
0.17497311599622534
0.3525467966220632
0.23035886415710086
0.3489377004069751
0.2988622895139732
0.32848615518814284
0.3629931558055132
0.2695375836750381
0.3877709905090629
0.21299507630532546
0.3498754786095164
0.175701082082749
0.2857446123179764
0.6533048145460668
0.1618554388002285
0.6713502956215069
0.11375728908157344
0.75195344442514
0.11958736783534976
0.833759625300469
0.14145016316201117
0.8975203251003577
0.19537839163444262
0.8866930364550937
0.28137205325264414
0.834962657372165
0.34550291954418416
0.761577700998708
0.3950585889512833
0.6918018408403392
0.35570555736329285
0.672553327693203
0.26096677761442677
0.2695375836750381
0.2230712657148804
0.7447352519949639
0.20558102945355128
0.3717953097691994
0.4868823293232612
0.4331499454256961
0.6836474872632138
0.4584136189313124
0.6603271722481083
0.5017227735123689
0.6544970934943318
0.5426258639500334
0.6632422116249964
0.5751077298858259
0.6953076447707665
0.5714986336707378
0.7434057944894216
0.5462349601651215
0.7827588260774121
0.505331869727457
0.7944189835849648
0.4668348434331845
0.7725561882583034
0.44277420199926426
0.7317456369818688