0.12690388781486858
0.4920544954562278
0.16201198366380776
0.5750410026996465
0.1878811069209209
0.6580275099430651
0.21559802469639924
0.7392483468196025
0.26364068217389497
0.8169378429623775
0.3246179012799472
0.8857989872707462
0.3929862984594604
0.9423004390109462
0.47244146274916493
0.9793795167154523
0.5666789831857912
0.9776138463485711
0.6461341474754957
0.9475974501115899
0.7218937227284699
0.9034556909395586
0.799501092499809
0.8504855799331212
0.8641739006425919
0.7816244356247526
0.906673174564992
0.6951065876475714
0.9343900923404702
0.6103544100372715
0.9454768594506616
0.5185395509594466
0.9417812704139311
0.43025603261538414
0.14722962751688604
0.37198891050830296
0.18603331240255563
0.34550385500508424
0.2322281753616862
0.35786354757325295
0.2839664218759124
0.3631605586738967
0.3301612848350429
0.3543322068394905
0.4890716134144519
0.35962921794013425
0.5833091338510782
0.32961282170315304
0.6627642981407826
0.2784083810635968
0.7422194624304873
0.2342666218915656
0.8198268322018265
0.26958002922919055
0.2063590521045731
0.49028882508934657
0.24331494247187752
0.47439779178741537
0.28581421639427756
0.4673351103198903
0.32646569579831247
0.46027242885236536
0.3689649697207126
0.4567410881186028
0.3671171752023473
0.4885231547224654
0.3301612848350429
0.5061798583912778
0.2913575999493732
0.5167738805925652
0.24885832602697316
0.522070891693209
0.21190243565966874
0.5167738805925652
0.5777657502959825
0.4196620104140967
0.6184172297000174
0.39847396601152163
0.6756988597693393
0.40023963637840293
0.7274371062835655
0.4073023178459279
0.7754797637610613
0.42319335114785916
0.7847187363528875
0.4638037695861279
0.7385238733937568
0.47792913252117775
0.6886334213978957
0.48322614362182165
0.6350473803653044
0.4796948028880591
0.5907003119245392
0.4549754177517216
0.3412480519452342
0.4796948028880591
0.7588496130957743
0.44614706591731534
0.3449436409819647
0.585635024900934
0.43733336690022573
0.8184449687398225
0.4502679285287823
0.8043196058047727
0.47244146274916493
0.8007882650710101
0.48722381889608674
0.8131479576391788
0.5020061750430085
0.8272733205742288
0.5020061750430085
0.8328288762643087
0.48722381889608674
0.8187035133292587
0.47244146274916493
0.80634382076109
0.4502679285287823
0.8098751614948526
0.43733336690022573
0.8240005244299025