0.062234675628904085
0.454837154041951
0.0871964691280825
0.5384720255071852
0.09967736587767174
0.6254522918310287
0.1204788604603204
0.7107598607255676
0.14752080341776377
0.7877039424735831
0.1974443904161206
0.8646480242215986
0.255688575247537
0.9315559213937858
0.33265410520333727
0.9850822391315357
0.43458142865831584
0.9951184237073638
0.5406690510298242
0.983409541702231
0.6446765239430676
0.9633371725505748
0.7445236979397816
0.9315559213937858
0.833970124645171
0.888065788231864
0.9026150567679118
0.8261759833475908
0.9358974481001496
0.7442138093116613
0.9525386437662685
0.6589062404171224
0.9566989426827983
0.5836348560984117
0.1620818496256178
0.2925855033993967
0.18912379258306117
0.25745885738399843
0.239047379581418
0.2390591856616469
0.2785702192884506
0.2691677393891312
0.3076923117041588
0.29425820082870147
0.5781117412785919
0.37622037486463095
0.6758787658170408
0.43141939003168556
0.7944472849381384
0.45316445661264637
0.915095953517501
0.42974669260238074
1.0066225296811553
0.40465623116281046
0.2036848387909152
0.4799276154815213
0.2286466322900937
0.5066907743503962
0.26816947199712626
0.5217450512141384
0.3118526106206885
0.5117088666383103
0.32849380628680747
0.49832728720387287
0.32849380628680747
0.49832728720387287
0.3118526106206885
0.5117088666383103
0.26816947199712626
0.5217450512141384
0.2286466322900937
0.5066907743503962
0.2036848387909152
0.4799276154815213
0.6613177196091867
0.5217450512141384
0.6987604098579544
0.5585443946588414
0.7549244452311059
0.5752713689518882
0.8131686300625223
0.5735986715225836
0.8464510213947603
0.5434901177950993
0.8464510213947603
0.5434901177950993
0.8131686300625223
0.5735986715225836
0.7549244452311059
0.5752713689518882
0.6987604098579544
0.5585443946588414
0.6613177196091867
0.5217450512141384
0.26816947199712626
0.51916773170572
0.7549244452311059
0.5726940494434698
0.3160129095372182
0.6170888046845054
0.3555357492442508
0.814467101342458
0.3825776922016941
0.8111217064838486
0.40545933624260766
0.8161397987717627
0.4283409802835212
0.8295213782062002
0.43458142865831584
0.8429029576406375
0.43458142865831584
0.8429029576406375
0.4283409802835212
0.8295213782062002
0.40545933624260766
0.8161397987717627
0.3825776922016941
0.8111217064838486
0.3555357492442508
0.814467101342458