0.04447474370548133
0.3914489850111996
0.07911310248923943
0.48066900039264393
0.09958122358873288
0.5758370167995179
0.12792169895726221
0.6650570321809623
0.17200688286386343
0.7483290465369771
0.21766653762427188
0.8301140606366344
0.277496430068945
0.9000030726854324
0.33575185165981086
0.9624570834524435
0.4223477486192061
0.9996320898613785
0.523113883262866
0.9728660852469454
0.6207310761989117
0.9401520796070825
0.7120503857197285
0.9000030726854324
0.7907739284100879
0.8479580637129234
0.8663485293928328
0.7840170526895548
0.9293273635451202
0.6977710378208253
0.9686891348902998
0.6055770219266661
0.9828593725745645
0.5089220052634347
0.08068757334304666
0.20111295219745162
0.12477275724964787
0.17732094809573312
0.17358135371767067
0.19516495117202198
0.23498571701615092
0.20259995245380902
0.2963900803146312
0.19962595194109423
0.523113883262866
0.17583394783937573
0.623880017906526
0.20259995245380902
0.7246461525501859
0.24274895937545898
0.8332846414628817
0.2710019642462497
0.952944426352228
0.2769499652716793
0.15153876176437003
0.30371596988611266
0.19719841652477843
0.2769499652716793
0.26804960494610186
0.2814109660407516
0.3215816139755462
0.330481974500546
0.34204973507503955
0.3914489850111996
0.33890079336742523
0.4420069937273514
0.30741137629128146
0.5014870039816477
0.2460070129928012
0.5089220052634347
0.20979418335523595
0.447954994752781
0.1783047662790922
0.38103998321669774
0.6081353093684542
0.337916975782333
0.6522204932750554
0.290332967578896
0.7340929776730291
0.3185859724496867
0.81753993292481
0.3631959801404089
0.8647740585390256
0.43011099167649214
0.8521782917085681
0.4836430009053587
0.7907739284100879
0.5565060134668717
0.7057525023044997
0.5713760160304457
0.641199197298405
0.520818007314294
0.6160076636374902
0.4360589927019217
0.2554538381156443
0.37955298296034035
0.7041780314506926
0.4078059878311311
0.2963900803146312
0.5446100114160124
0.31528373056031744
0.711154040128042
0.3672412687359546
0.6739790337191067
0.4853265827714936
0.6754660339754642
0.5530288294852026
0.7052060391026123
0.6128587219298757
0.8063220565349158
0.623880017906526
0.883646069865501
0.5624756546080457
0.9565090824270139
0.4538371656953499
0.9743530855033027
0.3829859772740265
0.9148730752490065
0.3404752642212324
0.8241660596112048