0.03907546062417182
0.3346036787527238
0.09367530197768617
0.4260068993941443
0.15510012350038976
0.5246643438959951
0.20696997278622842
0.6276743227141041
0.2561098300043913
0.7292334567601269
0.32162963962860847
0.8206366774015473
0.4021644056250422
0.9018839846383657
0.49088914782450294
0.9686228441543236
0.5918988543285045
0.9686228441543236
0.6765286084264518
0.9134907428150542
0.7707133347612639
0.8496535728432684
0.8512481007576976
0.771307955150622
0.9194979024495905
0.6770030449650294
0.9768277358707805
0.5754439109190065
1.0095876406828892
0.4622780186962953
1.0150476248182407
0.3462104369294121
1.0000326684460241
0.23594623425087297
-0.004604412458639661
0.1808141329116034
0.04726543682719897
0.15760061655822674
0.1155152385190919
0.15179723746988258
0.18240004417714695
0.14019047929319425
0.23290489742914772
0.10682104953521532
0.3816894651174743
0.037180500475085344
0.4867941597229894
0.05459063774011785
0.597358838463856
0.06329570637263407
0.7065585211708846
0.07345161977723637
0.8130282118102375
0.08070584363766656
0.06637538130092896
0.26641397446467985
0.12234021868828118
0.23304454470670086
0.2137949529554177
0.22869201039044276
0.28204475464731066
0.23739707902295898
0.32162963962860847
0.31719354148769124
0.32026464359477064
0.379579866687391
0.3093446753240678
0.46808139778463953
0.25064984586903993
0.47823731118924173
0.18786002831249837
0.41149845167328397
0.13326018695898403
0.3404070578410679
0.576883897956288
0.17501075382325923
0.5987238344976938
0.1343871002048501
0.6874485766971545
0.15324808224196862
0.7775383149304533
0.17791244336743134
0.8539780928253733
0.2199869417579265
0.8580730809268869
0.30268509376683084
0.7980132554380212
0.3723256428269608
0.7243034696107767
0.43181027848248843
0.6560536679188839
0.3723256428269608
0.6164687829375859
0.2881766460459705
0.23972987759833705
0.31864438625977726
0.6710686242911004
0.23594623425087297
0.29978970308720276
0.5362711020726835
0.47041420731693506
0.7118233194950945
0.5018091160952058
0.7089216299509222
0.5372990129749902
0.7074707851788362
0.5700589177870988
0.7074707851788362
0.5987238344976938
0.7147250090392665
0.5959938424300181
0.732135146304299
0.5755189019224501
0.7567995074297618
0.5441239931441795
0.765504576062278
0.5113640883320708
0.7582503522018478
0.4867941597229894
0.7350368358484711