0.0518874807756872
0.45545928528115875
0.05361818730361784
0.5546254463140746
0.07092525258292436
0.6537916073469904
0.11419291578119074
0.731107597304857
0.17476764425876362
0.8017004577011699
0.2422651988480591
0.8605278413647639
0.3218776991328691
0.9092705306860277
0.40322090594560983
0.9479285256649609
0.4880255258142119
0.9781826086919522
0.5884065044341898
0.9966712149862246
0.673211124302792
0.9680979143496218
0.7459007984758793
0.914312877857193
0.8047448204255215
0.8470815822416567
0.8687809619589557
0.7731271570645669
0.9016643859896382
0.6806841255932048
0.9207021577968754
0.5848795293410658
0.93281710349239
0.48907493308892686
0.1107315027253294
0.2756155695095996
0.16438340509117969
0.21174583867484031
0.25264943801564305
0.24199992170183157
0.34264617746803705
0.27393478711921126
0.42918150386456966
0.3092312173173677
0.6697497112469306
0.32435825883086333
0.7147480809731276
0.27225400472882283
0.7701306898669084
0.23527679214027797
0.8307054183444813
0.21174583867484031
0.872242375014817
0.2504038336537736
0.15053775286773446
0.40503581356950663
0.1903440030101395
0.35125077707707775
0.26822579676701885
0.3344429531731938
0.3582225362194129
0.33276217078280534
0.387644547194234
0.3915895544463994
0.387644547194234
0.48403258591776166
0.3582225362194129
0.5579870110948514
0.27341791635081086
0.5630293582660166
0.19899753564979278
0.5327752752390253
0.15226845939566513
0.47730945635620803
0.6610961786072773
0.41512050791183713
0.6887874830541677
0.3529315594674662
0.752823624587602
0.32940060600202853
0.8289747118165508
0.3411660827347474
0.8670502554310251
0.3932703368367879
0.8480124836237879
0.45714006767154713
0.8082062334813829
0.5159674513351413
0.7562850376434632
0.5596677934852398
0.6939796026379597
0.5378176224101905
0.6662882981910693
0.47730945635620803
0.29764780774184
0.4789902387465965
0.7545543311155326
0.4638631972331008
0.6489812329117627
0.5865603117314542
0.33399264482838376
0.7848926337972858
0.4101437320573325
0.7058958614490309
0.5191782433169636
0.731107597304857
0.6264820480486641
0.7344691620856337
0.7112866679172662
0.7512769859895178
0.6887874830541677
0.88573957722059
0.6264820480486641
0.9815441734727289
0.517447536789033
0.9832249558631174
0.41360514511319385
0.9361630489322421
0.33745405788424504
0.8554854941935988