0.06371807036551322
0.4541454457864988
0.08856827548702986
0.5340211030227393
0.11031220496835693
0.6183342967721044
0.13826868573006315
0.7041266693591776
0.17399085559224337
0.7810439689200018
0.23145695493575064
0.8520445531299934
0.29202932991944747
0.9156492431514441
0.36192053182371303
0.9733372178220624
0.4504493875691161
0.9733372178220624
0.5560627593355619
0.9260034950154014
0.6430384772608703
0.8757114145333239
0.7206953682656098
0.8328152282397873
0.7859271567095911
0.7780856112445855
0.8449463938731929
0.7115225635477183
0.8930936662961315
0.6360844428246022
0.9350283874386909
0.5517712490752372
0.9598785925602076
0.4704164130012885
0.0606117947253236
0.3017900255025584
0.11186534278845173
0.2796023429369361
0.17088457995205378
0.28699823712547684
0.22679754147546624
0.30622756201568296
0.26407284915774126
0.3372903176075543
0.5172343138331922
0.22339354710402604
0.5979974804781213
0.21156011640236075
0.68186692276324
0.20860175872694445
0.7610769515880744
0.21895601059090156
0.8278618778521504
0.2529771238581892
0.15845947739129546
0.4418690122857229
0.18796909597309647
0.4596191583382208
0.2299038171156558
0.461098337175929
0.2687322626180256
0.4507440853119719
0.2997950190199214
0.43447311809718214
0.2997950190199214
0.437874478571709
0.2687322626180256
0.4541454457864988
0.2299038171156558
0.4644996976504559
0.18796909597309647
0.4630205188127477
0.15845947739129546
0.4452703727602498
0.5886786535575526
0.4019311836676027
0.6275070990599223
0.43447311809718214
0.6787606471230504
0.4477857276365556
0.7346736086464629
0.4448273699611392
0.7797146054292118
0.4315147604217659
0.7797146054292118
0.4349161208962928
0.7346736086464629
0.4482287304356661
0.6787606471230504
0.4511870881110825
0.6275070990599223
0.437874478571709
0.5886786535575526
0.4053325441421296
0.22897193442359895
0.4512614224790688
0.6818669227632401
0.43380711219411255
0.2842636408189735
0.5843131835048168
0.3743456343844714
0.7451006740158955
0.41628035552703074
0.742142316340479
0.46287449012987447
0.7436214951781872
0.5094686247327183
0.742142316340479
0.5389782433145193
0.7362256009896464
0.5389782433145193
0.7396269614641733
0.5094686247327183
0.7455436768150059
0.46287449012987447
0.7470228556527141
0.41628035552703074
0.7455436768150059
0.3743456343844714
0.7485020344904224