0.06809222162991897
0.39588401364384557
0.11225025315116775
0.46469110643404454
0.14986635407667592
0.5588481807785275
0.17766955910857332
0.660248106995663
0.21201469473621123
0.7616480332127985
0.27416303539574655
0.8485622556846288
0.34285330665102237
0.9119372095703385
0.4148145432041685
0.9789335893923744
0.5162144674381471
0.9825550153287007
0.60943697842745
0.9354764781564593
0.6993885241188827
0.877533663175239
0.7746207259698991
0.8159694222576924
0.8400400319273047
0.7435409035311671
0.8874690287464237
0.6584373940274999
0.8956464419910994
0.538930338128733
0.8989174072889697
0.4176125692618032
0.8972819246400345
0.3125912171083414
0.0858316123485565
0.14256806740903233
0.13354221545159817
0.10911384624558572
0.18920458573848015
0.12672133106845238
0.22260200791060927
0.165457797678759
0.25599943008273846
0.20419426428906573
0.4835048144594443
0.15868061481447518
0.5374757418743039
0.1351413462283544
0.5898111866402285
0.10435922576958119
0.6535950099486989
0.09168423499243925
0.7075659373635584
0.11522350357855994
0.13814670275711505
0.32016356205421936
0.14621479187167274
0.24294073515211262
0.2126578786974417
0.23596577014159972
0.2691345024993453
0.28977264307984185
0.3030679361282202
0.35802765782557483
0.31517006980005663
0.4237916136389819
0.3004576720029221
0.5005162287546234
0.24113348733705692
0.5264232416508141
0.19130117221773024
0.46713603906145473
0.15974070597548995
0.39638996538339555
0.592553965195471
0.26345137325938467
0.6104346288249933
0.19155794048308655
0.6948313611563388
0.19055243792677465
0.769214921855152
0.2227285197287543
0.8247641835308679
0.2921081961142728
0.8323932666794642
0.35897411610901164
0.7928173978461214
0.4353923103887131
0.7229636052667873
0.4791316715882791
0.6528714038390596
0.4394143206139605
0.6171100765800149
0.3584713648308557
0.2430888650659789
0.3976947266120087
0.679762732331661
0.32707692085364654
0.31832106691699524
0.6258445606005635
0.4325286615639926
0.7916141217564199
0.46751643717288976
0.7933748702387065
0.5072752730920911
0.7933748702387065
0.5422630487009883
0.7986571156855665
0.5661183502525092
0.8127431035438597
0.5661183502525092
0.8186954846071124
0.5422630487009883
0.8046094967488192
0.5072752730920911
0.7993272513019591
0.46751643717288976
0.7993272513019591
0.4325286615639926
0.7975665028196726