0.042818597813957165
0.42776897465851293
0.09503953366398514
0.5027257065596079
0.14111683000224512
0.5885852358281349
0.1733709374390271
0.6798961637803779
0.2148405041434611
0.7684813923907629
0.2778128091390831
0.8366238759372128
0.357680122792067
0.8993149607999468
0.43908334632299295
0.9620060456626807
0.5435252180230489
0.9633688953336098
0.6402875403333949
0.9252091045475977
0.7370498626437408
0.8829607647487987
0.8307403651982027
0.8257210785697807
0.9136794986070708
0.7712070917326208
0.9874031727482867
0.7003389088443128
1.0380881987203727
0.6131165299048569
1.0764859456689226
0.5149913535979689
1.0933809543262845
0.41686617729108094
0.13036546085665113
0.2561898284450905
0.17183502756108507
0.21803003765907855
0.26245371035966303
0.2003129919370015
0.340785114134705
0.2289328350265105
0.385326500595023
0.28889822054738645
0.6430148023600066
0.19895014226607252
0.6863648366716548
0.13898475674519653
0.7800553392261167
0.13489620773240957
0.8599226528791006
0.17033029917656353
0.9275026875085487
0.2330213840392975
0.13036546085665113
0.35008654341555995
0.17183502756108507
0.311926752629548
0.26245371035966303
0.294209706907471
0.340785114134705
0.32282954999697994
0.385326500595023
0.3827949355178559
0.389934230228849
0.43730892235501595
0.35614421291412496
0.4945486085340339
0.28395644865085107
0.5177170529398268
0.21330459426551904
0.4836458111666019
0.1733709374390271
0.42095472630386793
0.6694698280142928
0.29284685723654197
0.6863648366716548
0.232881471715666
0.7800553392261167
0.22879292270287904
0.8599226528791006
0.26422701414703303
0.9275026875085487
0.326918099009767
0.9397899665320847
0.39914913156900395
0.8937126701938246
0.4659287654445249
0.8077017170290727
0.4809201118247439
0.7324421330099148
0.45093741906430596
0.6894366564275388
0.38006923617599797
0.311602826453807
0.40323768058179094
0.8414917343437968
0.36644073946670797
0.351536483280299
0.5708681901060578
0.44983471546858694
0.7497797784653532
0.49591201180684696
0.7402398307688501
0.5450611279009908
0.7416026804397792
0.586530694605425
0.7538683274781401
0.6126411625304389
0.7661339745165011
0.6126411625304389
0.7684813923907629
0.586530694605425
0.7562157453524019
0.5450611279009908
0.7439500983140409
0.49591201180684696
0.7425872486431119
0.44983471546858694
0.7521271963396149