0.04867832922678908
0.5276928805996958
0.0933756012958834
0.610771502841009
0.12641271543390964
0.6982226841476546
0.16139318922711393
0.7856738654543003
0.19831702267549617
0.8716675270725017
0.30131508439993093
0.9051904799067159
0.40625650577954375
0.940170952429374
0.5248014447454026
0.9649487871329236
0.6414030240560834
0.9649487871329236
0.7327409278494501
0.9255957555449332
0.8221354719876388
0.8716675270725017
0.8979264985395814
0.8046216214040733
0.9484538495742096
0.7346606763587569
0.9581706478500998
0.6384643769214468
0.9465104899190318
0.5451831168610249
0.9387370512983195
0.45190185680060296
0.9193034547465395
0.3731957936246219
0.11280919784766358
0.49125488838859344
0.17888342612371605
0.4460717780468265
0.2643912509515487
0.41983642365483287
0.3732193916415175
0.41983642365483287
0.4781608130211302
0.41983642365483287
0.6783268575044658
0.4110913055241683
0.71330733129767
0.3571630770517369
0.7735514806081885
0.31489500608685816
0.8454557878497749
0.2857446123179764
0.9095866564706494
0.2667968563682031
0.2255240578479884
0.516032723092143
0.26244789129637064
0.4883398490117053
0.305201803710287
0.4650195339965998
0.3576725144000934
0.4562744158659352
0.38876626888294163
0.46064697493126755
0.42569010233132387
0.48979736870014934
0.3868229092277635
0.5189477624690312
0.3401822775034913
0.5408105577956925
0.2877115668136848
0.5539282349916894
0.23912757543423446
0.5393530381072486
0.7231969737324758
0.3908682198470066
0.7518868298472454
0.36601750915903486
0.7904697397946943
0.34918315675750555
0.8338013155818291
0.33996434472809667
0.8763414470623495
0.34737947614305603
0.8799029464421141
0.37663918388857115
0.8585339501635271
0.4052976647626031
0.8193574569861175
0.4217311992498103
0.7736515482791396
0.4285451037932864
0.7328921664885014
0.42112997237832706
0.32852211957242317
0.500000006519258
0.8221354719876388
0.3921435495743952
0.7307975681942721
0.6428369359867792
0.49565104991773234
0.7973340229618529
0.5578385588834288
0.7740137079467474
0.6200260678491253
0.750693392931642
0.6899870154355338
0.7361181960472011
0.7580046033667643
0.7244580385396483
0.7521745244012302
0.7346606763587569
0.7016471733666019
0.7696411488814152
0.6336295854353714
0.7885889048311884
0.5656119975041409
0.8017065820271853
0.49953776922808835
0.8177392986000702