0.025269233022269945
0.43477074299155655
0.016202485484835372
0.530159774888624
0.023455883514783036
0.6269515866665307
0.04521607760462602
0.7125211593977235
0.10142991233672036
0.7854657132013634
0.17396389263619697
0.8527991474816463
0.25375127096562117
0.9061047829535369
0.3426053968324801
0.9552020787829099
0.4477796682667211
0.9860632361613729
0.5583939882234229
0.9944799154464083
0.6345546675378734
0.9453826196170353
0.7089019973448368
0.8836603048601094
0.7778092786293396
0.8219379901031832
0.834023113361434
0.7503962161803828
0.8793568510486068
0.6704377629725468
0.9174371907058321
0.5834654103605146
0.9410107343031618
0.49649305774848246
0.152203698546354
0.3758539879963089
0.2229243293383437
0.352006730022042
0.3117784552052025
0.34779839037952437
0.39337918304211367
0.36182618918791665
0.46953986235656414
0.3800623276388266
0.7016485993148893
0.4361735228723957
0.7433556379870883
0.39829846608973657
0.8068228707491303
0.3800623276388266
0.875730152033633
0.3688400885921128
0.9464507828256228
0.3800623276388266
0.40969932860949587
0.4516041015616272
0.3679922899372969
0.43477074299155655
0.31903185323515015
0.4291596234681996
0.2664447175180296
0.4291596234681996
0.2229243293383437
0.4389790826340742
0.23017772736829134
0.4656319003700195
0.2664447175180296
0.48106247905925104
0.3117784552052025
0.4922847181059648
0.36255224141483605
0.49088193822512566
0.39700588205708753
0.4712430198933764
0.727035492419706
0.46843746013169796
0.7596757835544704
0.4530068814424665
0.8013828222266696
0.4530068814424665
0.8467165599138424
0.45721522108498414
0.8811702005560937
0.47404857965505487
0.8721034530186591
0.4936874979868041
0.8394631618838947
0.511923636437714
0.7959427737042087
0.5133264163185532
0.7542357350320097
0.5077152967951963
0.7179687448822714
0.4950902778676433
0.3244719017576109
0.4628263406083411
0.8031961717341565
0.4838680388209295
0.6762617062100724
0.6620210836875114
0.43508622171431266
0.7999405811702522
0.4894867069389201
0.7999405811702522
0.5438871921635277
0.7985378012894129
0.5964743278806481
0.8027461409319305
0.641808065567821
0.8083572604552876
0.641808065567821
0.8107157510564695
0.5964743278806481
0.8051046315331125
0.5438871921635277
0.8008962918905949
0.4894867069389201
0.8022990717714342
0.43508622171431266
0.8022990717714342