0.09058905930091803
0.5721404283979772
0.1279191410674757
0.6541181826495276
0.1759149604816212
0.7344563818160469
0.23279889460208997
0.8049572504723802
0.3074590581352052
0.8590625682784034
0.389229713433379
0.9049701106592718
0.4692227457902881
0.9525172081251708
0.5581038928535206
0.9836687547407601
0.6594284005056055
0.9836687547407601
0.7447543016863087
0.9541567632102019
0.8034158587480421
0.9000514454041787
0.8638550387510401
0.8361087970879694
0.9189613499302443
0.7606892631765431
0.9456256940492139
0.6737928436698997
0.954513808755537
0.5754195385680393
0.954513808755537
0.47868578855120986
0.9580690546380665
0.39014981395953535
0.0923666822421827
0.4803253436362408
0.1545834851864454
0.4311386910853106
0.2487975010734718
0.4229409156601555
0.3430115169604981
0.4196618054900936
0.4176716804936133
0.3983475893846904
0.5954339746200782
0.4229409156601555
0.6452074169754884
0.36227737751400824
0.718089957567339
0.32456761055829514
0.7998606128655127
0.29505561902773697
0.8745207763986279
0.293416063942706
0.20435692754185558
0.54426799195245
0.24524225519094245
0.503279114826675
0.29679332048761725
0.47868578855120986
0.35189963166682137
0.4606506826158687
0.4052283199047608
0.4590111275308377
0.4034506969634961
0.5065582249967369
0.37500872990326184
0.5524657673776051
0.3252352875478517
0.5786986487381012
0.2665737304861182
0.5885359792482873
0.21324504224817878
0.5852568690782253
0.6967584822721631
0.4196618054900936
0.7340885640387208
0.39670803429965945
0.7767515146290723
0.3786729283643183
0.8283025799257471
0.3721147080241943
0.8727431534573633
0.38359159361941136
0.8745207763986279
0.40818491989487643
0.844301186397129
0.43933646651046565
0.7998606128655127
0.4590111275308377
0.7500871705101027
0.4639297927859308
0.7038689740372218
0.4491737970206517
0.3056814351939405
0.534430661442264
0.7909724981591895
0.4229409156601555
0.616765449915254
0.6803510640100237
0.5901011057962842
0.8229923564077214
0.6185430728565187
0.8000385852172872
0.6469850399167529
0.7852825894520081
0.6896479905071046
0.7852825894520081
0.7252004493323976
0.7918408097921321
0.7305333181561915
0.8082363606424423
0.6967584822721631
0.8197132462376593
0.6594284005056055
0.8279110216628144
0.6203206957977833
0.8361087970879694
0.5847682369724903
0.8443065725131245