0.03259055765803425
0.41049595108249404
0.02507119155044917
0.5107912891813967
0.047629289873204396
0.6021996985879915
0.08334627888423352
0.6936081079945864
0.1265826340028477
0.7812078336759065
0.18861740439042454
0.8535728244561274
0.282609480735238
0.9157813253022823
0.37472171555315514
0.9729115811814041
0.5025509393821015
0.9881463160825033
0.6228607971034626
0.9640246524890963
0.7243722395558612
0.9170508865440407
0.8202441574275708
0.8586510694231605
0.8803990862882516
0.7799382724341483
0.9179959168261768
0.6885298630275534
0.9555927473641023
0.6009301373462334
0.9781508456868575
0.5057130442143637
0.9706314795792724
0.4092263898407358
0.07846340150492075
0.36902121544226185
0.1520972001672744
0.3347041536814999
0.24599718194770703
0.32840101988870696
0.33854608485360105
0.33715537237869725
0.419610817325917
0.3585159924542735
0.5837669005823568
0.3753243492350549
0.6594273175565184
0.34520937666948825
0.7465719049642581
0.3308522385859042
0.8370941895583441
0.32524945299231045
0.9174833825933908
0.34100728747429293
0.16560798891266038
0.3991361880078284
0.21086913120970346
0.3875804427210413
0.25815689181855445
0.385129224023844
0.3061201918646747
0.386880094521842
0.34935471584990985
0.3963347952110316
0.3480036369753713
0.4162947188882094
0.3094978890510212
0.4310020310713931
0.25950797069309306
0.4313522051709927
0.21154467064697274
0.4292511605733951
0.16695906778719902
0.42014663398380514
0.6655071724919421
0.3942337506134339
0.708066157039908
0.3847790499242444
0.7560294570860283
0.3847790499242444
0.8019661388203406
0.3910821837170374
0.8445251233683065
0.3998365362070277
0.8452006628055757
0.42119715628260396
0.8012905993830713
0.4292511605733951
0.7546783782114896
0.4285508123741958
0.7087416964771773
0.4253992454777993
0.6661827119292114
0.41349332609141254
0.27031660168940186
0.40368845130262343
0.7560294570860283
0.4033382772030238
0.5382679283931306
0.6110866272802994
0.36025017690213473
0.7260793511035571
0.42430523674677834
0.693885639986971
0.50666174226132
0.6973105028717141
0.5877704219347323
0.6914882359676506
0.6526573656734621
0.7192296253340708
0.6655515660317994
0.7706025686052189
0.5935936091933363
0.7808771572594486
0.5091573939435788
0.781219643547923
0.42596900453495085
0.7832745612787689
0.3494356862790131
0.7723150000475906