0.26822607470347354
0.3056569810993723
0.21490632532427612
0.38339418232662986
0.15269995104854572
0.454653283451616
0.0949368892210817
0.5307709596533057
0.04828210851428391
0.6101276859061311
0.030508858721218113
0.7024406123634995
0.05272542096255039
0.7915144887697321
0.12381842013481371
0.8579150148180147
0.20379804420360995
0.9226960158407292
0.3059942305137384
0.9712817666077653
0.437071947737599
0.9696622415821976
0.5437114464959939
0.9324131659941365
0.6192477581165238
0.8708712150225577
0.7058923508577196
0.8044706889742751
0.7880936311506491
0.7413092129771283
0.8503000054263795
0.6700501118521421
0.8836248487883779
0.5890738605737488
0.5081649469098624
0.26840790551131133
0.5748146336338592
0.27812505566471857
0.6236910705647902
0.3072765061249401
0.661459226375055
0.344525581713001
0.6836757886163873
0.38339418232662986
0.8458566929781131
0.48218520888626965
0.8614082865470457
0.477326633809566
0.8814031925642448
0.47570710878399824
0.9036197548055771
0.47570710878399824
0.9213930045986428
0.478946158835134
0.45040188508239837
0.37205750714765473
0.4992783220133294
0.37691608222435835
0.5437114464959939
0.38663323237776553
0.5903662272027919
0.39958943258230856
0.6103611332199909
0.4287408830425301
0.5903662272027919
0.4433166082726409
0.5437114464959939
0.4384580331959373
0.5014999782374625
0.42550183299139444
0.45706685375479805
0.41092610776128363
0.41929869794453317
0.39311133248003705
0.7903152873747824
0.5372490597555772
0.8191968182885144
0.5404881098067129
0.8391917243057134
0.5534443100112557
0.8525216616505128
0.5793567104203416
0.8458566929781131
0.598791010727156
0.8347484118574469
0.6101276859061311
0.8147535058402479
0.6052691108294275
0.796980256047182
0.5939324356504524
0.776985350029983
0.5696395602669344
0.7747636938058498
0.5485857349345522
0.5437114464959939
0.41092610776128363
0.8080885371678481
0.5696395602669344
0.7858719749265158
0.6457572364686242
0.3615356361170692
0.6929091402385014
0.42818532284106603
0.6912896152129335
0.4903916971167964
0.7074848654686121
0.5414897902718607
0.7350167909032658
0.5859229147545253
0.757690141261216
0.5859229147545253
0.7623630383095106
0.5414897902718607
0.7396896879515603
0.4903916971167964
0.7121577625169067
0.42818532284106603
0.6959625122612281
0.3615356361170692
0.6975820372867959