0.10185185261070721
0.4933993321222563
0.06481481529772279
0.5643564267084002
0.0555555559694767
0.6452145112367966
0.09259259328246114
0.7161716058229406
0.1597222234122455
0.7706270505053301
0.2152777793817222
0.8333333201395967
0.2754629650153219
0.8976897547642388
0.35416666930541396
0.9372937145332494
0.4560185219161212
0.962046189388881
0.5625000041909516
0.9455445394851267
0.643518523313105
0.8993399197546144
0.7245370424352585
0.8547854650144775
0.7939814873971044
0.800330020332088
0.8541666730307043
0.7409240806785722
0.9143518586643039
0.6732673160731792
0.9328703773207961
0.5907590665544071
0.9236111179925501
0.5148514769971371
0.1666666679084301
0.4026402576516071
0.2314814832061529
0.37788778279597557
0.31712963199242944
0.37458745281522465
0.3958333362825215
0.38778877273822815
0.4560185219161212
0.4141914125842352
0.6157407453283666
0.435643557459116
0.6782407457940279
0.4092409176131089
0.7407407462596892
0.3894389377286036
0.8148148208856582
0.39273926770935447
0.8657407471910118
0.4141914125842352
0.21990740904584521
0.4818481771896282
0.24768518703058356
0.45379537235324574
0.2916666688397527
0.4438943824109931
0.3310185209847986
0.4620461973051229
0.36805555829778314
0.47854784720887733
0.36342592863366
0.5099009820260108
0.3310185209847986
0.5330032918912668
0.2893518540076911
0.5478547768046458
0.24537037219852206
0.5363036218720176
0.2152777793817222
0.511551147016386
0.6574074123054742
0.48349834218000365
0.6921296347863971
0.4636963622954984
0.7407407462596892
0.45874586732437206
0.791666672565043
0.46699669227624924
0.8240740802139043
0.4867986721607545
0.8217592653818427
0.5148514769971371
0.7893518577329813
0.5396039518527687
0.7384259314276277
0.544554446823895
0.6921296347863971
0.5346534568816423
0.6550925974734126
0.5132013120067616
0.29398148367181415
0.5099009820260108
0.7222222276031971
0.5165016419875124
0.5578703745268284
0.6320131913137932
0.3703703731298446
0.7887788653994598
0.4189814846031367
0.7508250706208248
0.4861111147329211
0.7409240806785722
0.564814819023013
0.7491749056304493
0.6157407453283666
0.7772277104668319
0.6087963008321821
0.8283828251684704
0.5694444486871362
0.8613861249759793
0.4953703740611672
0.8646864549567301
0.41666666977107525
0.8679867849374809
0.35879629896953696
0.8399339801010985