0.062080798465568285
0.5763970113308651
0.05232948252125711
0.6551090718567303
0.03526467961871259
0.7261042637035893
0.05964296947949049
0.7893825868714419
0.12058869413143528
0.8464874150960894
0.19128573472769114
0.8989621221133328
0.2692962622821804
0.9421765867157689
0.3643715927392142
0.9668705664885894
0.46432258116840364
0.9915645462614098
0.5715870565558264
0.993107919997211
0.6422840971520823
0.9452633341873714
0.7105433087622606
0.894332000905929
0.7739268624002831
0.8387705464170829
0.8348725870522278
0.7832090919282367
0.8836291667737837
0.724560889967788
0.9226344305510282
0.653565698120929
0.9299479175092615
0.5779403850666663
0.17178310283906886
0.5594199002370509
0.2595449463378693
0.5285524255210252
0.366809421725292
0.5254656780494227
0.4789495550848704
0.5378126679358329
0.564273569597593
0.5115753144272112
0.7471107435534273
0.527009051785224
0.7788025203724386
0.5069451932198074
0.8226834421218387
0.4884247083901919
0.8690021928573168
0.47453434476798034
0.9226344305510282
0.47144759729637775
0.22785316951885798
0.5980042436320829
0.2766097492404138
0.5902873749530765
0.3302419869341252
0.587200627481474
0.38631205361391435
0.587200627481474
0.42775514637723683
0.5995476173678842
0.4228794884050812
0.614981354725897
0.39118771158606996
0.6350452132913137
0.3399933028784364
0.6381319607629163
0.286361065184725
0.6319584658197112
0.24491797242140254
0.6196114759333009
0.7324837696369605
0.5733102638592624
0.7592998884838162
0.5532464052938457
0.798305152261061
0.5455295366148394
0.8421860740104611
0.5424427891432367
0.8787535088016281
0.5532464052938457
0.866564363871239
0.5748536375950637
0.8446239029965389
0.5964608698962817
0.8104942971914499
0.6072644860468907
0.7666133754420497
0.6026343648394867
0.7324837696369605
0.593374122424679
0.34486896085059193
0.6134379809900957
0.798305152261061
0.5779403850666663
0.7081054797761828
0.7044970314023713
0.42775514637723683
0.8711813948689098
0.46676041015448144
0.8403139201528842
0.5277061348064263
0.8248801827948714
0.5935275174305266
0.8156199403800637
0.6569110710685491
0.8125331929084612
0.6398462681660045
0.8557476575108969
0.60084100438876
0.8912452534343265
0.5447709377089707
0.9097657382639418
0.4789495550848704
0.9190259806787495
0.425317317391159
0.9005054958491342