0.05139474049580612
0.40611288559193376
0.03224964778475612
0.49133350051298047
0.03012241526130611
0.5881094530504403
0.0386313453551061
0.6762189023755901
0.09606662348825608
0.752773014084327
0.16626529676210605
0.8278827085910123
0.236463970035956
0.9029924030976973
0.32368050349740596
0.9593246739777113
0.44918722238095593
0.9636579255838662
0.5683122436941558
0.9333251643407818
0.6640377072494057
0.8827705622689744
0.7406180780936057
0.8221050397828058
0.8278346115550557
0.7657727689027917
0.9065422149227057
0.7065516636186746
0.9448324003448058
0.6213310486976279
0.9554685629620555
0.5317771821704264
0.9490868653917057
0.44511215004732807
0.15137466909795605
0.3570027007221781
0.21731887732490598
0.3237811050749904
0.29389924816910595
0.3021148470442159
0.38324301415400597
0.30067042984216413
0.4406782922871558
0.31222576745857733
0.6534015446321558
0.31800343626678385
0.7342363805232558
0.309336933054474
0.8086895188440058
0.33100319108524856
0.8703792620240557
0.3671136211365396
0.9086694474461556
0.40611288559193376
0.21944610984835605
0.38011337595500433
0.24284566760630602
0.3728912899447461
0.29177201564565597
0.36855803833859124
0.34495282873190597
0.3743357071467977
0.366225153966406
0.3945575479755207
0.3513345263022559
0.4191126404103986
0.3279349685443059
0.4465565672493797
0.283263085551856
0.4552230704616895
0.236463970035956
0.4407788984411732
0.208809947231106
0.413334971602192
0.6789283349135558
0.41622380600629527
0.7087095902418558
0.40033521678372724
0.7576359382812057
0.3945575479755207
0.8044350537971057
0.40466846838988213
0.8320890766019556
0.42777914362270836
0.8214529139847057
0.44800098445143127
0.7916716586564058
0.4711116596842575
0.7469997756639558
0.48122258009861896
0.7065823577184057
0.46388957367399936
0.6831827999604558
0.4364456468350182
0.29602648069255594
0.41622380600629527
0.7448725431405058
0.4465565672493797
0.6172385917335058
0.5274439305642715
0.298153713216006
0.6978851604063648
0.36835238648985597
0.6646635647591771
0.46833231509200585
0.6848854055879001
0.5725667087410559
0.6848854055879001
0.6342564519211058
0.7296623388515008
0.6151113592100558
0.7903278613376696
0.5449126859362059
0.8379936290053738
0.4406782922871558
0.856771052632045
0.34495282873190597
0.8351047946012705
0.298153713216006
0.77299485491305