0.022527411617091892
0.4596805699564368
0.046954725418757864
0.5455785069694827
0.08603842750142342
0.6262173866143832
0.12023666682375579
0.703350228013853
0.1739767571874209
0.7699649546770316
0.23993050445191902
0.8330736430947797
0.3180979086172501
0.8926762932670974
0.403593506923081
0.9470198860712693
0.5159591504107445
0.9680561155438521
0.6136684056174083
0.9382547904576932
0.7064921980637391
0.8961823315125279
0.7993159905100696
0.8488508151992168
0.8725979319150676
0.7874951459041838
0.9214525595183995
0.7138683427501444
0.9507653360803986
0.6297234248598135
0.9654217243613982
0.5420724687240525
0.9532080674605653
0.45792755083372155
0.03474106851792488
0.4053369771522648
0.09092389026175658
0.3843007476796821
0.15687763752625475
0.37202961382067556
0.23015957893125266
0.3702765946979603
0.2912278634354175
0.37202961382067556
0.5745847035347427
0.3439813078572319
0.6503093763199073
0.34573432697994716
0.7235913177249051
0.3492403652253776
0.7944305277497363
0.3597584799616689
0.8432851553530684
0.3702765946979603
0.09092389026175658
0.4561745317110063
0.12512212958408897
0.4368913213611389
0.18863314546842042
0.4246201875021322
0.25702962411308516
0.42286716837941707
0.29611332619575076
0.44740943609743017
0.2838996692949178
0.48422283767444996
0.24970142997258535
0.5192832201287545
0.19596133960892023
0.5438254878467675
0.1348930551047553
0.5368134113559068
0.0982520844022564
0.5017530289016022
0.6136684056174083
0.42286716837941707
0.645423913559574
0.40358395802954955
0.7162631235844054
0.40884301539769524
0.7748886767084037
0.4211141492567018
0.833514229832402
0.44039735960656934
0.8237433043117356
0.47721076118358907
0.7822168708489035
0.5087651053924631
0.7211485863447384
0.5192832201287545
0.6600803018405736
0.5087651053924631
0.6258820625182413
0.4719517038154434
0.18863314546842042
0.48246981855173476
0.7333622432455715
0.4666926464472977
0.4500054031462463
0.6156992718780918
0.40603623830324753
0.7763537354798159
0.44756267176607967
0.7816127928479616
0.49641729936941165
0.7798597737252465
0.5452719269727435
0.7763537354798159
0.567256509394243
0.7658356207435245
0.567256509394243
0.7717179737997467
0.5452719269727435
0.7822360885360381
0.49641729936941165
0.7857421267814687
0.44756267176607967
0.7874951459041838
0.40603623830324753
0.7822360885360381