0.07986439757715193
0.4605246234919555
0.07586986370688964
0.5476994523572968
0.11980973627977486
0.6398087054980347
0.19970041368502062
0.7088906453535881
0.2696047564146107
0.787841433759935
0.32552823059828273
0.8799506869006729
0.38344897171708586
0.9589014753070196
0.4972931870195612
0.9868632128676008
0.6171292031274298
0.968770323857813
0.7209870837542494
0.9260053134710419
0.8088668289000197
0.8651474140744828
0.8867602393701343
0.7861966256681361
0.9466782474240686
0.6940873725273982
0.9766372514510357
0.5855300384686712
0.978634518386167
0.47697270440994444
0.950672781294331
0.37663941081021196
0.9187165103322326
0.28453015766947404
0.019946389523217596
0.3141367033218541
0.05989172822584048
0.3174263195054519
0.09384526612306998
0.32729516805624526
0.12380427015003714
0.3388088246988375
0.13778513869595516
0.34703286515783194
0.2755965572200041
0.26808207675148515
0.3115473620523647
0.21544821781392062
0.3674708362360367
0.17103839933535053
0.42938611122510223
0.14307666177476938
0.5012877208898234
0.15623512650916052
0.07786713064202078
0.4473661587575644
0.09184799918793883
0.4325628859313744
0.11980973627977486
0.4259836535641788
0.15176600724187317
0.4259836535641788
0.1857195451391026
0.4276284616559777
0.18372227820397147
0.4457213506657655
0.16974140965805345
0.4621694315837544
0.1397824056310863
0.4654590477673522
0.10982340160411913
0.46874866395095
0.08186166451228306
0.4671038558591511
0.3554872346252499
0.35196728943322864
0.37745717091169245
0.330584784239843
0.4114107088089219
0.3174263195054519
0.45535058138180706
0.3124918952300552
0.4972931870195612
0.3092022790464574
0.4932986531492989
0.32893997614804416
0.4713287168628563
0.35032248134142974
0.4393724459007579
0.3667705622594186
0.40342164106839734
0.3733497946266142
0.3554872346252499
0.3733497946266142
0.12979607095543058
0.4407869263903688
0.3974298402630039
0.34867767324963084
0.10582886773385684
0.5674371494588835
0.2716020233497418
0.7088906453535881
0.3355145652739384
0.7039562210781914
0.39543257332787274
0.6759944835176103
0.45535058138180706
0.6496775540488281
0.5112740555654792
0.6365190893144369
0.5292494579816595
0.6694152511504148
0.46333964912233166
0.6694152511504148
0.40342164106839734
0.6957321806191971
0.3395090991442007
0.7204043019961803
0.28158835802539756
0.7384971910059682