0.06939683642838819
0.46520752976273233
0.08418651039434108
0.5502558131083829
0.11799147945937617
0.629118766756168
0.16658612249036414
0.7002500582816212
0.2130679549547874
0.7760203470804736
0.27222665081859887
0.8394199764835949
0.3588518840477513
0.8842636167931198
0.45181554897659787
0.9321999219515774
0.5511176456051384
0.9646729028653713
0.6673222267661967
0.9476632461962412
0.7454962177290904
0.8919952789154517
0.8088805347260312
0.8239566522389311
0.8659264200232778
0.7512790282890115
0.9039570102214424
0.6708697422167601
0.927197926453654
0.5842751264466431
0.9441004109861715
0.4961341782520598
0.9588900849521245
0.40799323005747645
0.12644272172563495
0.3956225706617455
0.208842333821658
0.34150093580542235
0.3250469149827162
0.34923259792775424
0.4306874433109509
0.3832519112660145
0.5025230025741505
0.33531560610755684
0.6525325528002438
0.3755202491436826
0.7053528169643611
0.33995460338095596
0.7560602705619138
0.3105742873160949
0.8257830192585487
0.29820362792036387
0.8764904728561014
0.31985228186289316
0.24053449232012844
0.45747586764040044
0.2764522719517282
0.4389198785468039
0.31448286214989274
0.4172712246042747
0.3588518840477513
0.41417855975534196
0.40110809537904524
0.431188216424472
0.40322090594560983
0.4528368703670013
0.36941593688057484
0.4729391918850642
0.3250469149827162
0.4899488485541943
0.2764522719517282
0.49922684310099247
0.24264730288669317
0.4822171864318624
0.6969015746981024
0.41881755702874107
0.7243681120634434
0.3971689030862118
0.768737133961302
0.3909835733883463
0.8131061558591605
0.3956225706617455
0.8532495566238898
0.4049005652085437
0.8426855037910662
0.42964188400000564
0.8194445875588546
0.45129053794253493
0.7793011867941254
0.45592953521593405
0.7349321648962668
0.44974420551806854
0.7011271958312317
0.43737354612233753
0.34617502064836314
0.43737354612233753
0.7645115128281725
0.4095395624819428
0.6905631429984083
0.5734507994753786
0.45020787013169455
0.7770847991680131
0.5088881479706632
0.7497201094378344
0.5932912873280838
0.7319570652270166
0.6716656310171172
0.7108334450844225
0.7351689453907956
0.7050724577728059
0.7343651059683439
0.7636424954409079
0.6893500983110529
0.812610887589649
0.6069565575097614
0.8298938495244986
0.526572615264599
0.8457365646314442
0.44860019128679135
0.8298938495244986