0.046408072665999826
0.35392523129834536
0.03419741369870224
0.4610467392737436
0.029618416585965646
0.5681682472491418
0.058618731633297456
0.6669426247329506
0.10593503513157564
0.7531963064793752
0.1761463241935368
0.8297116693189454
0.24330494851367357
0.8964887132516611
0.3196215670592836
0.9535274382775225
0.41883317116857655
0.9841335834133506
0.5241501047615184
0.9660481340149066
0.6019930556780406
0.9062270321585155
0.666099015256353
0.8394499882257997
0.7332576395764897
0.7698905674625541
0.8004162638966266
0.6989399582840435
0.8568905616203779
0.6238157838597383
0.8996278680059195
0.5389532905285787
0.9332071801659879
0.4485260435363594
0.20362030686995639
0.2857569989503647
0.2906212520119518
0.2913217526114243
0.37304320004121055
0.3135807672556629
0.45699148044138155
0.3414045355609612
0.5348344313579037
0.37061949228152435
0.734783971947402
0.391487318510498
0.7821002754456801
0.3720106806967892
0.8401009055403437
0.35392523129834536
0.8950488708931829
0.3316662166541068
0.9530495009878465
0.3177543325014576
0.2417786161427614
0.38314018801890853
0.2860422548992152
0.374793057527319
0.3364112231393178
0.37340186911205414
0.38525385900850817
0.37340186911205414
0.4279911653940498
0.391487318510498
0.4234121682813132
0.4123551447394717
0.3822011942666838
0.4290494057226506
0.33335855839749334
0.4304405941379155
0.2860422548992152
0.42209346364632605
0.24330494851367357
0.40818157949367695
0.736310304318314
0.42209346364632605
0.7637842869947337
0.4040080142478822
0.8019425962675386
0.40122563741735234
0.8370482407985192
0.41096395632420674
0.8706275529585876
0.42209346364632605
0.8675748882167632
0.4499172319516243
0.835521908427607
0.46243792768900854
0.797363599154802
0.4582643624432138
0.7561526251401727
0.45687317402794886
0.7256259777219286
0.44574366670582954
0.35014821447752753
0.3956608837562927
0.7927846020420656
0.4304405941379155
0.6416776973217577
0.6808545088855997
0.33793755551022997
0.7811982848709264
0.398990850346718
0.771459965964072
0.46767580703776696
0.7728511543793368
0.5287291018742549
0.7784159080403965
0.589782396710743
0.7867630385319859
0.589782396710743
0.7893672052762628
0.5287291018742549
0.7810200747846734
0.46767580703776696
0.7754553211236137
0.398990850346718
0.7740641327083488
0.33793755551022997
0.7838024516152032