0.009391648992978317
0.3674951653031192
0.018143667406700637
0.4783405589832046
0.028354355556043345
0.586637782693633
0.05606908053283067
0.6911127514495755
0.08961848445209956
0.7917654652510323
0.13775458572757232
0.8860477541283464
0.21652275145107316
0.9650410231877176
0.32300564215136135
1.0134562526112032
0.44990990915033496
1.0249230174746604
0.5753555064136882
1.0096339976567175
0.6760037181714948
0.9726855330966889
0.7591478931018568
0.916625793764232
0.827705370676015
0.8401806946745181
0.8758414719514879
0.7522688307213468
0.9137668850776177
0.6528902019047185
0.9341882613763033
0.5458670631791187
0.9196015640200994
0.44139209442317623
0.02106100687794141
0.2630201965471766
0.09399449365896072
0.2528275166685481
0.15963463176187812
0.288501896243748
0.23110944880727705
0.31525768092514794
0.30550160532391674
0.3292726157582622
0.47908330386274267
0.3700433352727764
0.5651448182643455
0.33819121065206215
0.6687103694933929
0.33946529563689076
0.7649825720443384
0.3178058508948051
0.8510440864459412
0.3458357205610336
0.058986420004071435
0.35602840043966216
0.10274651207268304
0.3471098055458621
0.15379995281939657
0.353480230470005
0.20339472383048968
0.3649469953334621
0.25298949484158284
0.37513967521209063
0.2442374764278605
0.409539969802462
0.19756004488800813
0.4261030746052334
0.14650660414129463
0.43374758451420475
0.09545316339458111
0.4222808196507476
0.06627976868217338
0.3891546100452049
0.5811901853561697
0.39552503496934777
0.6220329379535405
0.3878805250603763
0.6760037181714948
0.39425094998451915
0.7285158286538288
0.400621374908662
0.7795692694005423
0.41336222475694767
0.7708172509868199
0.45413294427146184
0.7226811497113472
0.4694219640894047
0.6672516997577724
0.47069604907423324
0.6147395892754387
0.4605033691956047
0.5753555064136882
0.43247349952937614
0.13337857652071117
0.39042869503003347
0.6555823418728095
0.43629575448386193
0.4265711933804088
0.7064017712675184
0.26465885272654593
0.785125915423677
0.3434270184500468
0.7953185953023056
0.41636050523106605
0.811881700105077
0.5053393591039097
0.8144298700747342
0.5738968366780678
0.8258966349381912
0.5738968366780678
0.8274398448262322
0.5053393591039097
0.8159730799627752
0.41636050523106605
0.813424909993118
0.3434270184500468
0.7968618051903467
0.26465885272654593
0.7866691253117181