0.02854134847286337
0.4432129351555388
0.03076214503991614
0.5423649702121786
0.035203738174021726
0.6415170052688184
0.05297011071044387
0.7352607475041869
0.11071082145381594
0.8055685541807133
0.18177631159950464
0.8632570109409402
0.2728289708486683
0.9173399391536528
0.36610242666488474
0.96240904599758
0.47270066188341775
0.9894505101039364
0.5926236765042674
0.9822394530089078
0.6881179288875368
0.9461841675337661
0.7836121812708058
0.9011150606898389
0.8724440439529167
0.8470321324771263
0.9235223649951304
0.7695132687055716
0.9435095340986053
0.6721639979226888
0.9479511272327109
0.573011962866049
0.9546135169338693
0.4756626920831663
0.05074931414339111
0.3440609000988989
0.09960683861855212
0.3098083788975143
0.1773347184653991
0.3098083788975143
0.24173781890992954
0.3332443144563564
0.2883745468180377
0.36749683565774105
0.5859612868031091
0.33684984300387055
0.6503643872476395
0.31521667171878553
0.7192090808262753
0.304400086076243
0.7880537744049114
0.3170194359925426
0.8346905023130196
0.34586366437265603
0.10626922831971042
0.4341991137867533
0.139581176825502
0.39634106403785446
0.18621790473361016
0.3801161855740407
0.24617941204403507
0.3927355354903403
0.27727056398277383
0.42698805669172496
0.27949136054982665
0.48107098490443756
0.2506210051781406
0.5135207418320652
0.18621790473361016
0.5279428560221219
0.1284771939902381
0.5117179775583082
0.09738604205149934
0.4720571635356522
0.6192732353089007
0.42518529241796793
0.6570267769487979
0.38552447839531195
0.7169882842592227
0.37470789275276944
0.7813913847037531
0.3891300069428261
0.8169241297765973
0.4287908209654821
0.8169241297765973
0.48287374917819464
0.7813913847037531
0.5135207418320652
0.7169882842592227
0.5207317989270935
0.6570267769487979
0.5081124490107939
0.6170524387418479
0.4720571635356522
0.18399710816655745
0.45763504934559546
0.7147674876921699
0.4558322850718384
0.3394528678602514
0.5639981414972636
0.343894460994357
0.736589451542993
0.3860895957683596
0.7582226228280781
0.4438303065117317
0.756419858554321
0.5037918138221565
0.7510115657330497
0.5615325245655287
0.7438005086380214
0.5615325245655287
0.7496828616942436
0.5037918138221565
0.7568939187892719
0.4438303065117317
0.7623022116105432
0.3860895957683596
0.7641049758843003
0.343894460994357
0.7424718045992152