0.0350005811832796
0.5658572458684707
0.05579760701500424
0.6332460575003104
0.07659463284672888
0.7036979969335971
0.09219240222052233
0.7726183724661603
0.13118682565500603
0.8338809284951053
0.1961775313791455
0.8813594094175378
0.27936563470604403
0.921180070836352
0.3625537380329426
0.96253229615589
0.4561403542757035
0.9931635741703624
0.5679243681212235
0.9809110629645734
0.6537120996770875
0.9441535293472063
0.7343005747750205
0.9012697401269448
0.8070901651860566
0.8568543870059596
0.8720808709101961
0.8093759060835272
0.9110752943446799
0.7465817861538586
0.9318723201764044
0.6791929745220191
0.9500697177791636
0.6148672906916268
0.13898571034190274
0.4800896674279478
0.180579762005352
0.45252151721492245
0.25336935241638825
0.45864777281781705
0.2975630323088031
0.4892790508322895
0.3365574557432868
0.5122525093431439
0.5419280858315676
0.5030631259388021
0.6017195350977759
0.5275681483503801
0.6745091255088121
0.5122525093431439
0.7420994594619172
0.49081061473301313
0.817488678101919
0.4969368703359076
0.17798013377638644
0.5673888097691944
0.20917567252397343
0.5520731707619582
0.24817009595845713
0.5551362985634055
0.2767660064770785
0.5658572458684707
0.31056117345363105
0.5888307043793252
0.31836005814052776
0.6072094711880087
0.28716451939294085
0.6317144935995868
0.242970839500526
0.6317144935995868
0.20657604429500787
0.6163988545923504
0.17018124908948973
0.5995516516843905
0.651112471448122
0.5964885238829433
0.6849076384246744
0.5750466292728125
0.7394998312329517
0.5658572458684707
0.7940920240412288
0.5735150653720889
0.8408853321626092
0.5964885238829433
0.817488678101919
0.6194619823937977
0.7862931393543321
0.6409038770039285
0.731700946546055
0.6546879521104412
0.6771087537377777
0.6454985687060993
0.6459132149901907
0.6194619823937977
0.26376786533225055
0.6010832155851141
0.731700946546055
0.6225251101952449
0.4587399825046691
0.7144189442386625
0.3261589428274245
0.7971233948777382
0.4093470461543231
0.8246915450907636
0.5107325470839806
0.8124390338849746
0.6069187915557069
0.7909971392748437
0.6849076384246744
0.8277546728922108
0.6823080101957089
0.8675753343110252
0.5965202786398447
0.8997381762262212
0.5003340341681183
0.9150538152334575
0.39634890500949516
0.9119906874320103
0.3313581992853557
0.872170026013196