0.05547461244657999
0.5647830315742223
0.08230684142740684
0.6370989782149774
0.11739514086387282
0.7109215070774149
0.16073951075597775
0.7787177070531229
0.21440396871763154
0.8374744136987365
0.2866445852044731
0.8841784625708908
0.38365341305823186
0.9112969425611741
0.4827262585259004
0.9384154225514574
0.5838631216074786
0.9625207380983758
0.6767439142334178
0.9354022581080925
0.7448564954924399
0.8826718803492085
0.8088410415236426
0.8178888448168654
0.8728255875548451
0.7515992270628398
0.9223620102886794
0.6807898626437671
0.940938168813867
0.5994344226729174
0.9471302216555965
0.5120526538153383
0.9471302216555965
0.43371037828785347
0.15661147552815824
0.46233544049981906
0.23917218008454866
0.47589468049496064
0.32998895509657805
0.47137493382991347
0.41461367726687826
0.4593222760564543
0.4868542937537198
0.4397367071745831
0.7056401608281544
0.3990589871891583
0.7675606892454473
0.39303265830242873
0.821225147207101
0.3749536716422399
0.864569517099206
0.34934177387363907
0.891401746080033
0.3192101294399911
0.24742825054018772
0.5617698671308575
0.2783885147488341
0.5376645515839391
0.30728476134357074
0.5165724004803854
0.34237306078003665
0.49849341382019663
0.38365341305823186
0.5060263249286087
0.38158939544432213
0.5316382226972095
0.3609492193052245
0.5557435382441279
0.32586091986875854
0.5753291071259989
0.28870860281838284
0.590394929342823
0.2412361976984584
0.5873817648994581
0.7118322136698838
0.4668551871648663
0.7262803369672521
0.44274987161794793
0.7634326540176277
0.43220379606617104
0.8026489886819133
0.43823012495290065
0.8336092528905596
0.4532959471697247
0.8418653233461987
0.4728815160515959
0.821225147207101
0.492467084933467
0.7840728301567254
0.5030131604852438
0.7448564954924399
0.49999999604187906
0.7159602488977033
0.4864407560467374
0.3320529727104879
0.5391711338056214
0.7675606892454473
0.46986835160823104
0.7551765835619887
0.6401121426583422
0.5570308926266517
0.8323181964694492
0.6003752625187566
0.8142392098092605
0.6395915971830423
0.7976668053707541
0.6849999846890569
0.7856141475972949
0.7304083721950715
0.7931470587057067
0.7304083721950715
0.7967966937133116
0.6849999846890569
0.7892637826048998
0.6395915971830423
0.801316440378359
0.6003752625187566
0.8178888448168654
0.5570308926266517
0.8359678314770541