0.019223694035795692
0.38502182802247087
0.03688373831748364
0.47801886608096333
0.04571376045832762
0.5794701803265915
0.06116629920480458
0.6758489288599383
0.11856144312029049
0.7536282697815866
0.1892016202470423
0.8263350449909534
0.26425680844421606
0.8990418202003203
0.3415195021766008
0.9666760296974058
0.45630979000757255
0.9768211611219687
0.5600625501624893
0.9430040563734259
0.6594002992469841
0.9041143859126017
0.758738048331479
0.8601521497394963
0.8360007420638637
0.7958996507172651
0.8911883804441386
0.7181203097956167
0.9309234800779363
0.6251232717371242
0.9529985354300463
0.5287445232037775
0.9640360631061013
0.43912919562013925
0.03246872724706168
0.3207693290002397
0.12076894865550142
0.29202478996397835
0.22893671988084016
0.2852613690142698
0.32165195235970195
0.31400590805053114
0.3790470962751878
0.36980413088562664
0.6262877162188193
0.3072424871008226
0.705757915486415
0.300479066151114
0.7808131036835888
0.31400590805053114
0.8360007420638637
0.34444130232421954
0.8867733693737165
0.3782584070727623
0.09207137669775851
0.3731858413604809
0.13622148740197845
0.34444130232421954
0.19140912578225322
0.33936873661193817
0.25101177523295004
0.3596589994610638
0.290746874866748
0.3968578146844608
0.29516188593716997
0.4357474851452849
0.24880426969773914
0.461110313706692
0.18699411471183125
0.4695645898938277
0.12739146526113443
0.45772860323183767
0.08986387116254754
0.4222206432458679
0.6196651996131862
0.37994926231018944
0.67264533245825
0.3579681442236367
0.7344554874441579
0.35627728898620953
0.7962656424300657
0.37656755183533513
0.8492457752751295
0.4036212356341694
0.8426232586694967
0.44589261656984774
0.7918506313596437
0.47801886608096333
0.7278329708385248
0.48985485274295326
0.663815310317406
0.47125544513125484
0.6307027272892411
0.4272932089581493
0.19582413685267527
0.4019303803967422
0.7234179597681029
0.4323657746704307
0.3348969855709679
0.62174156126227
0.3260669634301239
0.7550725419635557
0.3724245796695548
0.7770536600501083
0.42761221804982963
0.7939622124243797
0.4916298785709485
0.7939622124243797
0.5379874948103794
0.7804353705249627
0.5379874948103794
0.7857545192927022
0.4916298785709485
0.7992813611921192
0.42761221804982963
0.7992813611921192
0.3724245796695548
0.7823728088178479
0.3260669634301239
0.7603916907312952