0.12023882332541232
0.5292085776207006
0.17153750592816266
0.5954146911162844
0.2162170036789452
0.6707079182289091
0.2708252787076795
0.7447029862533852
0.3403267196533412
0.8083127815726716
0.42637612272892245
0.8628354632749172
0.5107707295915117
0.910867349536419
0.6001297250930768
0.9576010767097725
0.7043818865115695
0.9874587357371925
0.7871216971611669
0.942023167651988
0.8715163040237561
0.8900968041260399
0.9343985601174501
0.8148035770134151
0.9708040768032729
0.7239324408430059
0.9790780578682325
0.6226760319674072
0.9724588730162648
0.518823304915511
0.9459821336083937
0.4240576914806557
0.904612228283595
0.33837919166284125
0.07886891800061364
0.4785803731829012
0.10203606498250091
0.45521350959622453
0.13182239681635594
0.4370392823621427
0.16657311728918683
0.422759532392507
0.20628822640099356
0.42016321421620956
0.3568746817832607
0.3279939189576517
0.42637612272892245
0.29683810084208284
0.5024967485265519
0.2760675554317036
0.5835817629631573
0.2630859645502166
0.6663215736127547
0.25789332819762173
0.1450607665202915
0.5136306685629161
0.16326352486320292
0.4876674867999421
0.19470465291004993
0.4694932595658603
0.23111016959587274
0.4617043050369681
0.2675156862816956
0.470791418654009
0.2824088521986231
0.49675460041698305
0.2691704824946875
0.5240159412681058
0.2360745582348486
0.5408920094140388
0.19470465291004993
0.5486809639429311
0.16160872865021098
0.5356993730614441
0.5140803220174955
0.36304421433766665
0.5471762462773345
0.34227366892728744
0.5984749288800849
0.3279939189576517
0.6497736114828353
0.3228012826050569
0.7027270902985776
0.3240994416932056
0.7176202562155051
0.3552552598087744
0.689488720594642
0.3864110779243433
0.6398448342048836
0.4019889869821277
0.5885461516021332
0.4110761005991686
0.5405570614253669
0.3942000324532355
0.2079430226139855
0.4980527595051317
0.6017845213060689
0.361746055249518
0.29895681432854254
0.6707079182289091
0.4677460280537212
0.7693680089282106
0.5024967485265519
0.7537900998704261
0.5438666538513507
0.7343177135481956
0.5902009478151252
0.7239324408430059
0.6414996304178755
0.7226342817548572
0.6530832039088191
0.7472993044296825
0.6183324834359882
0.7706661680163593
0.5753077818981976
0.7901385543385898
0.5306282841474151
0.8057164633963743
0.49091317503560844
0.7940330316030358