0.030508858721218113
0.49515575546746615
0.028273051820498052
0.5936554700432234
0.046159507026258546
0.6856961869418818
0.08193241743777958
0.7728926555827161
0.15571404516154178
0.8471711288693528
0.24738212809106438
0.9053021079632423
0.3591724731270677
0.9521298411222088
0.477670238865231
0.9811953306691535
0.6118186529084351
0.9860395789269778
0.7392596462494786
0.9763510824113295
0.8063338532710806
0.9166053538981652
0.8756438671934025
0.8471711288693528
0.9382464604135644
0.7712779061634415
0.9717835639243654
0.6824666881033324
0.9762551777258055
0.58558172294685
0.9807267915272456
0.48869675779036736
0.9851984053286857
0.3998855397302583
0.10652629334570031
0.3934265420531595
0.16465727276442202
0.35628730540984116
0.24961793499178445
0.34175456063636883
0.3502292455241873
0.3385250617978194
0.44636894225515017
0.3320660641207206
0.6252334943127554
0.3595168042483906
0.685600280632197
0.3159185699279735
0.7593819083559593
0.285238330961754
0.8398709567818815
0.2626318390919081
0.9091809707042037
0.2690908367690069
0.17583630726802232
0.49031150720964206
0.20713760387810318
0.46124601766269735
0.26303277639610484
0.44832802230849966
0.3189279489141065
0.4370247763735766
0.370351507630668
0.4515575211470491
0.370351507630668
0.48708200837109267
0.3345785972191469
0.512917999079488
0.2876266523040255
0.5274507438529603
0.2294956728853039
0.5355244909493339
0.17583630726802232
0.5258359944336856
0.7280806117458782
0.3966560408917089
0.7571461014552392
0.37566429844113775
0.8018622394696405
0.3675905513447642
0.8510499912854819
0.3724347996025883
0.8890587085977228
0.3837380455375113
0.9002377431013234
0.4111887856651813
0.8711722533919624
0.43541002695430187
0.821984501576121
0.4370247763735766
0.7683251359588396
0.4386395257928513
0.7258448048451582
0.42572153043865363
0.27421181089970514
0.49031150720964206
0.8108054670725208
0.40634453740735715
0.7034867358379576
0.501614753144565
0.4933208871702715
0.7440417846294723
0.5648667079933135
0.7198205433403518
0.6431199495185159
0.7036730491476048
0.7258448048451582
0.6891403043741323
0.78397578426388
0.6955993020512312
0.78397578426388
0.7002289317153543
0.7258448048451582
0.6937699340382554
0.6431199495185159
0.7083026788117278
0.5648667079933135
0.7244501730044749
0.4933208871702715
0.7486714142935954