0.028697572078013062
0.5524179269662477
0.04699245462950659
0.6231821214556118
0.07214791813781014
0.693946315944976
0.10645082292186045
0.7620896143421416
0.16819605153315098
0.8197493283705124
0.2505230230148717
0.8721672502144858
0.344284296091276
0.9219642759662607
0.44261928980555343
0.9665195095336382
0.5523885851145145
0.9874866782712275
0.643862997871982
0.954725477118744
0.737624270948386
0.9180329318279628
0.8176643821111702
0.8669254580300886
0.8954176329550175
0.8197493283705124
0.9525891409284348
0.7607791662960423
0.9708840234799282
0.690014971806678
0.980031464755675
0.6153194331790158
0.9685971631609915
0.5471761347818503
0.05613989590525329
0.4868955246612808
0.15218802930059416
0.4868955246612808
0.25738360397168186
0.4882059727073802
0.3580054580048961
0.4882059727073802
0.44261928980555343
0.4737910442002874
0.577544048622818
0.47772238833858544
0.6713053216992222
0.48558507661518147
0.7627797344566896
0.4672388039697908
0.8634015884899038
0.46592835592369136
0.9365811186958779
0.49606866098397623
0.14075372770591077
0.5471761347818503
0.18191721344677111
0.5288298621364595
0.24366244205806167
0.5235880699520622
0.2756784865231752
0.5275194140903603
0.314555111945099
0.5301403101825589
0.351144877048086
0.5563492711045457
0.30312081035041555
0.573385095703837
0.24594930237699833
0.5825582320265325
0.18420407376570783
0.5786268878882344
0.14304058802484743
0.5589701671967443
0.6941739248885891
0.5366925504130556
0.7330505503105127
0.5288298621364595
0.7787877566892466
0.5275194140903603
0.8268118233869168
0.5301403101825589
0.8634015884899038
0.5393134465052544
0.8634015884899038
0.5576597191506449
0.8268118233869168
0.5681433035194398
0.7787877566892466
0.569453751565539
0.730763689991576
0.5707641996116384
0.7033213661643359
0.5576597191506449
0.25967046429061846
0.5471761347818503
0.7765008963703097
0.5471761347818503
0.5157988200115274
0.7240866210052609
0.3991689437457564
0.8139453250369999
0.4723484739517304
0.8126348769909005
0.5478148644766411
0.8073930848065032
0.614133813725805
0.8178766691752979
0.6758790423370955
0.8113244289448012
0.6758790423370955
0.8131970881400157
0.614133813725805
0.8197493283705124
0.5478148644766411
0.8092657440017177
0.4723484739517304
0.814507536186115
0.3991689437457564
0.8158179842322144