0.02583469766446902
0.34202160823891503
0.012402119490272525
0.4536148594612008
0.03255098675156728
0.5652081106834865
0.044304492653989204
0.6781458589084505
0.06949057673060764
0.7857056191227019
0.13497439532981556
0.8798204093101718
0.22060708119031822
0.9551122414601476
0.3045606947790463
1.0209925945913767
0.4372074042492367
1.043849043636905
0.5782494750782999
1.025026085599411
0.7025008231896175
0.9752796965003199
0.8133195931267385
0.9134328343771253
0.880482483997721
0.8273850262057243
0.9207802185203106
0.7225142599968292
0.9325337244227324
0.6082320147691871
0.9627570253146746
0.5006722545549357
0.9778686757606456
0.4052129673647877
0.020797480849145338
0.2519403090594795
0.08124408263302957
0.21832788399252592
0.14840697350401202
0.1874044529309287
0.2256442980056419
0.1954714349469975
0.282732755245977
0.22505036900591663
0.5295563791968375
0.22505036900591663
0.6185472096008894
0.20488291396574448
0.7192915459073631
0.20891640497377895
0.7965288704089929
0.23715084203001996
0.850259183105779
0.2774857521103642
0.08292315490480412
0.3473995962496276
0.12657903397094275
0.3299211352148117
0.17527212985240503
0.32454314720409916
0.22396522573386732
0.3312656322174899
0.2625838879846823
0.34874409325230565
0.25922574344113314
0.36353356028176526
0.2256442980056419
0.38101202131658113
0.17359305758063048
0.38370101532193734
0.12154181715561904
0.38101202131658113
0.08292315490480412
0.36353356028176526
0.5933611255242709
0.3527775842603401
0.6420542214057332
0.34067711123623684
0.7025008231896175
0.3433661052415931
0.7612683527017271
0.3527775842603401
0.8066033040396403
0.379667524313903
0.8133195931267385
0.39714598534871876
0.757910208158178
0.407901961370144
0.6974636063742938
0.407901961370144
0.6420542214057332
0.39445699134336254
0.5866448364371727
0.38101202131658113
0.16687676849353222
0.3554665782656964
0.6974636063742938
0.3783230273112248
0.2709792493435551
0.5544521346620614
0.2693001770717805
0.7104137869727258
0.30959791159436995
0.7265477510048637
0.3885143083677744
0.7346147330209324
0.46743070514117885
0.7359592300236106
0.5429889573710341
0.7467152060450357
0.5463471019145832
0.7695716550905641
0.46575163286940424
0.7722606490959204
0.3851561638242253
0.7736051460985985
0.30623976705082084
0.768227158087886
0.2609048157129077
0.7252032540021854