0.07191024773299824
0.57325560142539
0.12129184342180652
0.6396967198527017
0.18784964630672205
0.7078414567012266
0.2587015009906644
0.7742825751285383
0.33384740747363356
0.8356128382922107
0.42616952115271
0.8850177725073912
0.5335208161283803
0.9190901409316536
0.643019137003564
0.9463480356710635
0.7525174578787476
0.9616806014619816
0.8383984938592838
0.9156829040892275
0.8856330636485786
0.8441309303982762
0.9242795298398198
0.7623572461800464
0.9478968147344674
0.6754727066981772
0.9650730219305746
0.586884548795095
0.9715140996291148
0.49148191720716017
0.9736611255286282
0.3943756671980122
0.9607789701315477
0.30408389087371673
0.1492031801154808
0.47955658825866826
0.21146693120136958
0.4403733645707664
0.27587770818677165
0.39607928561922534
0.34672956287071405
0.3585996803525366
0.4089933139566028
0.3313417856131267
0.6687834477977246
0.31771283824342167
0.7031358621899392
0.26830790402824123
0.7482234060797206
0.23253191718276567
0.8169282348641496
0.20868125928578196
0.8834860377490651
0.20527402244335569
0.2694366304882314
0.5439701608184799
0.31023012257898613
0.5098977923942175
0.35317064056925423
0.47752904239116806
0.4025522362580626
0.45538200291539754
0.4562278837458977
0.44516029238811883
0.4562278837458977
0.4505950750980452
0.4025522362580626
0.4608167856253239
0.35317064056925423
0.4829638251010944
0.31023012257898613
0.5153325751041439
0.2694366304882314
0.5494049435284063
0.7331942247831269
0.3787191739608071
0.7589585355772878
0.3531648976426102
0.7911639240699887
0.33272147658805284
0.82981039026123
0.320796147639561
0.8727509082514981
0.3156852923759216
0.8727509082514981
0.32112007508584794
0.82981039026123
0.32623093034948736
0.7911639240699887
0.3381562592979792
0.7589585355772878
0.3585996803525366
0.7331942247831269
0.3841539566707335
0.35832350272808633
0.4891052495364395
0.7971755965886264
0.3429347889963537
0.7439293542806938
0.5545157987920457
0.6644893959986978
0.743293516100415
0.7117239657879927
0.7347754239943495
0.7525174578787476
0.7211464766246446
0.786869872270962
0.7041102924125132
0.8126341830651228
0.6870741082003821
0.8126341830651228
0.6925088909103084
0.786869872270962
0.7095450751224396
0.7525174578787476
0.726581259334571
0.7117239657879927
0.7402102067042758
0.6644893959986978
0.7487282988103414