0.03140096676846342
0.4752475172281265
0.04106280269722142
0.5726072516602774
0.08937198234101133
0.6518151711982985
0.1570048338423172
0.7244224307748177
0.2149758494148651
0.800330020332088
0.28743961888055
0.8663366199471056
0.35990338834623486
0.9306930545717478
0.4710145015269518
0.9752475093118846
0.5966183686008054
0.9735973443215091
0.6932367278883854
0.9306930545717478
0.7874396281937758
0.8778877748797336
0.8792270695169765
0.8300329901588459
0.9371980850895244
0.7590758955727019
0.9516908389826614
0.6650164911213019
0.963768133893609
0.5660065916987755
0.9516908389826614
0.4686468572666247
0.9106280362854401
0.39273926770935447
0.024154589821894928
0.4092409176131089
0.07246376946568489
0.3894389377286036
0.13526570300261173
0.3943894326997299
0.19323671857515964
0.4075907526227334
0.24879227516551808
0.41749174256498606
0.4057971090078354
0.34818481296921766
0.49758455033103616
0.3597359679018457
0.5821256147076684
0.3333333280558387
0.6690821380664903
0.31518151316170884
0.7222222356746594
0.3399339880173404
0.08937198234101133
0.473597352237751
0.10869565419852734
0.4521452073628703
0.15217391587793827
0.45049504237249494
0.1956521775573492
0.4488448773821194
0.2294686033080021
0.46039603231474757
0.24637681618332863
0.48349834218000365
0.2222222263614336
0.5066006520452597
0.17874396468202267
0.5165016419875124
0.13285024402042225
0.5165016419875124
0.09903381826976933
0.5016501570741334
0.5144927632063627
0.3894389377286036
0.5531401069213946
0.37788778279597557
0.5966183686008054
0.36798679285372293
0.6473430072267848
0.36798679285372293
0.6932367278883854
0.37788778279597557
0.7004831048349539
0.4026402576516071
0.6690821380664903
0.4224422375361124
0.6207729584227005
0.432343227478365
0.5676328608145315
0.43069306248798966
0.5241545991351206
0.42079207254573703
0.1763285056998332
0.4768976822185019
0.5990338275829951
0.40099009266123176
0.28502415989836055
0.6072607164581616
0.340579716488719
0.7590758955727019
0.3961352730790773
0.7359735857074459
0.4613526655981937
0.7211221007940669
0.5338164350638787
0.7178217708133161
0.5942029096186161
0.7376237506978214
0.628019335369269
0.7607260605630775
0.5555555659035841
0.7656765555342038
0.4830917964378992
0.7689768855149546
0.41545894493659336
0.7838283704283335
0.3454106344530979
0.7887788653994598