0.09139013187547514
0.5387817005226209
0.07261133765448707
0.623912236068681
0.0705248049632662
0.7109345612935426
0.09556319725791688
0.7866061484455961
0.15607264530332282
0.8414680491308348
0.23327435487849585
0.8830874220644642
0.3083895317624481
0.9322739537132991
0.38350470864640024
0.9738933266469285
0.48365827782500304
0.9757851163257298
0.5838118470036059
0.966326167931723
0.6756192854173253
0.9417329021073056
0.759080593066161
0.9038971085312789
0.836282302641334
0.8660613149552522
0.9051378814516237
0.8168747833064175
0.9573011987321458
0.7563375135847746
0.9656473294970296
0.663639819323509
0.9760799929531339
0.5747257044198463
0.10390932802280048
0.3874385262185139
0.12268812224378854
0.3628452603940965
0.1477265145384392
0.3439273636060831
0.18319757028919448
0.3306848358544738
0.2207551587311705
0.32690125649687113
0.6443212950490118
0.3477109429636858
0.6923115469470925
0.3477109429636858
0.7319556680802893
0.3552781016788912
0.759080593066161
0.3798713675033085
0.7841189853608117
0.40257284364892454
0.14563998184721835
0.5652667560258395
0.19363023374529895
0.5217555934134088
0.2583127471731466
0.48202801015858077
0.2916972702326809
0.4517593752977594
0.32508179329221515
0.48013622047977944
0.33760098943954053
0.5539160179530316
0.3146491298361107
0.612561497995873
0.24996661640826304
0.6314793947838865
0.17902450490675262
0.6276958154262838
0.13103425300867214
0.6012107599230649
0.5963310431509313
0.5179720140558062
0.6171963700631402
0.5179720140558062
0.6860519488734297
0.5179720140558062
0.7361287334627312
0.5406734902014222
0.7778593872871491
0.5822928631350516
0.7924651161256953
0.6163450773534757
0.7465613969188356
0.6390465534990917
0.6818788834909879
0.6371547638202903
0.6318020989016866
0.6087779186382705
0.5879849123860479
0.572833914741045
0.24996661640826304
0.5595913869894356
0.6714462200348836
0.5690503353834423
0.3563797836605286
0.724177089045152
0.32508179329221515
0.8575028584483549
0.3605528490429704
0.8556110687695536
0.39811043748494646
0.8631782274847589
0.43775455861814344
0.868853596521163
0.4690525489864568
0.8783125449151696
0.4690525489864568
0.8849792117432655
0.43775455861814344
0.8755202633492589
0.39811043748494646
0.8698448943128548
0.3605528490429704
0.8622777355976495
0.32508179329221515
0.8641695252764509