0.10075570729604326
0.388728931961503
0.10832890135155908
0.5120293149728715
0.12953384470700333
0.6278113819469614
0.17800228666230444
0.7210385008092155
0.2340439226731214
0.8127619564640142
0.3052319467949699
0.8789231375920653
0.40065419189446916
0.9315513498530154
0.5006203534272777
0.9721502564543196
0.6157329030711179
0.9781649092841425
0.7172137034150298
0.9405733290977497
0.7777992558591561
0.8578718526876855
0.8323262530588699
0.7601337442030642
0.8913971666918933
0.6699139517557213
0.9413802474582974
0.5751831696860114
0.9671291072470514
0.46391209233428865
0.9534973579471229
0.34361903573783165
0.9353216922138848
0.22934063197119745
0.2613074212729783
0.31504943479617303
0.30826122441717635
0.2503919168755774
0.3824785261612312
0.21430399989664028
0.4688129383941113
0.1917490517848046
0.5581766282491978
0.2037783574444503
0.7641675065592277
0.18423073574752605
0.785372449914672
0.13761717631639894
0.8217237813811479
0.10604024895982894
0.8671629457142427
0.09401094330018325
0.9095728324251311
0.10604024895982894
0.3582443051835806
0.37519596309440156
0.38096388735012804
0.34813002536019877
0.4112566635721912
0.32106408762599586
0.44760799503866705
0.304523792343983
0.47941541007183347
0.31956042441854016
0.48244468769403975
0.3556483413974773
0.46729829958300817
0.388728931961503
0.4339762457387386
0.4157948696957059
0.3930809978389533
0.4188021961106173
0.3582443051835806
0.40677289045097154
0.7702260618036403
0.26392488574267886
0.785372449914672
0.23385162159356454
0.8111213097034257
0.21129667348172887
0.8414140859254889
0.21129667348172887
0.8717068621475522
0.23084429517865312
0.8762507785808615
0.2624212225352231
0.8595897516587268
0.289487160269426
0.8353555306810764
0.31053844517380597
0.8005188380257036
0.31805676121108445
0.7747699782369498
0.2955018130992488
0.3794492485390248
0.37369229988694586
0.7990041992146005
0.26993953857250164
0.8126359485145288
0.4894743668610358
0.5400009625159599
0.8037399772192797
0.5763522939824357
0.7541190913732414
0.635423207615459
0.7105128583570256
0.700552676492895
0.6879579102451898
0.758108951314815
0.6804395942079113
0.7505357572592993
0.7556227545806969
0.7278161750927518
0.8112582932565583
0.6748038167041411
0.8563681894802296
0.6036157925822927
0.8759158111771539
0.5490887953825789
0.8578718526876855