0.14778096633186305
0.5916369418498916
0.19294241103412377
0.6598629840667106
0.23943213352174514
0.7280890262835298
0.29123496715080893
0.7923017718993596
0.35499230084811817
0.8498256898468739
0.4267193012575911
0.893971952457757
0.5050876905938672
0.9354426840013135
0.5887691910715855
0.9702245878765549
0.6751072471200253
0.9943043674824908
0.7521473586709406
0.9528336359389341
0.8132481367975287
0.8872831247894413
0.8716923593533956
0.829759206841927
0.9248234707678199
0.7615331646251079
0.962015248757917
0.6785917015379944
0.9872525266797686
0.5876236452489021
0.985924248894408
0.48862899575783114
0.962015248757917
0.40836306373804393
0.08535191041991434
0.4779268714885262
0.12652852176609328
0.44582049868061135
0.1836444665365995
0.45786038848357946
0.24208868909246634
0.4779268714885262
0.29256324493616953
0.4939800578924836
0.48914835716953986
0.4618736850845688
0.5529056908668492
0.4137141258726964
0.6233044134909616
0.36689233219448714
0.6976879694711556
0.32809713171825666
0.781369469948874
0.32675936618459356
0.20091207774628742
0.5608683345756397
0.2354473001656633
0.542139617104356
0.28060874486792403
0.5381263205033667
0.3270984673555454
0.5434773826380191
0.3656185231310031
0.5515039758399979
0.3722599120578062
0.5889614107825653
0.3470226341359545
0.6183922525231539
0.30318946721905443
0.6224055491241433
0.2593563003021543
0.6157167214558277
0.22083624452669662
0.5983257695182072
0.5980671355691098
0.47123804382021056
0.6352589135592069
0.4471582642142744
0.6817486360468282
0.4391316710122957
0.7295666363198102
0.4351183744113063
0.7773846365927922
0.4391316710122957
0.7800411921635135
0.4779268714885262
0.7455059697441375
0.5100332442964411
0.7003445250418768
0.5234108996330723
0.6511982469835343
0.5260864307003986
0.6086933578519947
0.508695478762778
0.3005329116483332
0.5902991763162284
0.6804203582614677
0.48862899575783114
0.4147648011893456
0.7695597578270865
0.5502491352961278
0.8364480345102426
0.5927540244276674
0.8230703791736114
0.6379154691299281
0.8083549583033172
0.6817486360468282
0.7896262408320334
0.7242535251783678
0.7775863510290654
0.7295666363198102
0.796315068500349
0.6870617471882708
0.8123682549043064
0.6405720247006494
0.8257459102409377
0.5967388577837492
0.8444746277122213
0.5515774130814886
0.8565145175151895