0.07755425164504819
0.35771755814330264
0.06072722819467249
0.44866097696890295
0.06703736198856339
0.5410712251304001
0.085967763370236
0.6290809852842069
0.09438127509542381
0.7214912334457039
0.11331167647709642
0.806567334927717
0.18482652614119296
0.8784419723866593
0.2731683992556651
0.9341814871507369
0.38254405168310696
0.9635180738686724
0.5129534834235182
0.9591175858609822
0.626535891713554
0.9253805111353561
0.7380149220722926
0.8887097777379367
0.8305635510493586
0.8432380683251366
0.8831479993317827
0.7786975775456781
0.9125952903699399
0.6848205000482844
0.9378358255455035
0.5894765932149938
0.9378358255455035
0.5044004917329805
0.10279478682061162
0.2579731633023217
0.15958599096562945
0.25650633396642486
0.20375692752286556
0.2814424326766701
0.2353075964923199
0.31957999540998644
0.2605481316678834
0.35918438747919945
0.4330251220342338
0.33864877677664457
0.5129534834235182
0.3078453607228121
0.6055021124005843
0.31224584873050254
0.6580865606830082
0.3650517048227866
0.6854304737898685
0.41932439025096735
0.10279478682061162
0.3635848754868898
0.14065558958395685
0.348916582127922
0.18692990407248988
0.35771755814330264
0.21848057304194426
0.3797199981817543
0.24161773028621078
0.4046560968919996
0.2500312420113986
0.43399268360993515
0.20796368338545948
0.4442604889612126
0.15748261303433253
0.43986000095352223
0.11751843233969032
0.4207912195868641
0.0964846530267208
0.3914546328689286
0.46457579100368823
0.4369263422817287
0.5066433496296273
0.42519170759455444
0.5613311758433482
0.428125366266348
0.6012953565379904
0.44132683028941905
0.6370527813700387
0.46332927032787075
0.6307426475761477
0.4897321983740128
0.5886750889502087
0.5044004917329805
0.5360906406677847
0.49853317438939343
0.48981632617925164
0.4853317103663224
0.46036903514109423
0.4603956116560772
0.15958599096562945
0.3929214622048253
0.5318838848051909
0.45892878232018036
0.21006706131675645
0.5454717131380904
0.2156842742356793
0.7495076737613329
0.2576804484730782
0.7261850873205741
0.336907273630157
0.7369662829394154
0.41613409878723573
0.7506077957632554
0.49178678145602533
0.7693098697959393
0.488808329382451
0.7816312362174723
0.40958150422537215
0.7723902114013227
0.32886545303150616
0.7664495525909406
0.24844724704499757
0.7635892353859419
0.21806703589453877
0.7226646969144219