0.02277615167217477
0.4293416476111846
0.03397753774045748
0.5280930642461431
0.03173726052680095
0.6251418702494644
0.05414003266336628
0.7119750124629626
0.12134834907306243
0.7817820483600884
0.20647888319201077
0.8430760310990282
0.28488858566998965
0.912883066996154
0.3722593970025945
0.9639613859452704
0.490994089326391
0.9673666072085448
0.6074885044365309
0.9401248371023494
0.7172620879057013
0.9094778457328796
0.8180745625202454
0.858399526783763
0.8964842649982241
0.7851872696233628
0.9480106409123245
0.7000567380415019
0.9681731358352333
0.6013053214065435
0.9636925814079204
0.502553904771585
0.9435300864850115
0.4191259838213613
0.03173726052680095
0.3425085053976866
0.07654280479993167
0.31696934592312836
0.13479001235500163
0.31356412465985395
0.19303721991007158
0.3305902309762261
0.24680387303782847
0.3510215585558727
0.5290788019585522
0.35272416918750993
0.6007676727955614
0.32548239908131443
0.6791773752735402
0.30164585023839346
0.7687884638198017
0.2948354077118445
0.8292759485885282
0.3203745671864028
0.06982197315896206
0.4106129306631753
0.11238724021843628
0.3901816030835286
0.1616733389188801
0.38337116055697984
0.2154399920466369
0.3952894349784403
0.26024553631976766
0.4157207625580869
0.25352470467879806
0.45828602834901727
0.21768026926029355
0.471906913402115
0.16391361613253663
0.48382518782357553
0.10790668579112322
0.4770147452970267
0.0720622503726186
0.44977297519083126
0.5828454550863089
0.40550509876826357
0.6276509993594398
0.3731554967671565
0.6903787613418227
0.3646424436089704
0.7531065233242058
0.37145288613551924
0.8068731764519627
0.39869465624171474
0.8023926220246496
0.4378547007693707
0.7575870777515189
0.4736095240337523
0.6948593157691357
0.48723040908684995
0.6298912765730962
0.4770147452970267
0.5828454550863089
0.44636775392755673
0.1549525072779104
0.4378547007693707
0.6903787613418227
0.4259364263479102
0.27368719960170695
0.5927922682483573
0.307291357806555
0.7171906763645445
0.38122050585722067
0.7137854551012701
0.4596302083351995
0.7154880657329072
0.5402801880268349
0.7171906763645445
0.611969058863844
0.7188932869961817
0.611969058863844
0.723893286884423
0.5402801880268349
0.7221906762527858
0.4596302083351995
0.7204880656211485
0.38122050585722067
0.7187854549895114
0.307291357806555
0.7221906762527858