0.03302544465177501
0.5264112365475259
0.02718717343365122
0.6126879121795725
0.036917625463857566
0.6936823423647591
0.09140815683301318
0.7447440483510724
0.14979086901425134
0.7922842573728125
0.21401185241361326
0.8433459633591258
0.27823283581297525
0.8979291663100125
0.33661554799421345
0.948990872296326
0.4105669834237818
0.9824450934597725
0.5000871421016801
0.9771628480129125
0.5876612103735376
0.959555363190046
0.6655048266151883
0.9313833874734592
0.7394562620447568
0.9014506632745859
0.8036772454441186
0.8627141966642793
0.848437324783068
0.8063702452311059
0.885413042497852
0.7412225513864992
0.9087661273703472
0.6743141090596059
0.14200650739008625
0.3573793822480057
0.21595794281965455
0.36266162769486576
0.2879632878431816
0.3661831246594391
0.35413036164858486
0.3573793822480057
0.40278262179961666
0.3221644126022724
0.5740385775312487
0.3767476155531591
0.6207447472762391
0.40844108823431907
0.677181369051436
0.43661306395090577
0.7394562620447568
0.45422054877377244
0.7920007030078711
0.4418953093977658
0.10113860886321957
0.5433485857539997
0.13811432657800368
0.5679990645060131
0.1828744059169529
0.5820850523643064
0.2295805756619435
0.5697598129882998
0.26071802215860385
0.5468700827185731
0.26071802215860385
0.5528224637818258
0.2295805756619435
0.5757121940515525
0.1828744059169529
0.5880374334275591
0.13811432657800368
0.5739514455692658
0.10113860886321957
0.5493009668172524
0.612960385652074
0.6208215189746132
0.6460439225547755
0.6542757401380598
0.6946961827058074
0.6718832249609263
0.749186714074963
0.6630794825494932
0.7667015277293344
0.6331467583506197
0.7667015277293344
0.6390991394138724
0.749186714074963
0.6690318636127459
0.6946961827058074
0.677835606024179
0.6460439225547755
0.6602281212013125
0.612960385652074
0.6267739000378659
0.18248518783574474
0.5649887101978647
0.6939177465433908
0.6516175355263688
0.4319739778902357
0.7183328211167725
0.3132624631217182
0.8638048095301731
0.36386081367879125
0.8602833125655998
0.41251307382982305
0.8638048095301731
0.4533809723566897
0.8778907973884664
0.47673405722918494
0.8902160367644731
0.47673405722918494
0.8961684178277258
0.4533809723566897
0.8838431784517191
0.41251307382982305
0.8697571905934258
0.36386081367879125
0.8662356936288524
0.3132624631217182
0.8697571905934258