0.052598758817361785
0.46465199268407165
0.07967237065568412
0.5575271442672078
0.12608427666423672
0.6490160995580585
0.17249618267278938
0.7418912511411949
0.2459817005196643
0.820904439801475
0.3233348772005853
0.8957590395848981
0.41422485980066753
0.9636826579068933
0.5650635543284636
0.976158424537464
0.7042992723541214
0.9983375652140337
0.8338658432946641
0.9678412467837503
0.8996160434734469
0.8888280581234702
0.9769692201543679
0.8070424768786189
0.978903049571391
0.6933743809111982
0.9614985848181838
0.5838648738206346
0.9576309259841377
0.4785139556069278
0.9479617788990226
0.373163037393221
0.8899468963883318
0.2886050635637984
0.0854738589067532
0.41752131874636067
0.13381959433232885
0.37593542997779217
0.20537128276218078
0.3454391115475086
0.28465828886012484
0.3274185597477956
0.37554827146020703
0.3274185597477956
0.6172769485880852
0.29553604502522646
0.6559535369285457
0.26226733401037167
0.7120345900222134
0.2400881933338018
0.7758509607839734
0.22761242670323129
0.8396673315457331
0.23870199704151623
0.18603298859195053
0.4299970853769312
0.21890808868134198
0.4036593558235045
0.26145233585584854
0.3842526077315059
0.302062753613332
0.37039064480864975
0.3523423184559307
0.3648458596395073
0.35814380670699986
0.39256978548521954
0.33107019486867745
0.41890751503864626
0.28465828886012484
0.4341556742537881
0.24211404168561823
0.4507900297612155
0.19570213567706568
0.4535624223457867
0.6424167310093845
0.3052394190712258
0.67142417226473
0.2844464746869415
0.7178360782732826
0.2802878858100847
0.7661818136988582
0.2844464746869415
0.8087260608733647
0.2927636524406552
0.822262866792526
0.3149427931172251
0.7893877667031345
0.3343495412092237
0.7410420312775589
0.33296334491693813
0.6926962958519832
0.3301909523323669
0.6424167310093845
0.3274185597477956
0.2749891417750097
0.41474892616178943
0.7139684194392365
0.3121704005326539
0.6540197075115227
0.4563348149303579
0.5302546248220491
0.7612979992331934
0.5708650425795325
0.7141673252954824
0.6482182192604536
0.6975329697880551
0.7236375665243516
0.679512417988342
0.7874539372861115
0.6753538291114852
0.8183952079584799
0.7210983067569107
0.748777348945651
0.7405050548489093
0.67142417226473
0.755753214064051
0.599872483834878
0.7793185510329065
0.5321884542390721
0.8084286731709045