0.09964411004491902
0.3446754611733662
0.051758183532676715
0.42825816412985945
0.03100761537737171
0.5215921824312769
0.04218099823022827
0.6191053358805192
0.0677201590367575
0.7096532640833868
0.10283650514573517
0.7946290120891549
0.1698768022628744
0.8628882195036246
0.2528790748840944
0.9227891566224447
0.3342851499549064
0.9743318234456155
0.4396341882818394
0.9771179135441653
0.5385984364071402
0.9506500576079424
0.6295816967804005
0.9130378412775204
0.7141801669520287
0.8614951744543495
0.7684508836659033
0.7890568318920553
0.8179330077285537
0.7054741289355622
0.867415131791204
0.6274636061761684
0.908916268101814
0.546666993318225
0.21616653122470864
0.2583066681183232
0.28799542099307207
0.2457692626748492
0.35503571811021134
0.2666649384139725
0.42207601522735055
0.29452583939947025
0.4811353245924494
0.3251728304835178
0.6646980428893783
0.4421886146226084
0.7125839694016205
0.4045763982921864
0.7892014518212083
0.4059694433414613
0.8626265391399798
0.4254720740313097
0.9200896509546705
0.4575121101646321
0.22255132142634093
0.35024764137046577
0.27682203814021555
0.34049632602554153
0.3358813475053144
0.34049632602554153
0.3869596691183729
0.3530337314690155
0.430057002979391
0.3808946324545133
0.4061140397232698
0.41989989383421017
0.3582281132110275
0.4421886146226084
0.3023611989467448
0.4380094794747837
0.25128287733368637
0.42129293888348507
0.21616653122470864
0.38785985770088777
0.6950257963471317
0.4700495156081061
0.7413155253089659
0.4616912453124568
0.7923938469220245
0.47144256065738094
0.8386835758838586
0.4909451913472294
0.8769923170936526
0.5201991373820021
0.8578379464887557
0.5564183086631492
0.8099520199765133
0.5647765789587984
0.7604698959138628
0.5592043987616989
0.7157763645024368
0.5424878581704002
0.6918334012463156
0.5062686868892532
0.33268895240449825
0.3892529027501626
0.7796242665187599
0.5118408670863528
0.6200045114779521
0.6246775160776187
0.3941443928050374
0.7420415614790279
0.42705174828103654
0.7398305074182602
0.46234055711385136
0.7420415614790279
0.49351594651216646
0.756887210172754
0.5212274037551131
0.7758391021221914
0.5171139843206132
0.7925799400108611
0.4844231246043245
0.7818405345728465
0.4517322648880359
0.7714169940006559
0.4175259348537736
0.7650996966841768
0.38353610057922183
0.756887210172754