0.04508523457677454
0.4449361332982088
0.028237674971240627
0.5340100097044413
0.0715599710997564
0.6068886358549954
0.11728906145763413
0.6846258370822529
0.13654341529253003
0.7720801884629177
0.1726453287329599
0.8530564397413111
0.25447633253126745
0.9048812405594828
0.348341307476385
0.9567060413776546
0.46627422471512225
0.976140341684469
0.5986479073300316
0.9664231915310617
0.6925128822751492
0.9243155408662972
0.7911914456789905
0.877349315124829
0.8633952725598503
0.8158073641532501
0.8922768033121941
0.733211587849289
0.9163447456058139
0.6457572364686242
0.9307855109819858
0.5550638350368237
0.9211583340645378
0.4708485337072947
0.05471241149422249
0.40282848263344423
0.10525509031082426
0.3882527574033334
0.1630181518155119
0.39311133248003705
0.22318800754956158
0.4044480076590121
0.2761374805955253
0.39473085750560494
0.4253587228159685
0.38501370735219775
0.49515575546746615
0.41740420786355503
0.5890207304125836
0.41092610776128363
0.6852924995870632
0.3963503825311727
0.7791574745321806
0.40120895760787634
0.10044150185210027
0.4384580331959373
0.13654341529253003
0.4287408830425301
0.1822725056504078
0.42550183299139444
0.23040839023764753
0.4287408830425301
0.26410350944871536
0.44169708324707296
0.26410350944871536
0.45789233350275166
0.23040839023764753
0.47246805873286246
0.18467929987976975
0.477326633809566
0.13895020952189208
0.46922900868172673
0.10525509031082426
0.454653283451616
0.5529188169721538
0.43359945811923367
0.5986479073300316
0.4271213580169622
0.6491905861466333
0.4190237328891229
0.702140059192597
0.4238823079658265
0.7430555610917509
0.4384580331959373
0.7478691495504748
0.45951185852831955
0.704546853421959
0.46922900868172673
0.6491905861466333
0.47408758375843035
0.5962411131006695
0.46922900868172673
0.5529188169721538
0.45789233350275166
0.18949288833849376
0.4514142334004803
0.6371566149998235
0.4449361332982088
0.27854427482488725
0.6263229361618098
0.2857646575129733
0.7706463414657588
0.36759566131128085
0.7528315661845124
0.45664704779767434
0.7560706162356481
0.5529188169721538
0.7593096662867839
0.6179022611649276
0.781983016644734
0.6179022611649276
0.7866559136930286
0.5529188169721538
0.7639825633350784
0.45664704779767434
0.7607435132839426
0.36759566131128085
0.757504463232807
0.2857646575129733
0.7753192385140534