-0.004471613963856232
0.4788701659598886
0.012962020224342643
0.5662068932021147
0.03257485868606641
0.6507263066623334
0.056546105694839865
0.7338370632315486
0.07397973988303874
0.8183564766917673
0.14589348090935916
0.878928723004924
0.2308824475768287
0.9296403710810552
0.3180506185178231
0.9775347053751792
0.444444466382265
0.9916212742852157
0.5795551313408064
0.9873953036122047
0.6689025065553257
0.9437269399910917
0.7560706774963201
0.8901979781329531
0.819267601428541
0.8239911042557818
0.8563140740784636
0.7451063183595777
0.8824645253607619
0.6634042186813662
0.9260486108312591
0.5915627172401804
0.9500198578400327
0.5197212157989943
0.15025188945640888
0.4295671747747611
0.2243448347562541
0.4112546351917137
0.3093338014237237
0.42252389031974286
0.38996435954414355
0.4394277730117866
0.4684157133910385
0.4464710574668048
0.6689025065553257
0.47182688150487045
0.7277410219404968
0.453514341921823
0.804013171513867
0.4464710574668048
0.8846437296342868
0.44787971435780843
0.9325862236518339
0.46337494015884856
0.18293995355928178
0.47323553839587407
0.22652403902977897
0.46337494015884856
0.28318335014142537
0.4605576263768413
0.3420218655265965
0.46337494015884856
0.39214356381766835
0.47605285217788135
0.3812475424500441
0.5070433037799617
0.3376634569795468
0.5239471864720053
0.2766457373208508
0.5267645002540127
0.21562801766215467
0.525355843363009
0.17858154501223206
0.5056346468889579
0.6885153450170494
0.5042259899979543
0.7277410219404968
0.4901394210879178
0.7756835159580439
0.4901394210879178
0.8214468057020659
0.49718270554293603
0.8628516868990382
0.5098606175619689
0.8541348698049388
0.5338077847090308
0.8170883971550161
0.5478943536190672
0.7691459031374692
0.5478943536190672
0.7190242048463974
0.5436683829460563
0.6863361407435246
0.5267645002540127
0.2810041458679005
0.4957740486519325
0.7626082903168947
0.5225385295810017
0.601347174076055
0.68030810137341
0.3529178868942209
0.8000439371087199
0.4204732193734916
0.7986352802177161
0.4902077561262871
0.7972266233267127
0.5577630886055578
0.7986352802177161
0.6209600125377787
0.8084958784547418
0.601347174076055
0.8296257318197965
0.5468670672379334
0.8507555851848511
0.48584934757923737
0.8606161834218767
0.429190036467591
0.8451209576208365
0.37253072535594467
0.8253997611467856