0.06975929959313265
0.41029072018179874
0.043407201481197734
0.49700967536799245
0.065705130652835
0.583728630554186
0.1244905802871514
0.658486350542284
0.15692393180953287
0.7452053057284777
0.1994927056826586
0.8259436433156233
0.28057608448861227
0.879769201707054
0.36774071670501246
0.9410705320972943
0.48328453150349643
0.9634978480937235
0.604909599712427
0.9470511496963421
0.7062638232198691
0.9021965177034832
0.8076180467273111
0.8528564225113386
0.886674341063116
0.7825841657225266
0.9231618615257953
0.6958652105363329
0.9454597906974325
0.6016704833513296
0.9555952130481766
0.5059806017665641
0.9434327062272835
0.42524226417941835
0.09813848217521648
0.31310568419727136
0.15895101627968172
0.2757268242032224
0.23395314167518888
0.30114444899917575
0.2947656757796541
0.3445039265922725
0.3292261117721844
0.37739732338703563
0.4954470383243896
0.3534748529908443
0.5623408258393013
0.32357176499560514
0.6251804444139154
0.2996492945994138
0.7022096542795714
0.30263960339893775
0.746805512622846
0.3250669193953671
0.17922186098117016
0.40580525698251285
0.19746562121250974
0.38786340418536935
0.22381771932444466
0.38038763218655963
0.2501698174363796
0.3968343305839411
0.26841357766771917
0.4117858745815607
0.27449483107816575
0.4327180361782282
0.2521969019065285
0.4506598889753717
0.21976355038414702
0.4551453521746575
0.18733019886176552
0.4521550433751336
0.16908643863042594
0.42823257297894224
0.5724762481900455
0.4117858745815607
0.5947741773616828
0.39832948498370313
0.6190991910034689
0.39234886738465524
0.6454512891154038
0.4087955657820368
0.667749218287041
0.4297277273787042
0.6758575561676365
0.4476695801758478
0.6495054580557015
0.4656114329729913
0.6150450220631712
0.46710658737275323
0.5805845860706408
0.46112596977370535
0.5623408258393013
0.43869865377727596
0.21773646591399817
0.4192616465803705
0.6190991910034689
0.437203499377514
0.2927385913095053
0.5897092481532339
0.2440885640259331
0.7655816769461758
0.3535511254139706
0.7431543609497465
0.47517619362290114
0.7536204417480802
0.604909599712427
0.7581059049473661
0.6900471474586783
0.7865138385428433
0.6900471474586783
0.7900599377213363
0.604909599712427
0.7616520041258591
0.47517619362290114
0.7571665409265732
0.3535511254139706
0.7467004601282395
0.2440885640259331
0.7691277761246689