0.04246481042355298
0.5161474979180374
0.08184386044740678
0.5968849688817729
0.12872368190437558
0.6873109363611566
0.18685466051101687
0.7745074050019909
0.2524864105507732
0.8439416300308032
0.33687008917331696
0.8956136114475941
0.4343801178038121
0.9375970963487364
0.5356405321508647
0.9731215835727801
0.6519024893641473
0.9892690777655272
0.7587884822860361
0.9537445905414836
0.8394217751920223
0.8939988620283194
0.8975527537986637
0.818105639322408
0.9481829609721899
0.7325239201008483
0.9594341181218624
0.6275652078479923
0.9594341181218624
0.5193769967565868
0.9406821895390749
0.4144182845037307
0.9106791038066149
0.32560706644362175
0.08184386044740678
0.440254275212126
0.1362244533374906
0.3934265420531595
0.20185620337724688
0.36274630308694006
0.2768639177083969
0.3449840594749182
0.35562201775610447
0.34175456063636883
0.5600180393084884
0.29331207805812753
0.6031474750488997
0.2577875908340839
0.6631536465138197
0.2319516001256886
0.7325357822701335
0.22064835419076564
0.788791568018496
0.2271073518678645
0.17372831050306556
0.49354100604819146
0.22060813196003437
0.49515575546746615
0.2731135319918394
0.49192625662891676
0.31811816059052944
0.474164013016895
0.3649979820474983
0.46447551650124674
0.3687483677640558
0.4854672589518179
0.3237437391653657
0.5048442519831144
0.28248949628323317
0.5193769967565868
0.23185928910970685
0.5209917461758615
0.18497946765273812
0.5080737508216638
0.8187946537509561
0.34175456063636883
0.7775404108688236
0.35790205482911586
0.7306605894118547
0.3675905513447642
0.6856559608131647
0.385352794956786
0.646276910789311
0.40472978798808246
0.6481521036475898
0.42410678101937893
0.6931567322462797
0.4160330339230054
0.7419117465615273
0.40795928682663185
0.7831659894436598
0.3901970432146101
0.811293882317841
0.3595168042483906
0.2881150748580694
0.501614753144565
0.7494125179946421
0.37727904786041244
0.5900211250409484
0.6356389549443658
0.49626148212701077
0.7763367730149666
0.5543924607336521
0.7585745294029449
0.6200242107734084
0.747271283468022
0.6931567322462797
0.740812285790923
0.7381613608449697
0.7214352927596265
0.7381613608449697
0.7260649224237495
0.6931567322462797
0.745441915455046
0.6200242107734084
0.751900913132145
0.5543924607336521
0.763204159067068
0.49626148212701077
0.7809664026790897