0.017860720402409967
0.3625142073288357
0.008401771902691299
0.4525633985557246
0.010293561602635018
0.5458286323264309
0.012185351302578737
0.6390938660971373
0.021644299802297404
0.7291430573240261
0.0651554629010033
0.8063280783756451
0.12190915389931532
0.8770810143396293
0.17677105519768363
0.9446179077597959
0.26190159169515165
0.9864264608294229
0.3697336045919445
0.9864264608294229
0.47378203808884983
0.9735622906541529
0.5664797333860928
0.9462259290317045
0.6497184801836172
0.9012013334182601
0.7121475402817603
0.8417045463576371
0.7745766003799035
0.7757756742093793
0.8294385016782718
0.7082387807892127
0.8767332441768652
0.6342698022814109
0.13704347149886523
0.2628168884704944
0.2202822182963895
0.24673667575140712
0.28460306809447644
0.29497731390866905
0.35081570759250713
0.354474100969292
0.4245955058903128
0.36412222860074445
0.4908081453883435
0.5474366535983396
0.5589125745863179
0.4863318452658079
0.6572856389833921
0.4573874623714507
0.7670094415801286
0.455779441099542
0.8597071368773717
0.4686436112748118
0.13290983707294876
0.3599591924638818
0.18519977606535398
0.3454865472178042
0.24186640598663894
0.3525620626714421
0.288397541125255
0.3770047524203732
0.31488803885268496
0.41752815910939034
0.29669021867471135
0.4574083371208039
0.2453216882989124
0.47155936802807974
0.18934611484008218
0.4699512963340712
0.14166321893070827
0.4487247499731575
0.12415645521518935
0.402733899524511
0.6024237376850238
0.5184922707039825
0.6478266904836734
0.515276228160165
0.6951214329822667
0.5265323770635261
0.7367408063810289
0.5474366535983396
0.7689012312800724
0.5763810364926967
0.7556587033804663
0.6069334406589626
0.7083639608818728
0.6133655257465975
0.6572856389833921
0.6053254193870539
0.6137744758846861
0.5860291641241492
0.5910729994853613
0.5522607174140658
0.21839042859644575
0.41879495184564125
0.6705281668829982
0.574773015220788
0.43972982348986267
0.6262296959218674
0.2146068491965583
0.7500473338588396
0.2864948577944202
0.7034147169734863
0.3583828663922821
0.7339671211397522
0.4510805616895251
0.7452232700431133
0.47945740718868113
0.8143681847351887
0.4454051925896938
0.8819050781553553
0.3697336045919445
0.9156735248654387
0.27892769899464526
0.9108494610497125
0.20703969039678335
0.8738649717958118
0.1805546345975711
0.7998959932880101