0.0627861070234912
0.49529748210153035
0.10009295188885582
0.5862133232917776
0.13936331490502907
0.678696678985305
0.19630534127848034
0.7602074331558712
0.2571744039535489
0.8448532163329981
0.3258975392318521
0.920093912490444
0.4280004830739026
0.9655518330855676
0.5575926810272744
0.9702543765954079
0.6734402519249856
0.9389040865298054
0.781433750219462
0.8903111369281216
0.8737191033074693
0.8370156438165974
0.9345881659825378
0.7539373751427509
0.9502963111890071
0.6567514759393832
0.9267340933793031
0.554863033226175
0.8874637303631299
0.45767713402280735
0.846229849196148
0.36362626382599994
0.793214859124314
0.28211550965543347
0.04315092551540457
0.4231918149506447
0.08242128853157783
0.3934090393883222
0.13347276045260312
0.3714638363424006
0.19630534127848034
0.36362626382599994
0.2571744039535489
0.3698963218391204
0.4064017834150073
0.3087632562111956
0.47316140054250183
0.2648728501193521
0.5418845358208051
0.22882001654390924
0.6223887800039604
0.20844232800126766
0.6950389515838808
0.22098244402750863
0.11580109709532511
0.4639471920359278
0.14329035120664643
0.43573193097688556
0.1825607142228197
0.4216243004473645
0.22772163169141899
0.4122192134276838
0.27484606731082684
0.41535424243424396
0.28466365806487015
0.4451370179965664
0.2571744039535489
0.47021725004904835
0.21397700463575833
0.4827573660752894
0.168816087167159
0.4937299675982503
0.12561868784936842
0.49216245309497014
0.5006506546538232
0.33227597376039747
0.5320669450667619
0.3087632562111956
0.5831184169877871
0.29465562568167447
0.6322063707580037
0.2868180531652738
0.6852213608298376
0.28054799515215334
0.6930754334330722
0.31346579972103594
0.6557685885677076
0.33854603177351794
0.6125711892499169
0.35578869130959934
0.5615197173288917
0.3667612928325601
0.5143952817094838
0.3542211768063192
0.19630534127848034
0.45767713402280735
0.5693737899321264
0.3275734302505571
0.30233532142214814
0.5595655767360155
0.3946206745101553
0.7476673171296304
0.437818073827946
0.7116144835541875
0.4967236183522059
0.6881017660049856
0.5654467536305091
0.6802641934885849
0.6322063707580037
0.6865342515017054
0.653805070416899
0.7116144835541875
0.5850819351385957
0.7194520560705882
0.5222493543127185
0.7382622301099496
0.4653073279392673
0.7649099766657118
0.41425585601824194
0.7743150636853925