-0.0648238652816019
0.45557350707721395
-0.08759095156977585
0.5457526325511405
-0.08076082568332366
0.6412364124647097
-0.0648238652816019
0.732741701548547
-0.019289692705253998
0.8162900089729203
0.06267181793217222
0.875967371418901
0.165123706228955
0.9250354249855962
0.2903426808139117
0.9621680060630955
0.413284946770051
0.9953220963108625
0.5498874644990948
0.9754296421622024
0.6523393527958774
0.9290139158153283
0.747961115206208
0.875967371418901
0.8208157913283648
0.8109853545332774
0.8572431293894431
0.7300893743287257
0.8868403415640691
0.6465410669043524
0.9346512227692345
0.5722759047493542
0.9528648917997737
0.48342294288533827
0.08316219559152876
0.42639790765917884
0.15601687171368542
0.41313627156007204
0.24480850823756378
0.4250717440492682
0.3267700188749901
0.43965954375828575
0.413284946770051
0.4409857073681965
0.5908682198178078
0.4476165254177498
0.6796598563416862
0.44231187097810715
0.7661747842367472
0.43435488931864297
0.8572431293894431
0.43037639848891096
0.9278210968827822
0.44629036180783915
0.09682244736443314
0.4568996706871246
0.15601687171368542
0.45026885263757116
0.21748800469175505
0.45159501624748194
0.27668242904100737
0.4542473434673033
0.3267700188749901
0.47148747039614214
0.3313234361326248
0.49137992454480245
0.27668242904100737
0.4966845789844451
0.21521129606293768
0.4940322517646238
0.1514634544560506
0.4900537609348918
0.10137586462206793
0.4781182884456956
0.6682763131975993
0.4688351431763208
0.7092570685163123
0.45955199790694595
0.7616213669791125
0.45557350707721395
0.8139856654419126
0.4582258342970353
0.8526897121318082
0.4688351431763208
0.8526897121318082
0.48872759732498106
0.8139856654419126
0.5006630698141772
0.7616213669791125
0.4980107425943559
0.706980359887495
0.4980107425943559
0.6614461873111471
0.4900537609348918
0.23114825646465945
0.47016130678623147
0.7547912410926604
0.4728136340060528
0.5772079680449035
0.682347484371941
0.3218240656468695
0.7916295340314176
0.3874992588688416
0.7889047304282638
0.45589472636628
0.788641039756991
0.5211813089774713
0.7890805242091125
0.5868565021994434
0.7914537402505689
0.5841362279239771
0.8041987893620942
0.5192382559235668
0.8053414489376103
0.4516200096476901
0.805253552047186
0.3855562058149371
0.8044624800333673
0.3202696232037459
0.8045503769237915