0.019215332701900928
0.4695160157369988
0.0435919639722302
0.5689202515083563
0.08109447361889063
0.6603721484180054
0.1429736145358804
0.7385701472248067
0.197352253523538
0.8220697052727471
0.281732900228524
0.885688416166416
0.3923653036861723
0.9294262799058133
0.5179987110024847
0.9612356353526478
0.6530077457304624
0.9850926519377735
0.7842665294937738
0.9665371945937867
0.8648969252340939
0.9015930938898332
0.9399019445274148
0.8326728237550253
0.9755293286917422
0.7412209268453762
0.9755293286917422
0.6365151318328796
0.9736542032094091
0.5318093368203829
0.9680288267624101
0.42710354180788623
0.9380268190450817
0.33697703470852197
0.05859296783089437
0.3661356105347869
0.12609748519488317
0.3303500856570981
0.20860300641753612
0.31974696717482
0.2948587786048552
0.3276993060365286
0.35861304500417795
0.2945645607794094
0.5573763461314782
0.27203293400456835
0.6398818673541313
0.26938215438399876
0.6998858827887879
0.23359662950631008
0.7692655256351097
0.19648571481833657
0.8498959213754297
0.20973961292118423
0.17672587321787475
0.4575875074444358
0.197352253523538
0.42445276218731665
0.2236040102762003
0.39529418636105174
0.27048214733452586
0.38071489844791934
0.3229856608398505
0.39661957617133653
0.3304861627691826
0.43240510104902524
0.29110852764018913
0.4522859482032968
0.2554811434758617
0.47614296478842266
0.21047813189986916
0.502650760994118
0.16359999484154364
0.490722252701555
0.6342564909071321
0.3462547633805153
0.6567579966951284
0.3157707977439657
0.701761008271121
0.2985407302102637
0.7486391453294465
0.3117946283131114
0.7898919059407731
0.3316754754673829
0.8142685372111023
0.3608340512936478
0.7880167804584399
0.38469106787877366
0.7392635179177813
0.39131801693019747
0.6867600044124568
0.38734184749934314
0.6398818673541313
0.3740879493964955
0.26673189636985983
0.44035743991073384
0.7130117611651191
0.3648102207245021
0.5892534793311396
0.48807147308098553
0.41299168399183556
0.7412209268453762
0.4598698210501611
0.6762768261414226
0.5686270990254764
0.6351897420225948
0.6848848789301236
0.6086819458168995
0.7636401491881106
0.6537451993665815
0.797392407870105
0.7412209268453762
0.7580147727411116
0.8101411969801842
0.6492574947657963
0.845926721857873
0.5254992129318168
0.8512282810990119
0.43361806429749883
0.8154427562213232