0.11007693544385379
0.6138104373751954
0.16989532508755212
0.6981144616111825
0.25093959492740137
0.7739880834235708
0.3474208685462696
0.8380591418429211
0.44390214216513785
0.903816280746991
0.540383415784006
0.9611430172274622
0.6503720677095158
0.9931785464371374
0.7584310941626481
0.9510265343191437
0.8471938658920068
0.8768389929914752
0.9070122555357051
0.7756741639082907
0.9494640159280072
0.6677650128862272
0.9610417687622713
0.5547976204100045
0.9089418810080826
0.4519467108421002
0.8336864875853653
0.35246796224363547
0.7565014686902708
0.26647785752292863
0.688964577157063
0.18891815522582048
0.6002018054277042
0.13159141874534921
0.06183629863441972
0.5615419423488834
0.079202927885816
0.5413089765322465
0.1042880590267217
0.5227620912003293
0.13130281564000482
0.5042152058684122
0.16024719772566526
0.4907265619906543
0.22392483831411825
0.38113133048387104
0.2605877222892882
0.30862986964092215
0.3030394826815902
0.2411866502521325
0.35899862138053373
0.18891815522582048
0.43425401480325104
0.16194086747030464
0.12358431375049538
0.5918913910738388
0.12937319016762747
0.5666001838030427
0.14095094300189165
0.5497393789558452
0.16796569961517477
0.5295064131392083
0.19883970717321256
0.5193899302308899
0.22006558736936357
0.5396228960475268
0.22199521284174092
0.5615419423488834
0.20269895811796731
0.5902053105891191
0.16989532508755212
0.6138104373751954
0.13516206658475957
0.6121243568904756
0.3165468609882318
0.35415404272835516
0.3184764864606091
0.33560715739643804
0.34549124307389223
0.30019946721732343
0.3937318798833263
0.2580474550993299
0.4284651383861188
0.23612840879797328
0.43618364027562834
0.24793097219101146
0.43618364027562834
0.28839690382428523
0.4072392581899679
0.33897931836587747
0.3686467487424206
0.37775916951443156
0.3300542392948733
0.37775916951443156
0.17375457603230685
0.5682862642877624
0.3956615053557037
0.28502474285484575
0.24322109303789194
0.6778814957945456
0.45547989499940206
0.770819794931042
0.48635390255743977
0.7185512999047299
0.5249464120049872
0.6747132073020167
0.5751166742867986
0.6359333561534626
0.6291461875133648
0.6089560683979467
0.6291461875133648
0.6138104373751954
0.5751166742867986
0.6407877251307112
0.5249464120049872
0.6795675762792653
0.48635390255743977
0.7234056688819785
0.45547989499940206
0.7756741639082907