0.035834333578718756
0.561446156301224
0.038071580418828514
0.6248327326698169
0.06715578934025533
0.694687327035205
0.11190072614245042
0.7580739034037979
0.14769667558420652
0.8175796689743137
0.2148140807874992
0.8719110201473933
0.30430395439188934
0.927535974919832
0.371421359595182
0.9663440829006033
0.47880920792045023
0.992216154887784
0.6018577841264868
0.9805737224935527
0.6913476577308769
0.9443528217114996
0.7607023097742793
0.893902281336497
0.8322942086577915
0.8447453445608535
0.8859881328204257
0.7774779573941835
0.928495822782511
0.7140913810255904
0.9620545253841574
0.6442367866602023
0.9956132279858037
0.5795566066922504
0.04030882725893827
0.5213444447210936
0.11413797298256018
0.49935318353199004
0.2148140807874992
0.5071148051281442
0.3356254101534259
0.5135828231249394
0.4295897774380356
0.4967659763332719
0.5548756004841819
0.49159156193583575
0.6130440183270356
0.5045275979294261
0.7114828792918647
0.49935318353199004
0.8121589870968037
0.49288516553519474
0.9061233543814134
0.5019403907307081
0.14511226975166597
0.5684556827814715
0.1855832936248238
0.555778367507753
0.23617207346627106
0.5517982801543762
0.28581966670601705
0.5522405120825292
0.32958484368512964
0.5641807741426594
0.3335848867423603
0.5892405834046613
0.28911381981197176
0.5979378113250032
0.2401721165235018
0.5995593283948975
0.1909951165846065
0.6000015603230504
0.1453475664020913
0.5935154920434734
0.6394705322952974
0.5532046980211214
0.6851180824778125
0.5428739195090307
0.7366480489209611
0.5410508409480737
0.7867662354615579
0.543177765935857
0.8326490822944983
0.5566989319296226
0.8335902688961998
0.5807027996488918
0.7912368718196392
0.5925528102951133
0.7385304221243639
0.5952874281365491
0.6886475322341926
0.5928566567219395
0.6458235418567814
0.5791835675147609
0.261796264429804
0.5756757958941733
0.7405670882132915
0.5717949850960962
0.5146051573622064
0.7386698494134122
0.362472372234743
0.8408645337627764
0.44525050531880395
0.8408645337627764
0.5168424042023161
0.8434517409614946
0.5951460436061575
0.8369837229646993
0.6756869298501086
0.8447453445608535
0.6756869298501086
0.8447453445608535
0.5951460436061575
0.8369837229646993
0.5168424042023161
0.8434517409614946
0.44525050531880395
0.8408645337627764
0.362472372234743
0.8408645337627764