0.04849822577047952
0.4085480844638994
0.03249715597144681
0.4960238119426941
0.03249715597144681
0.5901264884729126
0.06049902811975404
0.6749514363311379
0.11650277241636846
0.7558002147585087
0.17850691788762016
0.8353236033755947
0.24251119708375093
0.908220042941257
0.33051708097843074
0.965211804783502
0.4665261742702086
0.9784657028863497
0.5965348663873492
0.9638864149732173
0.6905411514566663
0.9148469919926808
0.7725466341767089
0.8472521116681577
0.8525519831718723
0.7823080109642041
0.9245567972675195
0.7160385204499656
0.9625593380402221
0.6325389624020253
0.9665596054899804
0.5397616756820914
0.960559204315343
0.45493672782386635
0.1085022375168521
0.3316754754673829
0.1645059818134665
0.29588995058969414
0.24451133080863
0.2760091034354226
0.3265168135286725
0.2826360524868465
0.40052176134919876
0.2985407302102637
0.6185363373610192
0.3011915098308332
0.6945414189064246
0.28793761172798554
0.7805471690762253
0.29058839134855513
0.8505518494469932
0.3131200181233961
0.9005551925689704
0.3489055430010849
0.17650678416274104
0.39529418636105174
0.21650945866032278
0.376738729017065
0.27251320295693726
0.3608340512936478
0.33051708097843074
0.3595086614833631
0.3625192205764961
0.39131801693019747
0.35451868567697975
0.4218019825667471
0.32051641235403533
0.44963516858272723
0.26851293550717903
0.4615636768752902
0.21050905748568552
0.4575875074444358
0.17450665043786198
0.4310797112387405
0.6525386106839637
0.40059574560219086
0.6905411514566663
0.3740879493964955
0.7505451632030389
0.37011177996564115
0.8065489074996535
0.38071489844791934
0.8465515819972351
0.4085480844638994
0.8385510470977188
0.44035743991073384
0.8025486400498951
0.46819062592671407
0.7445447620284018
0.4748175749781378
0.6905411514566663
0.4655398463061444
0.6525386106839637
0.4390320501004491
0.29051440648084903
0.42445276218731665
0.7205431573298527
0.4390320501004491
0.36851962175113334
0.5318093368203829
0.32451667980379345
0.7160385204499656
0.38652082527504517
0.6643483178488597
0.4845273777941204
0.6882053344339855
0.612535936186382
0.6815783853825618
0.6505384769590846
0.7385701472248067
0.6465382095093265
0.8207443154624624
0.5985350001122284
0.885688416166416
0.47452670916972495
0.8976169244589789
0.3645193543013752
0.8711091282532836
0.3265168135286725
0.8061650275493298