0.06893437893580125
0.3788380606581043
0.09201284641066926
0.4671131987494743
0.10355208014810324
0.5588501069620745
0.12432270087548442
0.6471252450534445
0.17047963582522033
0.725015072781124
0.22817580451239022
0.7994431303875731
0.3020269004319678
0.8600241075091014
0.39203292358395286
0.9136815443881695
0.4797310999884511
0.9604154410247772
0.5881998971203305
0.9500301306610865
0.6805137670198024
0.8946418087214033
0.7497491694444063
0.8254064062967995
0.7959061043941422
0.7509783486903503
0.8466787328388518
0.674819406023286
0.8859121275461272
0.5934678081743764
0.9020670547785349
0.5051926700830065
0.8997592080310481
0.41691753199163656
0.1750953293201939
0.30267911799104014
0.265101352472179
0.300948232930425
0.35279952887667726
0.31306442835473064
0.42434277804876797
0.34075858932457226
0.4889624869783982
0.32344973871842125
0.6205097515851457
0.39441602620364025
0.6620509930399079
0.35979832499133835
0.7151314682321043
0.33037327896088164
0.7820590239092213
0.31306442835473064
0.832831652353931
0.33383504908211187
0.23048365125987705
0.39441602620364025
0.27664058620961296
0.3822998307793346
0.32048967441186216
0.37364540547625913
0.36664660936159804
0.38056894571871946
0.40357215732138685
0.40480133656733086
0.40588000406887353
0.43249549753717237
0.3620309158666245
0.44114992284024784
0.31587398091688845
0.4480734630827083
0.265101352472179
0.442880807900863
0.2327914980073638
0.42211018717348187
0.6643588397873949
0.41691753199163656
0.7035922344946703
0.3926851411430251
0.7497491694444063
0.3874924859611798
0.7912904108991685
0.40133956644610064
0.8212924186164968
0.42211018717348187
0.8166767251215235
0.4532661182645536
0.786674717404195
0.47230585393131963
0.7428256292019458
0.48096027923439516
0.7012843877471836
0.46538231368885924
0.6758980735248288
0.4394190377796328
0.2927955134420205
0.42211018717348187
0.7151314682321043
0.4376881527190177
0.6089705178477116
0.5882751529925312
0.35510737562416406
0.728476842902354
0.4289584715437415
0.7094371072355881
0.5189644946957266
0.7025135669931276
0.6112783645951986
0.6955900267506672
0.6897451540097496
0.7094371072355881
0.6828216137672891
0.7734798544783466
0.5974312841102777
0.7907887050844975
0.5097331077057795
0.8046357855694184
0.4174192378063075
0.8132902108724938
0.34818383538170367
0.7838651648420372