0.11756382535353599
0.6407319256628784
0.13728043544733237
0.7060199404067502
0.16882701159740654
0.7785621790110523
0.1984019267381011
0.8525552623874404
0.2536084350007309
0.9178432771313122
0.34233318042281446
0.951212706889291
0.4468312139199352
0.9700736889264097
0.5592158914545745
0.9773279127868398
0.6735722299985933
0.9729753784705817
0.7682119584488158
0.951212706889291
0.843135076805242
0.8975314503221077
0.9042565680960108
0.8365959698944939
0.9476331103023627
0.771307955150622
0.9436897882836035
0.6915114926858899
0.9417181272742239
0.6102641854490715
0.9456614492929831
0.5261151886680812
0.9436897882836035
0.44196619188709074
0.24375012995383272
0.5333694125285113
0.28712667216018467
0.48984406936593006
0.3443048414321941
0.449220415747521
0.421199620798
0.43761365757083265
0.5079527052107039
0.43906450234291866
0.7406087043175009
0.45212210529169305
0.7504670093643991
0.39989169349659565
0.7859569075332326
0.35491550556192836
0.8490500598333809
0.3317019892085516
0.914114873142909
0.3375053682968958
0.3443048414321941
0.5914032034119531
0.3600781295072313
0.5580337736539741
0.3955680276760647
0.5304677229843393
0.44485955291055557
0.5261151886680812
0.45866117997621303
0.5377219468447695
0.49415107814504644
0.5696405318306624
0.4823211120887687
0.6030099615886414
0.4389445698824167
0.6233217883978458
0.38176640061040723
0.6233217883978458
0.34233318042281446
0.6088133406769854
0.7918718905613715
0.4753356216450697
0.8037018566176494
0.44631872620334895
0.8214468057020661
0.4187526755337141
0.8569367038708995
0.415850985989542
0.8825682969928348
0.43181027848248843
0.8924266020397329
0.45212210529169305
0.8845399580022144
0.48404069027758595
0.8628516868990384
0.5058033618588765
0.8253901277208253
0.5159592752634788
0.8037018566176494
0.5029016723147045
0.40936965474172216
0.5739930661469205
0.8293334497395846
0.4724339321008976
0.7977868735895104
0.6233217883978458
0.545414264388917
0.866820745672784
0.6065357556796858
0.8276479368264609
0.6794872130267322
0.8000818861568262
0.7544103313831584
0.7812209041197076
0.8293334497395846
0.7667124563988471
0.8293334497395846
0.769857110378536
0.7544103313831584
0.7843655580993965
0.6794872130267322
0.8032265401365151
0.6065357556796858
0.8307925908061498
0.545414264388917
0.8699653996524729