0.13196246738774992
0.5561593372615796
0.17501419624599135
0.6305111383556238
0.22165356917575293
0.7080268458792016
0.28084969635583495
0.779214740543712
0.3561902218577574
0.8314191966310196
0.43691221346696013
0.8836236527183272
0.5230156711834429
0.9295002959465671
0.6109129509356859
0.9706310795305062
0.7006040527236889
0.9563935005976042
0.7777384002613714
0.9026070912955299
0.8405221715129735
0.8377470094900872
0.9033059427645757
0.7681410680403438
0.9445638495870571
0.6953712201610666
0.9714711801234579
0.6083637933488872
0.9750588241949779
0.5150285536776404
0.9445638495870571
0.42643917365069434
0.8979244766572954
0.353669325771417
0.11940571313742952
0.4644060508050998
0.16066361995991088
0.4422587057983633
0.21089063696119262
0.4232752672211605
0.2611176539624742
0.4042918286439577
0.31313849299951596
0.3900542497110557
0.5301909593264833
0.30462877611364336
0.5965623746496054
0.30462877611364336
0.6629337899727276
0.2998829164693427
0.7275113832600898
0.28880924396597435
0.7849136884044118
0.27298971181830545
0.1786018403175115
0.5340119922548432
0.2019215267823923
0.49762706831520465
0.25214854378367396
0.4849714425970695
0.30237556078495564
0.4723158168789343
0.34183964557167695
0.48813534902660316
0.3597778659292776
0.522938319751475
0.343633467607437
0.5624871501206473
0.2952002726419154
0.5893803547716845
0.2413856115691136
0.5941262144159852
0.19654006067511215
0.5735608226240156
0.6216758831502464
0.37898057720768735
0.6557585018296874
0.35999713863048466
0.704191696795209
0.35050541934188334
0.7544187137964906
0.34259565326804886
0.8064395528335324
0.34101370005328197
0.8082333748692925
0.36948885791908603
0.7813260443328915
0.415365501147326
0.7382743154746502
0.4343489397245288
0.6880472984733684
0.43276698650976186
0.644995569615127
0.4106196415030253
0.2754682302485547
0.5292661326105425
0.7203360951170495
0.399545968999657
0.44408750161000043
0.6621502026509618
0.5283971372907231
0.7895153116172648
0.5822117983635249
0.7974250776910993
0.6378202814720868
0.7816055455434303
0.6862534764376084
0.7642040601809945
0.73289284936737
0.7468025748185586
0.73289284936737
0.7507395826779079
0.6862534764376084
0.7681410680403438
0.6378202814720868
0.7855425534027796
0.5822117983635249
0.8013620855504485
0.5283971372907231
0.7934523194766141