0.049021834436757526
0.4009062804685531
0.03727048213374837
0.4928652789860236
0.006716966145924547
0.5800677775801767
0.016118047988331857
0.6704412761232081
0.06312345720036854
0.7481307748707262
0.10072778456999781
0.830576773541562
0.13128130055782172
0.917779272135715
0.21824130760008947
0.9685152713177678
0.35455699431499577
0.9796137711388417
0.49557322195110565
0.9732717712410852
0.6177872859024011
0.9510747715989372
0.7235494566294836
0.917779272135715
0.8222608159747604
0.8717997728769797
0.8857181184110099
0.8004522740272181
0.9350737980836484
0.713249775433065
0.9515256913078612
0.6212907769155945
0.9538759617684631
0.5277462784236849
0.08427589134578499
0.2677242826156648
0.13363157101842352
0.24235628302463844
0.17593643930925645
0.26613878264122565
0.21354076667888586
0.30419078202776517
0.24879482358791327
0.3390717814654264
0.4462175422784672
0.3549267812098179
0.5449289016237442
0.3485847813120613
0.6412899905084193
0.3406572814398655
0.7400013498536964
0.3406572814398655
0.8105094636717513
0.3691962809797702
0.10145081020106
0.3768071979025244
0.1390980156463562
0.35632294709640033
0.1846565903518958
0.35853746069706244
0.2263958833455937
0.3790217115031865
0.24576509774136207
0.4089176451121242
0.23812653431767877
0.4385367645209792
0.2021161638917433
0.45929782952718595
0.15328391914748232
0.4562528733262756
0.10908937362474329
0.44075127812164133
0.09326663510425652
0.4114089729128691
0.5355278197813369
0.44371477977841006
0.5801829585327717
0.4167612802129446
0.6506910723508267
0.42468878008514027
0.7094478338658725
0.44371477977841006
0.7611537839991128
0.46908277936943643
0.7494024316961035
0.5087202787304151
0.6906456701810577
0.5277462784236849
0.6224878268236047
0.5277462784236849
0.5590305243873552
0.5166477786026108
0.5214261970177259
0.4817667791649496
0.16653535746684914
0.41834678018738375
0.6107364745205955
0.4770102792416322
0.13363157101842352
0.5372592782703197
0.18298725069106195
0.7402032749985304
0.2699472577333298
0.7180062753563824
0.38981105122402326
0.713249775433065
0.490872681029902
0.7513017748196046
0.5519797130055497
0.8115507738482922
0.5355278197813369
0.8702142729025406
0.4368164604360599
0.9082662722890802
0.32165320786657015
0.9209502720845932
0.21354076667888586
0.8987532724424452
0.20413968483647846
0.8242347736438053