0.027688427421184162
0.2437485718254666
0.03509933908858538
0.36852020872078384
0.06326080342471008
0.48390043208634614
0.09586881476127547
0.5965973944434069
0.1477451964330841
0.7012445737749633
0.20258594277185318
0.7978419700810155
0.2781772417793457
0.8877312138658139
0.35969727012075925
0.9682290441208574
0.49457586246746166
0.9762788271463617
0.6101860844789209
0.9440796950443443
0.7050457538216566
0.8796814308403097
0.7954588761639516
0.8125999056277734
0.8606748988370824
0.7200274008344736
0.9081047335084502
0.6073304384774127
0.9407127448450157
0.49865836763310406
0.9673920268476601
0.3832781442675418
0.9540523858463379
0.2652146598934782
0.024724062754223668
0.16727563308317533
0.10179754409519645
0.1323932399726565
0.19517503110445197
0.14446791451091304
0.29003470044718765
0.1552009585449188
0.370072546455121
0.17935030762143184
0.5286660561375073
0.22899063627870864
0.5998108081445591
0.1699588940916768
0.7020813891546961
0.1538593280406681
0.798423240830912
0.13641813148540868
0.8932829101736478
0.14849280602366519
0.12699464376436062
0.23838204980846367
0.171460113768768
0.22228248375745502
0.22037213077361612
0.21825759224470284
0.27224851244542475
0.22228248375745502
0.3152318001163519
0.23972368031271443
0.3167139824498321
0.2719228124147318
0.27224851244542475
0.2826558564487376
0.22037213077361612
0.2866807479614898
0.16997793143528775
0.2866807479614898
0.12403027909740015
0.2732644429189825
0.6279722724806839
0.23033226678295937
0.670955560151611
0.20752454821069705
0.72579630649038
0.2061829177064463
0.7821192351626294
0.2102078092191985
0.8354777991679182
0.2155743312362014
0.8354777991679182
0.2625313988849767
0.7850835998295898
0.27460607342323323
0.7302428534908207
0.2826558564487376
0.6754021071520516
0.2866807479614898
0.6294544548141641
0.2652146598934782
0.22630086010753714
0.2410653108169651
0.7302428534908207
0.2343571582957115
0.4812362214661394
0.5617150013328881
0.3315358057846346
0.6856730963266916
0.4071271047921271
0.6762816827969366
0.48568276846658015
0.6803065743096888
0.5701671614749542
0.6789649438054381
0.647240642815927
0.684331465822441
0.647240642815927
0.6864866382282054
0.5701671614749542
0.6811201162112026
0.48568276846658015
0.6824617467154532
0.4071271047921271
0.678436855202701
0.3315358057846346
0.6878282687324561