0.08561924644444609
0.31237718594661157
0.054057889165532204
0.3996436108711358
0.033768445200516174
0.48691003579566006
0.02475091454939794
0.5811577747141462
0.036022827863295734
0.6754055136326323
0.051803506502752644
0.7696532525511185
0.08111048111888691
0.8534290204786618
0.1352156650255964
0.9232421604182811
0.21186467556010138
0.9756020153729956
0.3290925740246385
0.9860739863639386
0.4395573245008369
0.9616393873850718
0.5455133096514763
0.9284781459137526
0.6469605294765565
0.8848449334514905
0.7303726879994001
0.832485078496776
0.8047673158711256
0.7679079240526281
0.8746531784172918
0.6928587986175372
0.9197408316728831
0.6160643446839559
0.20284714490898317
0.2652533164873685
0.290768068757386
0.26350798798887803
0.3606539313035523
0.3019052149556687
0.4147591152102617
0.35251974141189274
0.45984676846585293
0.3978982823726453
0.5996184935581856
0.4624754368167933
0.6807762694182498
0.4520034658258504
0.7686971932666526
0.4502581373273599
0.8453462038011577
0.4642207653152838
0.8791619437428511
0.5148352917715078
0.1622682569789511
0.32808514243302594
0.22539097153677876
0.3228491569375545
0.28400492076904726
0.3333211279284974
0.3336013393501976
0.3647370409013261
0.3809433752685683
0.3978982823726453
0.3493820179896545
0.4258235383484931
0.290768068757386
0.4328048523424551
0.2276453541995583
0.4258235383484931
0.178048935618408
0.3978982823726453
0.1442331956767146
0.35950105540585464
0.633434233499879
0.5129496046874744
0.6717587387671315
0.5216762471799268
0.710083244034384
0.5338935466693602
0.746153366638857
0.5461108461587936
0.7777147239177709
0.561818802645208
0.7777147239177709
0.5671951467262224
0.746153366638857
0.551487190239808
0.710083244034384
0.5392698907503746
0.6717587387671315
0.5270525912609412
0.633434233499879
0.5183259487684888
0.2727330074551495
0.39266229687717386
0.7078288613716045
0.5379779815086596
0.4373029418380573
0.6562069001492371
0.21862782354844007
0.717293397596404
0.2817505381062677
0.710312083602442
0.3606539313035523
0.7364920110797993
0.4327941765124982
0.7696532525511185
0.4621011511286325
0.8185224505088521
0.42377664586138
0.8673916484665857
0.3538907833152136
0.8970622329409239
0.27498739011792905
0.8778636194575286
0.20961029289732183
0.8394663924907378
0.18706646626952625
0.7801252235420614