0.05283964127640452
0.4718123340289977
0.05672759512834739
0.5521044721351209
0.0664474797582045
0.635813296969164
0.09560713364777586
0.710980404983407
0.15198246450094718
0.7724807660859693
0.22002165690994702
0.8322727838245715
0.27639698776311833
0.8852314281073336
0.3424922032461467
0.9450234458459359
0.4241392341369466
0.9689402529413769
0.5193941035095463
0.9638152228494966
0.6068730651782605
0.9398984157540557
0.6943520268469746
0.9125649219306947
0.7721111038858316
0.8783980546514933
0.8382063193688599
0.8288560970966514
0.8926376732960599
0.765647392630129
0.9237413041116027
0.6904802846158861
0.9412370964453456
0.610188146509763
0.06839145668417593
0.3624783587355535
0.10921497212957582
0.3283114914563522
0.1791981414645471
0.33685320827615256
0.23362949539174696
0.3658950454634737
0.2744530108371469
0.3983535693787149
0.4921784265459464
0.4342287800218762
0.5563296651030034
0.4120203162903955
0.6282568113639462
0.40518694283455514
0.6885200960690603
0.4342287800218762
0.7351755422923745
0.46327061720919743
0.09560713364777586
0.45472890038939706
0.12282281061137584
0.42397871983811597
0.17142223376066143
0.42910374992999617
0.21224574920606137
0.4564372437533571
0.24529335694757554
0.4991458278523588
0.2316855184657756
0.5435627553153205
0.19863791072426132
0.5623545323188811
0.15198246450094718
0.5589378455909612
0.10532701827763298
0.5333126951315601
0.0878312259438902
0.49231245439651855
0.5330019419913464
0.5093958880361192
0.5738254574367463
0.4786457074848379
0.6302007882899177
0.48206239421275815
0.6749122575872604
0.5093958880361192
0.7040719114768317
0.5452710986792805
0.7099038422547459
0.5896880261422422
0.6671363498833747
0.6170215199656033
0.6088170421042318
0.6153131766016433
0.5563296651030034
0.5965213995980825
0.5291139881394035
0.5589378455909612
0.17725416453857573
0.49231245439651855
0.6243688575120033
0.5657712190468014
0.2997247108747754
0.6973136580717263
0.2744530108371469
0.8425973690544107
0.32305243398643246
0.8443057124183709
0.37359583406168956
0.8460140557823309
0.42025128028500375
0.849430742510251
0.44746695724860364
0.8545557726021311
0.44746695724860364
0.8596062776479325
0.42025128028500375
0.8544812475560524
0.37359583406168956
0.8510645608281323
0.32305243398643246
0.8493562174641723
0.2744530108371469
0.8476478741002121