0.029981528421160815
0.6905886977186291
0.06176510212683918
0.7748344287874536
0.09541829781520444
0.8521747720637514
0.15524620126118727
0.907417874403964
0.2468576784128484
0.9557555889516501
0.3571653753913791
0.9861392952387672
0.47682118228334475
0.9999500708238204
0.6020858551233711
0.9971879157068096
0.7180024180499627
0.9861392952387672
0.804005029253563
0.9447069684836077
0.8451367128726761
0.8659855476488045
0.8881380184744763
0.7927884370480227
0.9255304581282154
0.7168291713302302
0.9610532757992678
0.6312023627029004
0.9685317637300156
0.5428133989585601
0.9591836538165808
0.4530433576557144
0.949835543903146
0.36603547146987936
0.24872730039553537
0.5138107702299484
0.3048159598761442
0.45994874544824105
0.40016668099317926
0.43785150451215593
0.514213621937084
0.43785150451215593
0.6245213189156147
0.44061365962916654
0.8395278469246154
0.4185164186930815
0.8413974689073022
0.37017870414539533
0.8619633107168588
0.312173446688172
0.8881380184744763
0.25693034434795925
0.9236608361455286
0.20306831956625182
0.3665134853048139
0.6134979467721816
0.3982970590104922
0.5734466975755275
0.45064647452572726
0.5499683790809371
0.514213621937084
0.5347765259373786
0.5796503913311276
0.5278711381448519
0.5796503913311276
0.5303837009320121
0.514213621937084
0.5372890887245388
0.45064647452572726
0.5524809418680974
0.3982970590104922
0.5759592603626877
0.3665134853048139
0.6160105095593419
0.854484822786111
0.4560551051025754
0.8600936887341718
0.42843355393246907
0.8750506645956675
0.40495523543787865
0.8937468844225371
0.3856201496188042
0.9161823482147808
0.36904721891674036
0.9161823482147808
0.37155978170390064
0.8937468844225371
0.3881327124059645
0.8750506645956675
0.4074677982250389
0.8600936887341718
0.43094611671962935
0.854484822786111
0.4585676678897357
0.461864206421849
0.5611684188957556
0.8799116817506538
0.4100785339952737
0.8974861283879112
0.5096675375544324
0.6002162331406842
0.8880827885848896
0.6245213189156147
0.7983127472820439
0.6955669542577192
0.73754533470781
0.7853088094266933
0.7002562406281664
0.8694417986476066
0.6684914567825441
0.8694417986476066
0.7320210244737887
0.8339189809765544
0.8093613677500865
0.7853088094266933
0.8797963232338576
0.7123935521019019
0.9212286499890173
0.609564343054119
0.9253718826645332