0.06721328964732406
0.4205570576124502
0.04047093605602089
0.4956667521191354
0.033785347658195124
0.5823317842422338
0.0850415253748595
0.6545526443448156
0.07612740751109179
0.7441065108720172
0.10064123163645303
0.8293271257930638
0.16526858614876902
0.8986591514915426
0.2254388817292011
0.9665467599879695
0.33017976662847187
0.9954351040290024
0.4638915345849876
0.980990932008486
0.5664038900183165
0.94054725035104
0.6778303633154129
0.9102144891079557
0.7647430124871483
0.8582154698340967
0.8293703669994642
0.7888834441356181
0.8761694857842447
0.7094404980227779
0.9140544867052576
0.6285531347078861
0.9563965465581542
0.549110188595046
0.09650289542047007
0.35962921191137986
0.1858818513223908
0.3388335390500598
0.2615101986240161
0.37299785875079994
0.3623479950261831
0.39230812640773993
0.426517501827562
0.3804248847727
0.5525647473302707
0.40716217845154
0.5938165731311573
0.4353848773347601
0.6809037609330287
0.44132649815228014
0.7702827168349495
0.44281190335666015
0.8413275279364762
0.46360757621798027
0.16487347530723573
0.4138782694361455
0.20081812991735234
0.40040087211109315
0.24220305657656768
0.40196346890240364
0.2812564380718836
0.4136829448372316
0.3098178663296519
0.4345826769210084
0.3020460491166538
0.4580216287906645
0.2606611224574384
0.4632953929613372
0.21947049122854798
0.4584122779884921
0.176531201126733
0.4504039694330263
0.14408386426246556
0.43223878173404284
0.628193094631896
0.4962864907143404
0.6763202247329302
0.48737405948806034
0.7290308910340629
0.48885946469244035
0.774866253035048
0.4962864907143404
0.8046592383356882
0.5155967583712804
0.8023674702356389
0.5363924312326005
0.756532108234654
0.5453048624588805
0.7084049781336198
0.5423340520501205
0.6602778480325854
0.5334216208238405
0.6259013265318467
0.5170821635756604
0.2338939929387783
0.43573000376672905
0.7068012463726581
0.5144441757458067
0.41047512512721723
0.6567102527873809
0.25692666242391754
0.7562324014808414
0.3325550097255428
0.7696010483202612
0.41735042942736494
0.7785134795465413
0.49297877672899026
0.7933675315903413
0.55485651543032
0.8097069888385214
0.5571482835303693
0.8201048252691815
0.48151993622874395
0.8290172564954615
0.4035998208270696
0.8126777992472815
0.3233879373253458
0.8007945576122414
0.25234312622381905
0.7725718587290212