0.03202416016010951
0.45926796225830907
0.03202416016010951
0.5560065507888793
0.03860068706709228
0.6493508028797804
0.0561380921523796
0.7409978867508472
0.11313465867956352
0.815673288423568
0.19643733283467835
0.8716798396781087
0.27754783135413236
0.9225948862731458
0.3740035593232127
0.9667212599888444
0.49018886801324146
0.968418428208679
0.6019898254319482
0.9480524095706642
0.7006377290366896
0.9056232040748
0.7883247544631263
0.8581024939194322
0.8738196042539021
0.8088846155442297
0.9242396438741033
0.7359063820913435
0.9483535758663735
0.6442592982202769
0.9702753322229825
0.5560065507888793
0.9680831565873216
0.46605663513764733
0.06709897033068421
0.3557407008484006
0.09778942922993707
0.326888841111213
0.1504016444857991
0.31670583179220557
0.20739821101298295
0.31670583179220557
0.25562607499752316
0.33028317755088216
0.5910289472536436
0.33028317755088216
0.6458333381451666
0.3014313178136945
0.715982958486316
0.2997341495938599
0.7861325788274655
0.30821999069303274
0.8321682671763448
0.3336775139905513
0.10436595613691983
0.4372047754004598
0.1416329419431554
0.4066557474434376
0.18766863029203468
0.3913812334649265
0.2424730211835577
0.39816990634426475
0.26658695317582776
0.4372047754004598
0.2622026019045059
0.4779368126764893
0.2424730211835577
0.5203660181723535
0.1920529815633565
0.5322461957111955
0.13724859067183356
0.5135773452930152
0.10875030740824168
0.47454247623682017
0.6217194061528964
0.4202330932021141
0.6502176894164885
0.3828953923657536
0.7050220803080115
0.36762087838724256
0.7598264711995344
0.3862897288054227
0.7992856326414309
0.41344442032277584
0.8014778082770919
0.46096513047814364
0.770787349377839
0.49830283131450415
0.7115986072149942
0.5186688499525189
0.6546020406878104
0.506788672413677
0.6261037574242183
0.46605663513764733
0.19424515719901744
0.46435946691781277
0.7028299046723506
0.4439934482797981
0.3104304658890461
0.6204989431425929
0.36304268114490823
0.7746564117260277
0.39373314004416105
0.7576847295276821
0.43976882839304027
0.7627762341871858
0.47922798983493686
0.7763535799458623
0.4989575705558851
0.7916280939243734
0.4989575705558851
0.7970044380053878
0.47922798983493686
0.7817299240268767
0.43976882839304027
0.7681525782682002
0.39373314004416105
0.7630610736086965
0.36304268114490823
0.7800327558070421