-0.061363398599094995
0.47718912786053735
-0.038959845149104215
0.5684326927868392
-0.004336171635482051
0.6596762577131408
0.054727742005402785
0.7378850276499708
0.12397508903264706
0.8095764000920649
0.19525912273716328
0.8698623269183715
0.2848733365371265
0.9203721575025742
0.3805976103689054
0.9594765424709891
0.4926153776188594
0.9855461324499326
0.6066698315460852
0.9725113374604608
0.6901739853142328
0.9171134587552062
0.7675680790505646
0.8551981825552158
0.8347787394005369
0.7900242076078574
0.873475786268703
0.7069273895499756
0.9101361464595971
0.6205718727447257
0.9406864466186754
0.53584570531316
0.9508698800050348
0.4494901885079101
0.08527804216448116
0.38757491230791974
0.16470882257808486
0.3582466235816084
0.2645064697644075
0.36476402107634426
0.3602307435961864
0.39083361105528763
0.4518816440734215
0.4071271047921272
0.6351834450278916
0.4234205985289668
0.7023941053778642
0.376169466692132
0.7777515124369241
0.33869443109740094
0.8632923528823436
0.3175128892395095
0.9406864466186754
0.3321770336026651
0.15656207586899729
0.4951119709710609
0.20136918276897894
0.4674130316184336
0.25432303637804804
0.44623148976054217
0.3093135766643892
0.45926628475001385
0.3622674302734583
0.47393042911316946
0.3602307435961864
0.5081467659605325
0.31746032337347674
0.5391044040605278
0.2645064697644075
0.5586565965447354
0.20340586944625083
0.5488805003026316
0.1545253891917254
0.5276989584447402
0.7003574187005922
0.4690423809921176
0.7329444055369425
0.4380847428921224
0.7818248857914678
0.41690320103423095
0.8388521127550808
0.4234205985289668
0.873475786268703
0.452748887255278
0.8795858463005187
0.47881847723422133
0.8408887994323526
0.5097761153342165
0.7899716325005554
0.5293283078184241
0.7329444055369425
0.5228109103236883
0.6922106719915047
0.5016293684657968
0.2645064697644075
0.5048880672131647
0.7696047657278365
0.47718912786053735
0.6250000116415322
0.7004099920552398
0.4091112238507118
0.8325134345009578
0.4620650774597809
0.8211079888851701
0.5211289911006658
0.8162199407641182
0.5842662780960944
0.8145905913904342
0.6331467583506197
0.8178492901378022
0.6331467583506197
0.8226111950815366
0.5842662780960944
0.8193524963341686
0.5211289911006658
0.8209818457078526
0.4620650774597809
0.8258698938289045
0.4091112238507118
0.8372753394446922