0.07091601732293744
0.5007046163335831
0.11450545966971949
0.5796224019288273
0.13630018084311055
0.6655864183807897
0.15977141902983935
0.7529596810040956
0.21341996345664804
0.819194251057247
0.2972458141235366
0.874154851739649
0.38107166479042526
0.9234784677366765
0.46992706649732713
0.9671650990483295
0.5621355022309047
0.9981685148178897
0.6576969719911576
0.9685743452196732
0.7465523736980596
0.9347524371074257
0.8320547413782858
0.8896565596244291
0.9158805920451745
0.8361052051133706
0.9728821704986587
0.7543689271754392
0.9980299256987254
0.6641771722094459
1.0030594767387386
0.5655299402153908
0.9879708236186987
0.47392893907805395
0.02732657497615536
0.3301858296010022
0.08600467044297738
0.32595809108697127
0.15138883396315048
0.36682623005593695
0.2218025485233369
0.4091036151962463
0.27712760996348335
0.45138100033655565
0.46489751545731384
0.4231960769096827
0.5705180872975935
0.3921926611401226
0.6845212442045621
0.3682354762272806
0.7934948500715172
0.33864130662906405
0.9007919389251345
0.35696150685653144
0.1279175957764217
0.47392893907805395
0.16480097006985264
0.4527902465078993
0.2167729974833236
0.45842723119327383
0.26539199087011894
0.46829195439267934
0.30059884815021215
0.4908398931341777
0.30395188217688773
0.5274802935891124
0.27042154191013235
0.5472097399879234
0.21844951449666133
0.5458004938165798
0.169830521109866
0.5317080321031433
0.1279175957764217
0.5091600933616451
0.5923128084709846
0.4626549697073048
0.6375787678311042
0.44151627713715014
0.699609897324602
0.43587929245177554
0.7549349587647485
0.44715326182252474
0.808583503191557
0.46829195439267934
0.8069069861782193
0.5119785857043323
0.7633175438314371
0.5401635091312053
0.7029629313512774
0.5415727553025489
0.6426083188711177
0.5331172782744871
0.5973423595109979
0.5035231086762705
0.24527378671006575
0.5049323548476142
0.7415228226580463
0.4866121546201468
0.30730491620356326
0.6768603877515387
0.4443977591493975
0.8116187335571052
0.4880218880550761
0.8123217179844383
0.5339122054753356
0.8141963431239931
0.5809356171528853
0.8200545466851019
0.6234266518012738
0.829427672382876
0.6251262931872092
0.8470022830662021
0.579802522895595
0.8507515333453117
0.5341954790396581
0.8552037680517545
0.4902880765696569
0.8521575021999779
0.4582781638012043
0.8240381251066557