0.052530547034177213
0.5161671444433281
0.05667022789355946
0.603659860615351
0.07115911090139736
0.6930545923563309
0.11669560035460211
0.7653311839766977
0.18086065367502704
0.8204896354764514
0.2491653878548342
0.8661380091314199
0.32781932418309695
0.9079823516484743
0.4085431009410509
0.9441206474586576
0.5099652819959162
0.9574347564413568
0.588619218324179
0.9270025073380445
0.6755525163712063
0.877550102545162
0.752136612269778
0.8223916510454085
0.818371506019894
0.7596251372698266
0.8680476763324809
0.689250561218417
0.9011651232075389
0.6093659073222222
0.9197936870747591
0.5161671444433281
0.934282570082597
0.42487039713339114
0.27814315387051
0.42867442827130525
0.3423082071909349
0.36780993006468055
0.42924150523796223
0.3354756653924112
0.5161748032849895
0.3582998522198954
0.5824096970351055
0.30884744742701287
0.735577888832249
0.3525938055130244
0.7811143782854537
0.31074946299596995
0.8307905485980407
0.2803172138926576
0.8825365593403188
0.2746111671857866
0.9177238466450679
0.30504341628909887
0.2760733134408188
0.5504034246845544
0.30919076031587683
0.49904900432271493
0.36921613277691956
0.4572046618056605
0.43959070738641787
0.44579256839191833
0.4582192712536379
0.4629107085125315
0.4830573564099315
0.5351873001328983
0.4623589521130202
0.5903457516326519
0.4126827818004332
0.6283860630117922
0.34023836676124375
0.6188759851670071
0.2822828347298922
0.5979538139084799
0.7272985271134844
0.46861675521940266
0.735577888832249
0.4001441947369499
0.789393740004218
0.3792220234784227
0.8432095911761873
0.34308372766823925
0.8928857614887745
0.3621038833578095
0.8928857614887745
0.42677241270234817
0.8721873571918632
0.4952449731848009
0.834930229457423
0.5542074558224686
0.7811143782854537
0.5637175336672535
0.7314382079728666
0.5256772222881133
0.3961240583629042
0.5485014091155974
0.7914635804339092
0.4591066773746175
0.6962509206681176
0.6702304055288468
0.4975462394177694
0.8251449719698261
0.5203144841443716
0.8099288474181698
0.5617112927381943
0.8023207851423417
0.6010382609023256
0.7985167540044278
0.623806505628928
0.8175369096939978
0.623806505628928
0.8242936666143653
0.6010382609023256
0.8052735109247953
0.5617112927381943
0.8090775420627092
0.5203144841443716
0.8166856043385373
0.4975462394177694
0.8319017288901935