0.037379153643678706
0.5516053217137602
0.06712591465854344
0.6209258993672129
0.116703849683318
0.6871655624582899
0.15388730095189895
0.7549456828305546
0.1910707522204799
0.8227258032028194
0.2431275839964932
0.8858845517315208
0.33980455729480363
0.930557812885968
0.43152373709063657
0.9736906167592274
0.5331585038914244
0.9952570186958571
0.6422299609459285
0.9844738177275423
0.7389069342442389
0.949043300260222
0.7884848692690135
0.9074509536681504
0.8331050107913107
0.8381303760146978
0.8554150815524592
0.7595670546741181
0.8678095653086528
0.6840846478959142
0.8901196360698014
0.6116831556800858
0.9049930165772337
0.5362007489018819
0.089435985419692
0.5115534324028765
0.15140840420066026
0.4976893168721859
0.23073310024029955
0.4992297741533738
0.30757889952870016
0.5038511459969374
0.3794669053146233
0.5115534324028765
0.5405951941451407
0.48844657318505896
0.6248776836872574
0.48844657318505896
0.7017234829756579
0.48382520134149537
0.7835270757665361
0.47920382949793194
0.8504572880499818
0.48998703046624675
0.1960285457229574
0.5344596739282601
0.23469933504228155
0.52899284180944
0.2748574624123489
0.52352600969062
0.315759258807788
0.52352600969062
0.356661055203227
0.5270404017670043
0.35591738617785534
0.5430504101149775
0.3202212729600177
0.5492982182507717
0.278575807539207
0.5528126103271561
0.23767401114376802
0.5539840743526175
0.19677221474832896
0.5489077302422847
0.6221508972608948
0.5149352735039026
0.6593343485294757
0.5067350253256726
0.7009798139502864
0.5036111212577753
0.7411379413203537
0.507906489351134
0.7798087306396779
0.5161067375293641
0.7827834067411644
0.5305547938433886
0.7455999554725834
0.5403169940555674
0.7032108210264012
0.5410979700725416
0.6615653556055906
0.5379740660046445
0.6236382353116381
0.5328977218943115
0.2592404128795449
0.5403169940555674
0.6965177997980567
0.5258689377415429
0.5480318843988569
0.7102724216761073
0.3720302150609071
0.8268566610173731
0.4290448403393979
0.8083711736431191
0.5034117428765597
0.8006688872371799
0.5852153356674377
0.7975879726748042
0.6496666511996446
0.809911630924307
0.6496666511996446
0.8134830595156924
0.5852153356674377
0.8011594012661897
0.5034117428765597
0.8042403158285654
0.4290448403393979
0.8119426022345045
0.3720302150609071
0.8304280896087586