0.04392958351090617
0.3953512606637026
0.028581604592514798
0.4903697462226016
0.04009258878130835
0.5879562989587681
0.07462554134768892
0.677838650163132
0.10340300181967278
0.7690050349561297
0.16095792276364046
0.8447630166855221
0.2568827910035866
0.8948403266422392
0.35664465397313055
0.9526218381307588
0.467917501131468
0.9847226778466031
0.6098863061265882
0.9757344427261666
0.7096481690961323
0.9307932671239848
0.8055730373360783
0.8794319235786339
0.8688834503744428
0.8036739418492416
0.9168458844944157
0.7163596578221451
0.9532973344255953
0.6226252058518799
0.9763193028031825
0.5263226867043471
0.9839932922623781
0.4248840332022793
0.15136543593964585
0.3183092453456764
0.23386082262599947
0.30290084228207115
0.3297856908659456
0.30290084228207115
0.4065255854579025
0.31959327893431017
0.467917501131468
0.3452739507069856
0.6137233008561861
0.3529781522387882
0.6789522112593495
0.32087731252294394
0.7614475979457032
0.304184875870705
0.8573724661856492
0.30675294304797246
0.9264383713184104
0.3337176484092817
0.16671341485803723
0.3953512606637026
0.22043134107240703
0.38379495836599864
0.2760677646515758
0.37865882401146356
0.33170418823074455
0.3748067232455623
0.37391113025632083
0.3902151263091675
0.3796666223507176
0.4146117644932092
0.3297856908659456
0.4261680667909131
0.2722307699219779
0.4287361339681806
0.2146758489780103
0.4338722683227157
0.1686319122228361
0.41846386525911045
0.6789522112593495
0.39663529425233635
0.7269146453793226
0.38379495836599864
0.7806325715936924
0.38379495836599864
0.836268995172861
0.3876470591319
0.8823129319280353
0.40048739501823766
0.8803944345632364
0.4274521003795469
0.8343504978080621
0.44029243626588455
0.7825510689584912
0.4300201675568144
0.7288331427441215
0.4261680667909131
0.6770337138945506
0.4274521003795469
0.30868221985315747
0.404339495784139
0.7672030900400999
0.4107596637273079
0.5926198298433979
0.5597075600088252
0.3182747066771521
0.7394439600530703
0.4065255854579025
0.7163313554576625
0.5082059457922454
0.7047750531599585
0.6118048034913872
0.7060590867485923
0.6962186875425397
0.7278876577553663
0.6962186875425397
0.7291999937084828
0.6118048034913872
0.7073714227017087
0.5082059457922454
0.7060873891130749
0.4065255854579025
0.7176436914107789
0.3182747066771521
0.7407562960061868