0.07901866581068924
0.562913894702662
0.1411047603762308
0.6423840916018613
0.18061409328157543
0.7268211758072606
0.23893739423708418
0.7947019689919934
0.334888631292921
0.8427152129519263
0.4327212651537744
0.887417198707726
0.5192655181845294
0.9453642172800588
0.6133353584353498
0.9917218321379251
0.7168121827112525
0.9768211702193251
0.7920680549119088
0.9188741516469923
0.8503913558674175
0.8526489875643262
0.893663482382795
0.7748344197671936
0.9275286248730904
0.6920529646638609
0.9463425929232544
0.5976821058460616
0.9406984025082052
0.4966887306199959
0.8955448791878113
0.4155629046187298
0.8503913558674175
0.35596025694433037
0.08090006261570569
0.4950331015179291
0.11476520510600108
0.4470198575579963
0.17308850606150974
0.42715230833319645
0.24081879104210052
0.433774824741463
0.29349790158256006
0.45529800306832946
0.46470501083905336
0.3807946934753302
0.5286725022096113
0.32450330400506394
0.600165580800235
0.281456947351331
0.6791842466109241
0.2533112526161979
0.7544401188115806
0.23344370339139808
0.17685129967154262
0.5115893925385958
0.19566526772170667
0.481788068701396
0.23329320382203494
0.47019866498692936
0.2784467271424288
0.4735099231910627
0.31607466324275696
0.48841058510966257
0.3311258376828882
0.514900650742729
0.31043047282770775
0.5480132327840621
0.2728025367273796
0.5645695238047286
0.22576761660196928
0.5662251529067953
0.19002107730665746
0.5496688618861287
0.5644190415049232
0.3923840971897968
0.5869958031651201
0.35761588604639705
0.6208609456554155
0.34437085322986377
0.6678958657808257
0.33443707861746386
0.7074051986861704
0.34271522412779715
0.7149307859062359
0.3774834352711969
0.6961168178560718
0.4122516464145966
0.6603702785607601
0.433774824741463
0.6152167552403662
0.443708599353863
0.5738260255300052
0.4288079374352631
0.2577513622872482
0.5331125708654623
0.6377935169005632
0.39900661359806333
0.3800421546133149
0.629139058785328
0.4364840587638072
0.7450330959299939
0.4966887565243324
0.7367549504196605
0.5700632319199724
0.6903973355617943
0.6773028498059078
0.6821191900514609
0.7506773252015478
0.7317880631134606
0.7694912932517118
0.7731787906651268
0.7487959283965313
0.8658940203808595
0.6660144689758094
0.9039734897283924
0.5568934542848575
0.9139072643407923
0.5192655181845294
0.8377483256457263