0.048843097923773816
0.6439602174748594
0.06424517599626883
0.7098243675563616
0.1104514102137538
0.7738066847783921
0.165458831901236
0.83402533628148
0.23806862852871247
0.8829529906277387
0.31287872202368827
0.9318806449739975
0.4162926747961546
0.9525808064281838
0.5285078150386183
0.9563444721471268
0.6385226584135826
0.948817140709241
0.7199336425110563
0.918707814957697
0.7903431422710334
0.8622528291735523
0.8431502670910164
0.7907431805136356
0.8981576887784983
0.715469866134776
0.9421636261284841
0.6420783846153878
0.9311621417909877
0.5498685745012848
0.9311621417909877
0.4520132658087673
0.9289618449234884
0.3710944528514931
0.31287872202368827
0.401203778603037
0.32608050322868387
0.37673995142990757
0.3634855499761718
0.35603978997572117
0.403090893591159
0.3428669599594208
0.43389504973614895
0.3503942913973067
0.7309351268485526
0.2619481470021467
0.7639395798610419
0.24689348412637477
0.810145814078527
0.24312981840743172
0.8497511576935142
0.2356024869695458
0.871754126368507
0.24689348412637477
0.26447219093870394
0.5724505688149427
0.2996769408186925
0.5310502459065699
0.35028376877117606
0.48964992299819704
0.4162926747961546
0.4670679286845392
0.4382956434711476
0.4858862572792541
0.4536977215436425
0.515995583030798
0.44489653407364543
0.5762142345338856
0.40529119045865825
0.6176145574422585
0.35248406563867535
0.6420783846153878
0.2820745658786982
0.6364328860369733
0.7485375017885469
0.4068492771814514
0.7617392829935427
0.386149115727265
0.7925434391385326
0.3503942913973067
0.8431502670910164
0.35227612425677823
0.8827556107060034
0.386149115727265
0.8915567981760006
0.397440112884094
0.8805553138385042
0.45013143294929575
0.8453505639585156
0.4802407587008396
0.7925434391385326
0.4934135887171401
0.7617392829935427
0.4595405972466532
0.33928228443367964
0.5592777387986422
0.8057452203435284
0.4200221071977519
0.7617392829935427
0.627023721739616
0.695730376968564
0.8180372245666845
0.7177333456435571
0.8105098931287985
0.741936611186049
0.7992188959719696
0.7639395798610419
0.7785187345177831
0.7771413610660376
0.7597004059230682
0.7771413610660376
0.7662793533405062
0.7639395798610419
0.7850976819352211
0.741936611186049
0.8057978433894076
0.7177333456435571
0.8170888405462365
0.695730376968564
0.8246161719841225