0.056752453434792974
0.4130566686157458
0.05453097630625235
0.5112704076489669
0.09451756461998387
0.5998237789084284
0.13450415293371543
0.6883771501678899
0.17226926411890633
0.7785405827229781
0.23447062371804422
0.8526034023218005
0.3255511859882105
0.9009052411905978
0.4410679966723239
0.9411567735812622
0.5765781015133029
0.9540372639462747
0.6920949121974163
0.9234460993293698
0.7831754744675825
0.8751442604605726
0.8786989909948301
0.8300625441830285
0.9320144420798055
0.7479494181060732
0.9520077362366712
0.6513457403684787
0.9542292133652118
0.5515219400396313
0.9586721676222931
0.45330820100641017
0.9608936447508337
0.35831458456444226
0.15005449283349992
0.32450329735628425
0.19226255827577207
0.2890819488524996
0.2500209636178287
0.26815115200935413
0.3188867546025886
0.2778115197831136
0.3766451599446452
0.2971322553306325
0.6165646898270345
0.29230207144375275
0.6454438924980628
0.26493102941810104
0.6832090036832537
0.24400023257495557
0.7365244547682291
0.24078010998370236
0.77428956595342
0.25044047775746187
0.21003437530409724
0.39856611695510663
0.23669210084658487
0.37441519752070807
0.26112834926053197
0.35670452326881574
0.30111493757426344
0.363144768451322
0.3366585716309137
0.3728051362250814
0.3455444801450763
0.40178623954635984
0.31666527747404793
0.4227170363895052
0.278900166288857
0.43559752675451785
0.23669210084658487
0.4372075880501445
0.2055914210470159
0.4211069750938787
0.6387794611124409
0.3341636651300437
0.6587727552693066
0.31001274569564513
0.6943163893259569
0.3035725005131388
0.7298600233826072
0.3132328682868982
0.7609607031821762
0.3341636651300437
0.7720680888248792
0.35831458456444226
0.7542962717965541
0.39051581047697376
0.7143096834828226
0.3969560556594801
0.6809875265547131
0.3808554427032143
0.6543298010122254
0.363144768451322
0.285564597674479
0.40017617825073315
0.6832090036832537
0.3534844006775626
0.5365915131995714
0.5289810819008592
0.32999414024529183
0.733458866445434
0.3788666370731859
0.646515556481599
0.5232626504283275
0.6336350661165864
0.6432224153695222
0.5998237789084284
0.7320815005111477
0.654565862959732
0.7587392260536354
0.7608299084710858
0.7054237749686602
0.8365027893655348
0.5676921929991404
0.8670939539824396
0.42107470251545803
0.8687040152780663
0.32999414024529183
0.8220122377048957