0.06268749955659175
0.369486206940994
0.05040471183308798
0.46844722898820895
0.04426331797133612
0.5688424687462531
0.07906454985459677
0.6635008376609804
0.1056772565888549
0.7581592065757079
0.1589026700573712
0.8485149223579475
0.26535349699440375
0.9101862839236031
0.3820399803676895
0.9532128152484793
0.5212449079007321
0.966120774645942
0.6604498354337747
0.95177859753765
0.7832777126688123
0.9101862839236031
0.8897285396058447
0.8571202286229228
0.9470482156488624
0.7725013836839999
0.9777551849576218
0.6792772324801016
0.9736609223831205
0.5774477750112283
0.9859437101066242
0.4784867529640134
0.9941322352556268
0.3838283840492861
0.09339446886535113
0.2891700151345587
0.16094980134462183
0.2662225317612915
0.2223637399621406
0.25905144320714546
0.2837776785796594
0.2891700151345587
0.3370030920481757
0.3149859339294844
0.5294334330497346
0.28486736200207113
0.6051772906780077
0.2733936203154375
0.6665912292955266
0.2475777015205119
0.7423350869237998
0.25905144320714546
0.8037490255413186
0.28630157971290027
0.17118545778087496
0.36374933609767723
0.1998452958023837
0.3494071589893852
0.23055226511114313
0.3508413767002144
0.2755891534306569
0.35370981212187286
0.3001547288776644
0.37665729549514
0.30424899145216566
0.3981705611575781
0.2755891534306569
0.41394695597669934
0.23055226511114313
0.4168153913983577
0.18551537679162933
0.41538117368752847
0.16094980134462183
0.3981705611575781
0.6195072096887622
0.355144029832702
0.6461199164230202
0.34080185272441
0.6850154108807822
0.3422360704352392
0.7198166427640429
0.3494071589893852
0.746429349498301
0.369486206940994
0.7525707433600529
0.3895652548926029
0.7259580366257947
0.4053416497117241
0.6870625421680329
0.40677586742255323
0.6543084415720228
0.39530212573591966
0.6338371286995166
0.3795257309167984
0.2264580025366419
0.3795257309167984
0.6686383605827771
0.37522307778431085
0.33905022333542634
0.532987025975523
0.3001547288776644
0.7623362830422703
0.3861342429421907
0.7436914528014906
0.5028207263154765
0.7494283236448075
0.6133658158270102
0.7393887996690031
0.6891096734552834
0.7565994121989534
0.6891096734552834
0.759593424286537
0.6133658158270102
0.7423828117565866
0.5028207263154765
0.752422335732391
0.3861342429421907
0.7466854648890742
0.3001547288776644
0.7653302951298538