0.03098119802723659
0.4476007933894925
0.035142472782737647
0.5349328106158222
0.04138438491598927
0.625440537559473
0.05802948393799348
0.7111846999271422
0.10588414362625571
0.7794624588495453
0.16830326495877168
0.842976653195967
0.24320621055779082
0.9001394281077465
0.3243510682900615
0.9477750738675625
0.420060387666586
0.9811200258994339
0.5303341686873643
0.9684171870301497
0.6302047628193896
0.9318965252809572
0.7196721700626625
0.884260879521141
0.7987363904171827
0.8350373789026643
0.8549135996164471
0.7651717651216006
0.8819618855272039
0.6794276027539314
0.9006876219269588
0.5905077306689411
0.9048488966824598
0.5095271328772535
0.03722311016048817
0.37455946989110767
0.09964223149300414
0.3428023727178968
0.18910963873627695
0.35550521158718124
0.259851309579795
0.39202587333637356
0.31394788140130886
0.4348979545202082
0.4991246080211062
0.3999651476296763
0.588592015264379
0.37455946989110767
0.686381972018654
0.36026877616316283
0.7862525661506795
0.36026877616316283
0.8569942369941976
0.39202587333637356
0.08507776984875037
0.44601293853083196
0.12669051740376105
0.4174315510749423
0.18078708922527484
0.4190194059336028
0.23280302366903818
0.4317222448028871
0.2764964086017993
0.4539522128241346
0.27857704597954985
0.4888850197146665
0.2348836610467887
0.5127028425945748
0.1766258144697738
0.5190542620292169
0.11836796789275887
0.511114987735914
0.08299713247099984
0.4825336002800244
0.5677856414868737
0.4539522128241346
0.619801575930637
0.4412493739548503
0.6780594225076519
0.4396615190961898
0.7342366317069162
0.45077650310681355
0.780010654017428
0.47935789056270334
0.7758493792619269
0.5095271328772535
0.7300753569514151
0.5365206654744827
0.6718175103744004
0.5381085203331433
0.6218822133083876
0.5206421168878774
0.5802694657533769
0.49047287457332706
0.20367410038053071
0.4714186162694006
0.6926238841519057
0.47935789056270334
0.29314150762380353
0.6508462152980417
0.27233513384629826
0.7734886390459261
0.3389155299343153
0.7607858001766419
0.41589911291108494
0.7576100904593207
0.49080205851010406
0.7623736550353024
0.5448986303316179
0.7719007841872656
0.5448986303316179
0.7762867491322243
0.49080205851010406
0.7667596199802611
0.41589911291108494
0.7619960554042794
0.3389155299343153
0.7651717651216006
0.27233513384629826
0.7778746039908848