0.04110342926038144
0.588987455791059
0.054655522255017665
0.6696085788660537
0.0704662974154266
0.7471873954099165
0.10434652990201713
0.8156392923603839
0.16307226621210744
0.8734431164518894
0.24212614201415208
0.9145142546221697
0.3437668394739237
0.9373315536056589
0.45444226559678624
0.9540642395268841
0.5696350560511941
0.9662334656514117
0.6757931178425112
0.9540642395268841
0.7412949006499195
0.9053873350287741
0.8000206369600098
0.8460623576717027
0.8497116446070093
0.7821739205179332
0.8926266057566907
0.7167643300985979
0.9332828847405994
0.6483124331481306
0.9423176134036902
0.5692124633387019
0.9355415669063721
0.4901124935292731
0.28955846749537884
0.5418317045585149
0.34828420380546915
0.4977182598571027
0.44766621909946813
0.48707018699814114
0.5470482343934671
0.47642211413917956
0.6193260636981937
0.44599904882786084
0.7548469936445558
0.49163364679483895
0.7887272261311464
0.45056250862455866
0.8361595516123732
0.4216605965788059
0.8881092414251454
0.39427983779861897
0.9355415669063721
0.40492791065758055
0.3911991649551505
0.5798605361976634
0.4228207152759684
0.5585643904797403
0.456700947762559
0.538789398027383
0.49735722674646754
0.5250990186372897
0.5357548235646035
0.5296624784339874
0.5380135057303762
0.5585643904797403
0.5244614127357401
0.5844239959943612
0.4815464515860586
0.5996355286500207
0.43637280827060454
0.6118047547745481
0.3889404827893778
0.6118047547745481
0.8090553656231007
0.4992394131226687
0.8203487764519642
0.48250672720144333
0.8429355981096913
0.46577404128021804
0.8745571484305091
0.4627317347490862
0.8971439700882362
0.47337980760804776
0.8971439700882362
0.49163364679483895
0.8926266057566907
0.512929792512762
0.8700397840989637
0.5281413251684215
0.8339008694466005
0.5281413251684215
0.806796683457328
0.5205355588405919
0.49735722674646754
0.5722547698698337
0.8700397840989637
0.5007605663882346
0.8542290089385547
0.639185513554735
0.48608588350198223
0.8281268994009594
0.5550535751499729
0.8142596417241723
0.6217223437430306
0.8016305320542411
0.6864206068604314
0.7850393487623708
0.7504620348192798
0.766714758260902
0.748819946922899
0.7875156447760828
0.7018562330864102
0.8184693449474827
0.6378148051275617
0.8402607498681481
0.5698323662173995
0.8511564523284809
0.5018499273072373
0.8466991195037994