0.01225550698114307
0.5080100244268453
0.041767425805533255
0.6005701345014179
0.05992860662054257
0.6949102466928093
0.12122259187119906
0.7678903334823762
0.20067775793686488
0.8284104054542121
0.2937538096137878
0.8835904710755919
0.39364030409633904
0.9352105324633343
0.4844462081713858
0.9868305938510766
0.6047640310708225
0.9761505811501645
0.7001102303496217
0.9316505282296969
0.7750251012115351
0.8657904499074048
0.8612907100828295
0.7981503694682941
0.9225846953334861
0.7162702720946337
0.9362055809447429
0.6165901535527862
0.9044235145184766
0.5186900371277575
0.8635608576847057
0.42790992917000364
0.8204280532490584
0.34246982756270583
0.037227130601780886
0.41900991858591013
0.06673904942617107
0.3851898783663547
0.10079126345431356
0.3549298423804368
0.1439240678899607
0.33712982121224977
0.18251657712185562
0.3549298423804368
0.4140716325132246
0.2801697534740512
0.473095470162005
0.2338896984367649
0.5480103410239184
0.20184966033402824
0.625195359487708
0.17870963281538507
0.7091908207571263
0.17692963069856643
0.11895244426932287
0.47240998209047125
0.12349273947307525
0.4385899418709159
0.15073451069558924
0.4101099080018166
0.20067775793686488
0.40476990165136056
0.2256493815575028
0.42078992070272886
0.2370001195668836
0.45460996092228423
0.2256493815575028
0.491990005375477
0.1984076103349887
0.5169100350109388
0.15527480589934162
0.5186900371277575
0.12576288707495142
0.5026700180763892
0.5139581269957759
0.3549298423804368
0.527579012607033
0.3157697958104253
0.57071181704268
0.2890697640581447
0.625195359487708
0.29084976617496344
0.6683281639233554
0.3104297894599692
0.6887594923402408
0.3460298317963433
0.6637878687196029
0.37984987201589865
0.6206550642839557
0.4012098974177231
0.5661715218389277
0.4065499037681792
0.5230387174032806
0.38874988259999216
0.18024642951997943
0.47418998420728997
0.57071181704268
0.3638298529645303
0.3436970568550634
0.5347100561791258
0.4027208945038438
0.7358502953796394
0.44585369893949095
0.696690248809628
0.5094178317920236
0.684230233991897
0.5843327026539371
0.6860102361087157
0.6388162450989652
0.7162702720946337
0.6592475735158506
0.7643303292487388
0.6320058022933366
0.8034903758187503
0.5661715218389277
0.8159503906364811
0.4844462081713858
0.8177303927532998
0.4390432561338624
0.7785703461832884