0.06395825498529141
0.5033408040519081
0.09885126403157643
0.5915384489998525
0.14246752533943272
0.6770634380402836
0.2157428443366313
0.7452161636818772
0.29250746423845836
0.8106962334159571
0.36927208414028534
0.8815216149650641
0.44778135449442663
0.9496743406066575
0.5507157311809676
0.9844188674043326
0.6693519619383366
0.9563559803754411
0.7583291350063633
0.897557550410145
0.845561657622076
0.8294048247685514
0.9188369766192745
0.7559067873119311
0.9694318397363878
0.6717181262252566
0.9607085874748166
0.568820873785988
0.9310495297854743
0.4672599493004762
0.8804546666683609
0.3750533204912615
0.8228812017419908
0.3015552830346411
0.02906524593900639
0.4285064386415308
0.06221360453297716
0.4151431591039636
0.10234056493620494
0.40712519138142317
0.14595682624406123
0.4057888634276664
0.1756158839334035
0.4191521429652338
0.2785502606199443
0.35367207323115374
0.3431023273555716
0.30556426689591126
0.4216115977097129
0.2654744282832092
0.5036101689684828
0.2347388853468043
0.5943319924888237
0.23340255739304755
0.09361731267463368
0.5020044760981514
0.10931916674546195
0.4792869008842868
0.1389782244348042
0.4672599493004762
0.17387123348108924
0.45790565362417907
0.2052749416227458
0.45790565362417907
0.2192321452412598
0.4792869008842868
0.20701959207506004
0.5020044760981514
0.1756158839334035
0.5153677556357187
0.14246752533943272
0.5220493954045023
0.10582986584083344
0.5207130674507456
0.3971864913773134
0.35901738504618064
0.4251008986143414
0.33362715392480274
0.46697250946988345
0.32160020234099207
0.5175673725869968
0.3122459066646949
0.5646729347994814
0.30556426689591126
0.5786301384179955
0.332290825971046
0.5472264302763391
0.35901738504618064
0.5088441203254255
0.3763896484450182
0.46348320856525493
0.3857439441213154
0.41812229680508445
0.38039863230628845
0.19131773800423177
0.4819595567918003
0.5385031780147678
0.332290825971046
0.19306238845654602
0.6637001585027162
0.3640381327833427
0.7848692806590893
0.4128883454481417
0.7581427215839547
0.4687171599221977
0.736761474323847
0.5280352753008822
0.7193892109250094
0.589098041131881
0.7100349152487122
0.589098041131881
0.7118079648379587
0.5280352753008822
0.7211622605142559
0.4687171599221977
0.7385345239130935
0.4128883454481417
0.7599157711732012
0.3640381327833427
0.7866423302483359