0.03809773291368143
0.5389256768259478
0.055011579633408164
0.615500801680007
0.08320132416628606
0.6882471702913632
0.11702901760573951
0.7571647826600164
0.17152919036930345
0.8184248825432637
0.2335466283416348
0.8758562261838081
0.3012020152205417
0.9320113177434515
0.3763746673082161
0.9805088968176889
0.4740991150221928
1.0073101905166095
0.5868580931537044
0.9894426613839957
0.6808239082632973
0.9575363593614712
0.7672724581641228
0.9115912844490357
0.8424451102517972
0.8605412012129963
0.9063418645263204
0.8031098575724519
0.9514454557789249
0.7329159931228977
0.9721179351030356
0.6525121120261356
0.9702386188008435
0.5695557267675715
0.04185636551806515
0.4687318123763936
0.0944772219794372
0.45596929156738375
0.15273602734738484
0.47383682069999755
0.20911551641314063
0.49042809775171037
0.25985705657232083
0.5108481310461261
0.4778577476265765
0.5108481310461261
0.5530303997142509
0.49170434983261135
0.64323758221946
0.4853230894281064
0.7390827136312449
0.4853230894281064
0.8123760494167275
0.5057431227225222
0.12454628281450696
0.5312681643405419
0.16025329255615228
0.523610651855136
0.2072362001109488
0.526163156016938
0.2523397913635534
0.5287156601787399
0.28428816850081495
0.5414781809877498
0.2786502195942394
0.5644507184439675
0.25046047506136154
0.5810419954956804
0.2072362001109488
0.5810419954956804
0.16777055776491973
0.5721082309293735
0.13394286432546626
0.5567932059585616
0.5624269812252102
0.5389256768259478
0.6112892050821985
0.523610651855136
0.6639100615435706
0.526163156016938
0.7184102343071345
0.5312681643405419
0.7672724581641228
0.5440306851495518
0.7672724581641228
0.5695557267675715
0.7184102343071345
0.5823182475765815
0.6639100615435706
0.5861470038192843
0.6094098887800067
0.5810419954956804
0.5680649301317858
0.5657269705248685
0.20911551641314063
0.5516881976349577
0.6620307452413786
0.5593457101203636
0.257977740270129
0.7431260097701056
0.3380754971497544
0.8372894918221231
0.4015315841534188
0.8488766735054659
0.4666401734228036
0.8548513140609396
0.5317487626921885
0.8624554020406333
0.5955353501489971
0.8675247940270959
0.5955353501489971
0.8687685750926643
0.5317487626921885
0.8636991831062016
0.4666401734228036
0.8560950951265079
0.4015315841534188
0.8501204545710342
0.3380754971497544
0.8385332728876914