0.06749311011905475
0.44987925598767914
0.08019994920485593
0.5486466090706801
0.10379836464991539
0.641517403760666
0.13828835645423296
0.7284916400576368
0.200007289156696
0.8036727595685779
0.27987884912458943
0.8537935059092051
0.36701145999865487
0.8994918334550712
0.4559593335992634
0.9496125797956985
0.546722469926415
0.9982591865380721
0.6411161317066526
0.9584574173852209
0.7137266407683739
0.8994918334550712
0.779076098923923
0.8287331327388914
0.8371645061733001
0.7520778736296967
0.8861765997899619
0.6695260561274871
0.9242971170473655
0.5810776802322625
0.9261123797739085
0.48231032714926153
0.9224818543208226
0.3894395324592756
0.19093097552398086
0.33931878611864835
0.258095696406073
0.3319480881273796
0.32526041728816524
0.3348963673238871
0.3906098754437143
0.32605152973436463
0.4468830199665482
0.3422670653151559
0.6411161317066526
0.3673274384854695
0.6719755980578841
0.32899980893087216
0.7100961153152878
0.30393943576055854
0.7627387343850357
0.28919803977802105
0.8190118789078698
0.2818273417867523
0.25628043367952996
0.44103441839815666
0.2925856882103906
0.42039646402260433
0.3307062054677943
0.4041809284418131
0.370641985451741
0.3805946948697532
0.41057776543568764
0.3938619512540369
0.41602355361531673
0.421870603620858
0.38334882453754215
0.4484051163894254
0.3415977818270525
0.4690430707649778
0.29077042548384757
0.4793620479527541
0.2453888573202718
0.4705172103632316
0.6973892762294865
0.3864912532627682
0.71735716622146
0.36143088009245455
0.7591082089319496
0.3629050196907082
0.8008592516424393
0.36880157808372327
0.835349243446757
0.37322399687848445
0.8389797688998432
0.40565506804006685
0.8081203025486114
0.4248188828173655
0.7681845225646647
0.433663720406888
0.7264334798541752
0.43218958080863423
0.6973892762294865
0.41302576603133556
0.34522830728013854
0.433663720406888
0.7572929462054067
0.39091367205752936
0.6919434880498575
0.5722328426427399
0.49407985085666717
0.7697675488087417
0.5340156308406139
0.7550261528262042
0.5739514108245605
0.7417588964419206
0.6138871908085072
0.7358623380489056
0.6592687589720829
0.7388106172454131
0.666529809878255
0.7520778736296967
0.6211482417146793
0.762396850817473
0.5775819362776465
0.7727158280052492
0.5340156308406139
0.7815606655947717
0.4922645881301241
0.7889313635860403