0.0942241619803653
0.41351043407971794
0.04550535224941428
0.4908268687995788
0.025574930086752476
0.5851791281187311
0.05879230035785545
0.6742895952534861
0.12301254954865452
0.7463642377889496
0.18723279873945364
0.8236806725088105
0.2381660998218115
0.9062388994130688
0.328960245229493
0.9625881653953402
0.47068769171953234
0.9678299575797374
0.6257020863180129
0.954725477118744
0.771858515510866
0.9298269642428567
0.8892265571354299
0.8892030748137774
1.017667055517028
0.8577523217073931
1.068600356599386
0.7699523026187376
1.0951742528162682
0.6729791472073866
1.1062467095733026
0.5707641996116384
1.1062467095733026
0.48034328443078406
0.15844441117116437
0.28770742165418156
0.23152262576759092
0.2772238372853869
0.31567329712105185
0.2837760775158836
0.3577486327977823
0.32308951889886367
0.3843225290146646
0.3624029602818438
0.5393369236131452
0.3335731032676584
0.6500614911834884
0.3191581747605657
0.7630005501052385
0.33881489545205573
0.8670816436213612
0.37419699269673784
0.9357308755149741
0.4187522262641153
0.18723279873945364
0.3886119212038306
0.21159220360492917
0.36371340832794313
0.25145304793025275
0.3558507200513471
0.29352838360698313
0.3728865446506385
0.30017185766120374
0.40171640166482386
0.29574287495838997
0.4239940184485127
0.26695448739010075
0.45151342741659867
0.2204501690105566
0.46461790787759205
0.16951686792819873
0.4528238754626981
0.1628733938739781
0.425304466494612
0.6323455603722336
0.4266149145407113
0.6677774219947432
0.4030268497109233
0.7253541971313218
0.39385371338822783
0.7807164809164935
0.41482088212581725
0.8006469030791552
0.45020297937049936
0.7917889376735279
0.48427462856908216
0.7519280933482041
0.5144149336293669
0.689922335508812
0.5196567258137642
0.6345600517236404
0.49868955707617485
0.6146296295609786
0.46199701178539343
0.24480957387603214
0.437098498909506
0.6633484392919297
0.4764119402924861
0.2005197468478948
0.5563492711045457
0.3134588057696449
0.7201552768669628
0.35553414144637535
0.701809004221572
0.44411379550265
0.7227761729591614
0.5061195533420422
0.7529164780194463
0.5504093803701795
0.7922299194024264
0.5504093803701795
0.8341642568776051
0.49504709658500784
0.8328538088315058
0.41753989928576757
0.8236806725088105
0.33338922793230674
0.8092657440017177
0.31567329712105185
0.771262750664837