0.10458525106471209
0.5061262537402494
0.1548153555470932
0.5811728848757071
0.20671979684555372
0.6562195160111648
0.2536012276957762
0.732797711047346
0.320574700338951
0.8001865226791854
0.3975941938786022
0.8614490787081307
0.4829853714986501
0.921180070836352
0.5700508859347774
0.9579376044537191
0.6654880844513017
0.9640638600566136
0.7441819148070322
0.9227116347370756
0.8027837033698102
0.8537912592045124
0.8664085023808262
0.7909971392748437
0.9166386068632074
0.7266714554444516
0.9668687113455886
0.6439670048053757
0.9752403954259854
0.5428837873576164
0.9317076382079217
0.45252151721492245
0.8831518705416199
0.3943220889874247
0.06440116747880716
0.42954805870406804
0.10458525106471209
0.4264849309026208
0.14811800828277574
0.4326111865055154
0.19667377594907748
0.4326111865055154
0.23685785953498248
0.4418005699098571
0.3959198570625228
0.38819583338453023
0.4829853714986501
0.38206957778163575
0.5600048650383013
0.3514382997671632
0.6303270113136348
0.3238701495541379
0.7023234944050478
0.34071735246209783
0.15983836599533136
0.4800896674279478
0.1949994391329981
0.47702653962650043
0.23183484908674432
0.47702653962650043
0.27201893267264926
0.4754949757257768
0.29880832172991917
0.49387374253446037
0.30885434262639544
0.5183787649460384
0.27871627993696674
0.5321628400525511
0.24188086998322056
0.5336944039532747
0.20504546002947438
0.5229734566482093
0.17155872370788697
0.5061262537402494
0.5198207814523963
0.4402690060091335
0.5549818545900631
0.4172955474982791
0.6001889486242061
0.40351147239176643
0.6470703794744286
0.40351147239176643
0.6906031366924923
0.409637727994661
0.693951810324651
0.44639526161202797
0.6571164003709047
0.470900284023606
0.6135836431528411
0.483152795229395
0.5667022123026187
0.4877474869315659
0.5281924655327932
0.4724318479243296
0.24188086998322056
0.5045946898395257
0.6001889486242061
0.4494583894134752
0.33062072123542724
0.7190136359408333
0.49135705557904696
0.8001865226791854
0.5198207814523963
0.7833393197712257
0.5700508859347774
0.7787446280690549
0.6202809904171586
0.7710868085654367
0.667162421267381
0.7634289890618186
0.6688367580834604
0.786402447572673
0.6253040008653967
0.8032496504806327
0.5784225700151744
0.8185652894878691
0.5315411391649519
0.8292862367929345
0.49470572921120565
0.8047812143813563