0.09507497871257611
0.5534443100112557
0.14686255051731797
0.6392791363663527
0.1986501223220599
0.7267334877470175
0.25641318318119505
0.8093292640509787
0.3480373486818923
0.8611540648691504
0.451612492291376
0.9129788656873221
0.5591712952704553
0.9631841414799259
0.6667300982495347
0.997194167016851
0.7842480496526028
0.9793793917356047
0.8639212370445134
0.9210764908151615
0.9435944244364239
0.8595345398435825
1.0053411446651546
0.794753538820868
1.053145057100301
0.7121577625169067
1.0750551836330764
0.611747210931699
1.0670878648938853
0.5097171343209235
1.02725127119793
0.4141651578124193
0.9854228478171769
0.344525581713001
0.07316485217980069
0.49190235903967683
0.10702595682136268
0.477326633809566
0.14088706146292468
0.4627509085794553
0.17076450673489119
0.4449361332982088
0.1966582926372621
0.4271213580169622
0.4117758985954207
0.3105155561760759
0.49144908598733134
0.29270078089482937
0.5731141030640398
0.28136410571585424
0.6527872904559503
0.26840790551131133
0.7185176700542765
0.2505931302300648
0.16080535831090237
0.5340100097044413
0.18869097389807107
0.5080976092953555
0.2305193972788241
0.4870437839629732
0.27633148002917274
0.47246805873286246
0.31218441435553246
0.48866330898854116
0.33210271120351015
0.5194342844743306
0.316168073725128
0.551824784985688
0.27035599097477947
0.5664005102157987
0.22255207853963305
0.576117660369206
0.17873182547408223
0.5680200352413666
0.5292938499984889
0.3882527574033334
0.5691304436944441
0.37529655719879057
0.620918015499186
0.3639598820198155
0.6766892466735235
0.36234035699424755
0.7284768184782654
0.36881845709651906
0.7424196262718497
0.3979699075567406
0.7065666919454899
0.4287408830425301
0.6587627795103436
0.4433166082726409
0.6029915483360062
0.4465556583237766
0.5571794655856576
0.4271213580169622
0.26836416128998164
0.5242928595510342
0.6647382685647368
0.40282848263344423
0.3699474752146677
0.7186358626191782
0.5711222733792419
0.817426889178818
0.5930323999120173
0.8012316389231393
0.6249016748687815
0.7931340137953
0.662746438879939
0.7882754387185964
0.6966075435215011
0.794753538820868
0.7065666919454899
0.819046414204386
0.6846565654127146
0.8401002395367682
0.6527872904559503
0.8481978646646074
0.6129506967599949
0.8514369147157431
0.579089592118433
0.8433392895879038