0.05261254201724572
0.44813941018264775
0.06265357955254272
0.5452751407714796
0.07671103210195851
0.6407645030452467
0.10683414470784952
0.7263756554286239
0.1550311248772752
0.8004622296065466
0.23134301014553244
0.8597314889488846
0.31167131042790847
0.9222934849213528
0.40404885575264093
0.9650990611130413
0.5165084761479674
0.9848554808938208
0.6269598890362345
0.9667454294281063
0.7313866794033234
0.9305253264966774
0.8217560172209963
0.881134277044729
0.8880268649539567
0.8119868078120012
0.9342156376163229
0.7280220237436889
0.9563059201939763
0.6341790297849869
0.9683551652363327
0.5386896675112197
0.9743797877575109
0.44484667355251784
0.1550311248772752
0.36746736274446523
0.19117886000434436
0.3394791013883612
0.25142508521612644
0.3230154182377117
0.31970414045614604
0.32630815486784154
0.37392574314674987
0.34935731127875086
0.7153210193468481
0.3526500479088807
0.7454441319527391
0.31972268160758177
0.7936411121221647
0.30161263014186734
0.8538873373339467
0.29831989351173743
0.9020843175033724
0.30161263014186734
0.19519527501846318
0.46295672501823226
0.22933480263847303
0.4333220953470631
0.2775317828078986
0.4135656755662838
0.3317533854985025
0.4152120438813488
0.3658929131185123
0.44320030523745285
0.37191753563969054
0.4860058814291416
0.3458108380479183
0.5222259843605703
0.29359744286437384
0.5403360358262848
0.2353594251596512
0.5304578259358951
0.19921169003258202
0.500823196264726
0.7374113019245015
0.4152120438813488
0.7675344145303925
0.38557741421017966
0.8097067721786398
0.37076009937459514
0.8518791298268873
0.37899194094991995
0.8820022424327784
0.406980202306024
0.8820022424327784
0.44813941018264775
0.8619201673621844
0.4794204081688817
0.8217560172209963
0.4925913546894013
0.7755672445586301
0.4827131447990117
0.7474523394597985
0.45472488344290746
0.31367951793496784
0.47448130322368687
0.789624697108046
0.4185047805114786
0.6691322466844819
0.6407645030452467
0.4904017785561951
0.8305314596093322
0.5466315887538584
0.8124214081436177
0.6108942289797593
0.7992504616230981
0.6771650767127195
0.802543198253228
0.7213456418680264
0.8272387229792023
0.7213456418680264
0.8317432275927806
0.6771650767127195
0.8070477028668063
0.6108942289797593
0.8037549662366764
0.5466315887538584
0.8169259127571961
0.4904017785561951
0.8350359642229105