0.06400233062156879
0.46293716401758117
0.1084590393167902
0.5488556061787058
0.1351330645339231
0.6381433990128158
0.16625276062057806
0.7206924905009552
0.2351606590981713
0.7931335299701388
0.30406855757576445
0.867259244775815
0.3774221269228799
0.9380156089085059
0.4863410632261724
0.9649704142923881
0.5974828349642258
0.9346462582355205
0.7019561003979963
0.8908446994867119
0.788646682353678
0.8403044393919328
0.8553317453965101
0.772917425932227
0.9109026312655368
0.6971070357900583
0.9153483021350591
0.6027652169464703
0.8975656186569704
0.510108073439375
0.8686687580050766
0.4191356052687725
0.8331033910488994
0.3450098904630963
0.05733382431728557
0.42418963127825043
0.10623620388202916
0.39555015055787557
0.16180708975105595
0.37364937118347125
0.22626931735912703
0.383757423202427
0.26405751975006525
0.4022888519038461
0.4974552403999777
0.3247937864251847
0.5552489617037656
0.2961543057048097
0.6130426830075535
0.2793075523398833
0.6819505814851466
0.26919950032092754
0.7330757964846513
0.2759382016668981
0.15069291257725057
0.4460904106526547
0.17069843149010022
0.4275589819512357
0.2084866338810384
0.42418963127825043
0.25294334257625983
0.4258743066147431
0.29295438040195915
0.4393517093066842
0.3018457221410034
0.45619846267161057
0.27739453235863165
0.47641456670952226
0.2351606590981713
0.48652261872847813
0.18625827953342772
0.48652261872847813
0.14847007714248953
0.47809924204601495
0.539689113660438
0.35848729315503747
0.5752544806166153
0.3450098904630963
0.6174883538770756
0.33153248777115524
0.666390733441819
0.3281631370981699
0.7064017712675184
0.33995586445361836
0.7086246067022794
0.365225994501008
0.6841734169199077
0.383757423202427
0.6441623790942085
0.40060417656735353
0.5952599995294647
0.40060417656735353
0.5619174680080489
0.3803880725294418
0.21515514018532164
0.454513787335118
0.6241568601813587
0.36859534517399334
0.2840630386629149
0.5909724895910219
0.3729764560533577
0.735645436418652
0.42410167105286234
0.7204833583902182
0.477449721487128
0.712059981707755
0.5374662782256769
0.7086906310347696
0.5974828349642258
0.7053212803617844
0.5974828349642258
0.7105844384819994
0.5374662782256769
0.7139537891549845
0.477449721487128
0.7173231398279699
0.42410167105286234
0.7257465165104331
0.3729764560533577
0.7409085945388669