0.05821307292514641
0.6000065708545614
0.07486082265675743
0.6605147369085439
0.10260707220944247
0.7176613381817496
0.1414518215832016
0.7748079394549554
0.19139507077803472
0.8285929759473843
0.2552114447492104
0.8722933180974828
0.32457706863092306
0.914312877857193
0.39949194242317276
0.9546516552265145
0.48827994099176497
0.9781826086919522
0.5881664393814312
0.9664171319592334
0.6630813131736809
0.9294399193706885
0.724123062189588
0.88573957722059
0.7879394361607637
0.8386776702897146
0.8351080604003284
0.7882541985780627
0.8739528097740874
0.731107597304857
0.9016990593267725
0.6655570840797091
0.9183468090583835
0.6084104828065034
0.07763544761202597
0.5596677934852398
0.13035332176212758
0.5344560576294137
0.21359207042018277
0.5277329280678602
0.302380068988775
0.5344560576294137
0.3772949427810247
0.5445407519717442
0.6075888140683108
0.5529446639236862
0.6686305630842178
0.5327752752390253
0.7407708119211992
0.522690580896695
0.8101364358029117
0.5159674513351413
0.8739528097740874
0.5243713632870833
0.15809957131481267
0.6036027903197106
0.18584582086749765
0.6271337437851484
0.2357890700623308
0.6355376557370904
0.2829576943018954
0.6271337437851484
0.3107039438545805
0.6069643551004875
0.3107039438545805
0.6117720475872803
0.2829576943018954
0.6319414362719412
0.2357890700623308
0.6403453482238832
0.18584582086749765
0.6319414362719412
0.15809957131481267
0.6084104828065034
0.6630813131736809
0.5884757488062151
0.7019260625474399
0.5951988783677686
0.7407708119211992
0.6002412255389339
0.7823901862502266
0.6019220079293223
0.8156856857134488
0.5951988783677686
0.8156856857134488
0.6000065708545614
0.7823901862502266
0.6067297004161151
0.7407708119211992
0.6050489180257267
0.7019260625474399
0.6000065708545614
0.6630813131736809
0.5932834412930079
0.23467922008022343
0.6224783039889136
0.7407708119211994
0.598611194045398
0.5631948147840147
0.7865734161876742
0.43833669179693185
0.8439546721452524
0.49382919090230193
0.842273889754864
0.5465470650524036
0.8439546721452524
0.6020395641577737
0.8439546721452524
0.6519828133526068
0.8473162369260291
0.6519828133526068
0.8521239294128219
0.6020395641577737
0.8487623646320452
0.5465470650524036
0.8487623646320452
0.49382919090230193
0.8470815822416567
0.43833669179693185
0.8487623646320452