0.057684074110530136
0.4763526411221767
0.04605422045921358
0.5614831766682369
0.04838019118947686
0.6598562399659064
0.06466198630132007
0.7506621445483707
0.1390930496697461
0.8017404658760068
0.23213187888027859
0.8509269975248415
0.3205187666302845
0.9020053188524776
0.40192774218950045
0.9587590092165177
0.5159003079724027
0.960650798895319
0.6205689908342518
0.9247067949980936
0.7182597615053109
0.8944381601372724
0.8159505321763699
0.8566023665612456
0.9136413028474293
0.8168747833064175
0.9787684832948018
0.7487703548695693
0.9880723662158553
0.6522890812507012
0.9997022198671717
0.5614831766682369
0.9997022198671717
0.46689369272817
0.03209839607763372
0.31933409778166577
0.09489960579474312
0.3098751493876591
0.17398261062369577
0.3023079906724537
0.2600435276434383
0.3023079906724537
0.31819279590002114
0.28717367324204296
0.532182103084246
0.2985244113148511
0.5880054006105654
0.32311767713926837
0.6670884054395181
0.32690125649687113
0.7484973809987341
0.3212258874604671
0.8089726199855801
0.3250094668180697
0.07396586922237335
0.44419221658255403
0.12281125455790294
0.40257284364892454
0.19259037646580232
0.38365494686091123
0.264695469103965
0.4044646333277259
0.2926071178671247
0.42716610947334194
0.2995850300579147
0.49716232758899137
0.2623694983737017
0.5406734902014222
0.18328649354474905
0.5387817005226209
0.10885543017632303
0.5331063314862169
0.06466198630132007
0.4858115895161834
0.6205689908342518
0.4309496888309446
0.6647624347092548
0.3987892642913219
0.7508233517289974
0.38176315718210985
0.8322323272882132
0.4101400023641299
0.8787517418934795
0.47067727208577276
0.8787517418934795
0.5160802243770047
0.8252544150974234
0.572833914741045
0.7391934980776808
0.5785092837774489
0.6461546688671482
0.5671585457046409
0.6066131664526719
0.5085130656617995
0.2042202301171189
0.46689369272817
0.7484973809987341
0.478244430800978
0.3530823568539708
0.6768823470751184
0.36936415196581407
0.7988573784055135
0.40192774218950045
0.8007491680843148
0.43449133241318677
0.8026409577631162
0.47170686409739987
0.7988573784055135
0.5019444835908229
0.7969655887267122
0.5019444835908229
0.8036322555548081
0.47170686409739987
0.8055240452336094
0.43449133241318677
0.8093076245912121
0.40192774218950045
0.8074158349124108
0.36936415196581407
0.8055240452336094