0.05406765375290454
0.481643159251874
0.08566257660791167
0.5621307812940544
0.12097454921056662
0.6510907846038326
0.1544279969393977
0.7414628514582107
0.23806161626147532
0.8064177745097948
0.3384219594479685
0.8586641256599822
0.44064082750828554
0.9137346038993687
0.5447182204424266
0.9617447644157571
0.6562297128718635
0.9829257175847519
0.7584485809321806
0.9419758747913619
0.84765777487573
0.8741968246505785
0.9015549962166245
0.7908850755191986
0.9350084439454556
0.6962768180310217
0.9610277921789909
0.6030806240874445
0.9777545160434062
0.5042361759654684
0.9851886155387021
0.40256760075429315
0.9647448419266388
0.30513521617691697
0.07228583855465666
0.397624576950042
0.08184215828044833
0.35841697374005693
0.13535754874488184
0.3163051036256287
0.20989684260605704
0.28871456803341694
0.29781498408334056
0.28290603422453037
0.4698287391475911
0.2509590982756536
0.5233441296120246
0.22772496304010698
0.5940608955828831
0.205942961256782
0.6686001894440583
0.19142162673456534
0.7450507472503918
0.19287376018678698
0.16246021737126648
0.43293017619851454
0.17836805929888297
0.4026125300488942
0.2136419696601197
0.3793905032108871
0.25929055953936725
0.37444507156945966
0.29318117929820253
0.3927216667660393
0.299405987009009
0.4228242941486411
0.28695637158739606
0.45550714673546583
0.2528352033948272
0.48044932370962157
0.2085699041179811
0.48410464274893755
0.17099050941940863
0.4669031413874508
0.5525247970615415
0.33616779051026835
0.5712867393389263
0.29841363145258015
0.6164543781548527
0.27259325830393133
0.6694974001489405
0.26912161149402886
0.7148966678818717
0.29515896256829666
0.7304158053211899
0.33096032029541483
0.7079478003717291
0.36893145727872195
0.6646331928918408
0.394317874576133
0.6090422528107006
0.39822347723727314
0.5701285947539025
0.370884258609292
0.24238832967374876
0.4310236463511403
0.6380199663215249
0.3467999061222836
0.30737130380913236
0.49491751824889363
0.3838218616154659
0.6633649987066069
0.42395840446379096
0.6604607318021637
0.5443680330087662
0.5994711268088536
0.6800677731150083
0.6009232602610752
0.7565183309213419
0.672077799419937
0.7947436098245086
0.7229024702476954
0.7718084424826086
0.8230996784509904
0.6571326057731083
0.885541416896522
0.5156990738313911
0.8739243492787486
0.4564498915314827
0.794057009406557