0.04587683908406968
0.37184204972013996
0.03470388196396412
0.4662742325316531
0.03097956292392895
0.5634044777092093
0.0402903605240169
0.6605347228867657
0.07194707236431587
0.7455236874171276
0.14643345316501938
0.8062300906531003
0.2060225578055822
0.8763797121702243
0.26561166244614504
0.9465293336873483
0.38106555268723535
0.9748589885308022
0.509554559568449
0.9667648014326725
0.6305949283695922
0.9465293336873483
0.7553596162107705
0.9168506476608728
0.8428811136515971
0.8709835874381379
0.8950215802120896
0.7846455917247545
0.9173674944523007
0.687515346547198
0.9192296539723183
0.5876870390035985
0.9210918134923358
0.49055679382604217
0.06263627476422792
0.24233505615006484
0.10360378420461484
0.2585234303463242
0.148295612685037
0.2828059916407133
0.18367664356537114
0.308437584118124
0.19857391972551183
0.32462595831438334
0.3438223622868837
0.3165317712162537
0.46113841204799166
0.308437584118124
0.5821787808491349
0.32057886476531855
0.6790110758900494
0.3529556131578373
0.7386001805306122
0.39747364219755066
0.05518763668415758
0.3597007690729454
0.08312002948442139
0.34890851960877245
0.1129145818047028
0.3516065819748157
0.14457129364500182
0.3650968938050319
0.16877936740523045
0.38263429918431285
0.16319288884517769
0.4001717045635939
0.13526049604491386
0.4096149228447452
0.09615514612454451
0.41366201639381
0.06449843428424554
0.4042187981126587
0.05146331764412241
0.38398333036733445
0.44251681684781585
0.41770910994287486
0.4853464858082203
0.41636007875985326
0.5300383142886423
0.4258032970410046
0.572867983249047
0.4379445776881991
0.6138354926894339
0.45008585833539366
0.6119733331694163
0.477066481995826
0.563557185648959
0.4784155131788476
0.5170031976485193
0.4743684196297827
0.47231136916809724
0.4662742325316531
0.4443789763678334
0.44334070242028556
0.09243082708450934
0.378587205635248
0.5039680810083962
0.4446897336033072
0.11105242228468523
0.5728476959903607
0.44624113588785097
0.7738533422605816
0.382927712207253
0.7617120616133869
0.3233386075666902
0.7522688433322356
0.2618873434061098
0.7374295003189979
0.20974687684561738
0.7198920949397168
0.22464415300575807
0.7387785315020194
0.2525765458060219
0.7711552798945382
0.31030349092656706
0.7873436540907977
0.37175475508714745
0.7913907476398624
0.4350681787677454
0.7886926852738192