0.03887885354179684
0.42524119358608464
0.03354070400181854
0.5108740124728112
0.03532008718181131
0.6005845846398579
0.06023145170171001
0.6780618969659438
0.11539233028148578
0.7433059494510688
0.16343567614129048
0.8085500019361936
0.21325840518108793
0.8724348033278786
0.26130175104089265
0.9376788558130036
0.3324770782406033
0.9879711462702874
0.44457821858014757
0.9852526440834072
0.5495618261997207
0.970300882055566
0.6563248169992868
0.9539898689342847
0.7452939759989251
0.9200085915982822
0.8253662190985995
0.8724348033278786
0.898320929478303
0.8180647595902745
0.9374673594381439
0.7392281961707484
0.9534818080580787
0.6699063904053032
0.045996386261767885
0.26349031346671237
0.07268713396165939
0.30290859517647534
0.09048096576158705
0.34504537907311855
0.10471603120152918
0.3858229118763217
0.12428924618144963
0.41572643593200387
0.3431533773205599
0.5027185059121705
0.45525451766010416
0.5054370080990508
0.5655762748196557
0.5203887701268918
0.6741186487992145
0.5285442766875325
0.7524115087188961
0.5638848051169751
0.05667268534172448
0.4075709293713633
0.08158404986162325
0.4089301804648034
0.11183356392150025
0.42388194249264455
0.13852431162139175
0.44291145780080593
0.16521505932128322
0.47417423294992833
0.1403036948013845
0.5000000037252903
0.1100541807415075
0.49592225044496996
0.07980466668163046
0.48232973951056896
0.06023145170171001
0.4578632198286471
0.05667268534172448
0.42524119358608464
0.42856376996021267
0.5493367304439527
0.46771019992005347
0.5697254968455542
0.5068566298798943
0.5846772588733954
0.5513412093797135
0.5941920165274761
0.5940464056995399
0.6037067741815568
0.5940464056995399
0.6060215890136184
0.5513412093797135
0.5965068313595376
0.5068566298798943
0.5869920737054569
0.46771019992005347
0.5720403116776157
0.42856376996021267
0.5516515452760142
0.09759849848155812
0.4510669643614466
0.509703642967883
0.5814850627904179
0.09937788166155091
0.6685471393118632
0.24350791924096493
0.7922389888149125
0.3129038632606828
0.8031129975624334
0.3787410409204152
0.8139870063099541
0.4427988354001548
0.8343757727115556
0.4908421812599595
0.8642792967672379
0.4783864990000101
0.8901050675425999
0.41076993816028495
0.8928235697294801
0.34137399414056707
0.8873865653557198
0.28799249874078414
0.8561237902065973
0.24528730242095775
0.812627755216514