0.05614734893013535
0.5873451114280168
0.09689358919044953
0.6686894188779877
0.15556817516530197
0.74203264690665
0.21098306191932922
0.811375335224658
0.28269644477748224
0.8713834308844723
0.36581877490852316
0.9247239603598633
0.46197990192286464
0.9673963839401758
0.5695499762100942
0.9900661089672168
0.690158847380624
1.0047347545729493
0.7928393728366159
0.9833985427827929
0.8547736580322934
0.9087218015172459
0.9183377928383836
0.8380455999623533
0.9688631307611731
0.7580348057492672
0.9884213260861239
0.6593548262197944
0.9916810253069491
0.558007820216552
0.9900511756965367
0.46199486716084875
0.977012378813236
0.3739829935264541
0.1278607317882883
0.4739964862928116
0.1946845658152036
0.42599000976496
0.2859561439983073
0.40465379797480366
0.39189636867512423
0.4153219038698819
0.48805749568946577
0.4406586553706925
0.6999379450430996
0.37131596705268455
0.7553528317971268
0.33264408318302624
0.8172871169928043
0.29797273902402227
0.8661826053051814
0.2646349081019031
0.9313765897216841
0.2579673419174793
0.22239200919221722
0.535338095189511
0.2712874975045943
0.5086678304518155
0.325072534648209
0.48733161866165936
0.3821172710126488
0.47532999952969646
0.44079185698750123
0.4793305392403507
0.4473112554291515
0.5140018833993547
0.4098247143896625
0.5486732275583587
0.3560396772460478
0.5686759261116302
0.2973650912711953
0.580677545243593
0.2435800541275806
0.5686759261116302
0.7406841853034136
0.4113213641592276
0.7667617790700147
0.37798353323710837
0.8091378689407415
0.36064786115760633
0.8547736580322934
0.35264678173629777
0.9004094471238453
0.3619813743944912
0.9150780936175584
0.3953192053166103
0.8857408006301322
0.42465649652807524
0.841734861148993
0.43932514213380763
0.7928393728366159
0.448659734792001
0.7488334333554766
0.4419921686075772
0.36092922607728545
0.5300040422419718
0.830325913876105
0.40465379797480366
0.7178662907576377
0.615348889402597
0.5361877040410915
0.8301189491868244
0.5769854625362176
0.7682067206724813
0.6585809795264698
0.7343664963913497
0.746756780144968
0.7101399721900851
0.8080850235602222
0.7105245201932797
0.8075586008699623
0.7993551089312502
0.8107171370115206
0.8716501335318495
0.7235941817735416
0.8962612057363087
0.6314702109780957
0.9097203858481225
0.5509275393683629
0.8854938616468578