0.041574754865330514
0.5367687112151218
0.09296896889653565
0.608969097602087
0.14081875437386457
0.6905287933355105
0.20816289689751266
0.7573810029530709
0.2932291821905419
0.8188850358012263
0.3800676817605092
0.8790520244570306
0.4633617527766003
0.9271856153816741
0.5590613237312582
0.9833414714604247
0.6742552517322351
0.9632858085751567
0.769954822686893
0.9205003944199182
0.8408433937644173
0.8469629638406018
0.9081875362880654
0.7694144006842317
0.9631261788731467
0.6878547049508081
0.9808483216425278
0.5875763905244678
0.9471762503807037
0.4899721644828296
0.9081875362880654
0.3937049826335428
0.8567933222568602
0.317493463669524
0.020308183542073224
0.45520901548169823
0.041574754865330514
0.4191088222882157
0.09651339745041186
0.40707542455705487
0.15854089714324565
0.4097495129417572
0.21702396828220322
0.4191088222882157
0.35702889616031375
0.3576047894400602
0.42437303868396187
0.30278597755366077
0.48994496693067185
0.25465238662901735
0.573239037946763
0.2225633260125884
0.670710823178359
0.22791150278199324
0.07879125468103079
0.5127019157528002
0.10891889738897864
0.49264625286753205
0.147907611481617
0.47259058998226394
0.1886685398511935
0.45520901548169823
0.2276572539438319
0.46323128063580543
0.24892382526708917
0.4832869435210736
0.2223406111130176
0.5086907831757465
0.18335189702037918
0.524735313483961
0.1425909686508027
0.5394427995998242
0.09828561172735
0.5367687112151218
0.4580451099457859
0.37097523136357224
0.48994496693067185
0.34156025913184573
0.539566966684939
0.3281898172083337
0.5891889664392059
0.3188305078618752
0.6423553947473493
0.310808242707768
0.6583053232397922
0.34289730332419693
0.6281776805318444
0.3723122755559235
0.5767834665006393
0.3816715849023819
0.5271614667463721
0.40039020359529887
0.475767252715167
0.3977161152105964
0.17271861135875055
0.5020055622139904
0.5537446809004438
0.3683011429788699
0.2808236822519751
0.6196654511408967
0.40926643974399296
0.7494520199519179
0.45899232792139083
0.7217472205243616
0.5241670357267182
0.7015982754861387
0.5891003557253591
0.6828485627422369
0.6463092659100353
0.6873261060840643
0.6738274758722846
0.7253852244895963
0.6361709780292066
0.755048949129202
0.5705134946105064
0.7737986618731039
0.5023504668692387
0.7894700635694998
0.44330212048677503
0.7978654573354255