0.08972441777586934
0.6183380671575353
0.1258040778338909
0.6767581242484103
0.1596287591382861
0.7396720318847374
0.20698331296443934
0.7950961886119778
0.27688765432685614
0.8415326442483146
0.35355693195015186
0.8849731995210166
0.425716252066195
0.9314096551573532
0.5023855296894907
0.9733522602482381
0.594839658588171
0.9883317620664109
0.6827838299795984
0.9598707086118822
0.7639630651101469
0.9239199042482668
0.8383773639798163
0.8804793489755646
0.894751832820475
0.8355408435210453
0.9353414503857493
0.7741248860665356
0.9398514078930019
0.7022232773393047
0.9195565991103648
0.631819618793891
0.8924968540668486
0.5659098107939294
0.08746943902224304
0.564411860612112
0.13482399284839627
0.5719016115211987
0.18217854667454958
0.5838852129757371
0.2340430580079555
0.5913749638848237
0.2836525905877351
0.5928729140666409
0.380616676993668
0.5883790635211891
0.4640508908778428
0.5823872627939198
0.5384651897475122
0.5629139104302947
0.6173894461244345
0.5464364584303043
0.6895487662404776
0.5509303089757562
0.15511880163103342
0.6213339675211699
0.18443352542817587
0.612346266430266
0.2227681642398238
0.6108483162484487
0.25884782429784536
0.6183380671575353
0.2836525905877351
0.631819618793891
0.2881625480949878
0.6527909213393334
0.26335778180509806
0.6647745227938718
0.22727812174707648
0.6587827220666026
0.19119846168905497
0.6557868217029681
0.1596287591382861
0.6408073198847949
0.5294452747330068
0.6108483162484487
0.563269956037402
0.5973667646120929
0.6106245098635553
0.5973667646120929
0.6647439999505876
0.5988647147939102
0.7008236600086092
0.612346266430266
0.7030786387622355
0.6378114195211603
0.6647439999505876
0.6527909213393334
0.6173894461244345
0.6572847718847854
0.5700348922982812
0.6542888715211507
0.5339552322402596
0.636313469339343
0.23178807925432918
0.6378114195211603
0.6173894461244345
0.6198360173393526
0.30845735687762493
0.7876064377028914
0.4437560820952058
0.8514427672932848
0.49111063592135895
0.8439530163841984
0.5384651897475122
0.8409571160205637
0.5858197435736656
0.8454509665660157
0.6241543823853135
0.8484468669296503
0.6241543823853135
0.8520182955210358
0.5858197435736656
0.8490223951574012
0.5384651897475122
0.8445285446119492
0.49111063592135895
0.8475244449755839
0.4437560820952058
0.8550141958846703