0.03575814325916374
0.6155475504359675
0.06647815198450432
0.6776130886864188
0.09719816070984494
0.7436402570379625
0.14445971259498433
0.8057057952884136
0.20353665245140856
0.8572069866026178
0.28151821306188857
0.9034260044486984
0.36186285126662554
0.9430423054596246
0.4445705670656194
0.9839791498375817
0.55327213640144
1.001146213608983
0.6690629385200314
0.9839791498375817
0.7541337319132825
0.9404012187255628
0.8321152925237624
0.8955027442465131
0.9100968531342425
0.8387193794641856
0.9715368705849236
0.7858976447829505
1.02116150006432
0.7198704764314068
1.0424291984126328
0.6485611346117395
1.0353399656298619
0.5825339662601958
0.05229968641896252
0.5442382086163005
0.12082893665241465
0.5257506014778681
0.2082628076399225
0.537635491781146
0.2909705234389164
0.5561230989195782
0.37604131683216735
0.560084729020671
0.6028967658808364
0.5680079892228561
0.6690629385200314
0.5468792953503622
0.7446814215362545
0.5310327749459917
0.8321152925237624
0.5257506014778681
0.9053706979457283
0.5415971218822386
0.13264432462369946
0.6049832034997207
0.17990587650883888
0.5891366830953502
0.23898281636526308
0.5812134228931649
0.3004228338159443
0.5825339662601958
0.3453213081068267
0.5970599432975353
0.34295823051256974
0.6142270070689367
0.29805975622168734
0.6287529841062763
0.24134589395952002
0.6340351575743999
0.1846320316973528
0.6353557009414307
0.13264432462369946
0.6261118973722146
0.6761521713028024
0.5838545096272266
0.7186875679994279
0.5706490759569178
0.7754014302615951
0.5680079892228561
0.8344783701180194
0.5719696193239487
0.8793768444089017
0.5825339662601958
0.8793768444089017
0.6036626601326898
0.8344783701180194
0.6155475504359675
0.7777645078558522
0.6195091805370603
0.7186875679994279
0.6181886371700294
0.6761521713028024
0.6049832034997207
0.26261359230783277
0.6076242902337824
0.7848537406386229
0.5930983131964427
0.5343675156473843
0.7674100376445183
0.43979008825424903
0.8538058196747412
0.5009367581415052
0.8477958118392076
0.5639032693944536
0.8460560727289217
0.626869780647402
0.8436837012148953
0.6883804188077965
0.8501681833532342
0.6916561332660425
0.8770550605121998
0.6326932730176168
0.8871771789720458
0.5686348569452532
0.8900240247888777
0.5060323139654432
0.8904984990916829
0.4452496123513255
0.8813253292374474