0.0350768886050148
0.47072152591723687
0.05079133470006142
0.5627396546415244
0.06650578079510805
0.6533635692942321
0.09568975211448034
0.7384106276606193
0.13385340691673642
0.8192750438122659
0.2169154791334114
0.8722551785323103
0.30446739309152826
0.9252353132523548
0.39875406966180793
0.9698501635429185
0.5289594801636228
0.9837923042587196
0.6591648906654377
0.9670617353997583
0.7512066463649965
0.9182642428944542
0.8432484020645552
0.8652841081744098
0.8881468194789741
0.7899965483090835
0.9195757116690674
0.7077379180858566
0.9599842873420444
0.62826771600579
0.9891682586614167
0.5348553732099222
0.9914131795321376
0.4539909570582754
0.14058816952889924
0.39264553790875034
0.2236502417455742
0.38985710976559007
0.3022224722208073
0.3856744675508497
0.37630486095459853
0.39264553790875034
0.439162645334785
0.4107703208392918
0.6658996532776006
0.39682818012349064
0.7242675959163452
0.3814918253361094
0.7961050637794154
0.3661554705487281
0.8791671359960903
0.36197282833398775
0.9442698412469979
0.3745207549782088
0.18997642868476003
0.45956781334459584
0.232629925228458
0.44144303041405436
0.28875294699648163
0.44144303041405436
0.3493658105059472
0.4428372444856345
0.39426422792036603
0.4581735992730158
0.38752946530820326
0.4804810244182976
0.3471208896352262
0.49721159327725906
0.2909978678672026
0.5041826636351596
0.23936468784062087
0.4958173792056789
0.18773150781403908
0.4874520947761982
0.7265125167870661
0.4428372444856345
0.7669210924600431
0.43726038819931407
0.8163093516159038
0.4344719600561538
0.8656976107717647
0.43726038819931407
0.9061061864447416
0.448414100771955
0.9105960281861837
0.46793309777407655
0.8724323733839275
0.484663666633038
0.8207991933573457
0.484663666633038
0.771410934201485
0.4818752384898778
0.7310023585285079
0.47211573998881695
0.29548770960864446
0.47211573998881695
0.809574589003741
0.46375045555933625
0.6524301280532749
0.6436040707931713
0.43691772446406413
0.7941791905238238
0.4930407462320877
0.7830254779511828
0.5514086888708323
0.7788428357364425
0.6142664732510188
0.7802370498080227
0.6703894950190424
0.7927849764522437
0.6771242576312052
0.8150924015975255
0.6165113941217397
0.8192750438122659
0.5558985306122742
0.8150924015975255
0.4885509044906458
0.8178808297406859
0.4279380409811802
0.8220634719554262