-0.008738444473545095
0.40136001676333355
0.024239182160760184
0.5013151876258337
0.055717825766233395
0.5960095600218863
0.09469138451586694
0.6907039324179389
0.1561496886979813
0.7761919074977088
0.2281008740819201
0.8551038844944193
0.3135429067253474
0.9129726676253404
0.41547375268592734
0.9511134565070838
0.5174045986465072
0.9879390457722154
0.6178364615782552
0.9774174488393207
0.7092744263370108
0.9274398634080706
0.7962154420092701
0.8564190841110311
0.8606717122490487
0.773561508264485
0.920631033402331
0.6841279343348797
0.9566066260943004
0.5894335619388271
0.9685984903249568
0.4855327922264916
0.976093405469117
0.38952322021382707
0.06920867302572194
0.339545634782577
0.15764867172681335
0.30008964628422174
0.2625774837450574
0.2908832489679388
0.3645083297056374
0.3211328401500112
0.45294832840672883
0.36584962711481384
0.6058445973475988
0.37505602443109676
0.665803918500881
0.32244803976662306
0.7482479850866444
0.2908832489679388
0.8381869668165678
0.2619488574024783
0.9266269655176591
0.2777312528018204
0.16514358687097366
0.39609921829688627
0.2221049419665919
0.38689282098060335
0.2805652800910421
0.3763712240477086
0.34352256730198855
0.37374082481448495
0.39448799028227854
0.39609921829688627
0.39448799028227854
0.4355552067952415
0.34951849941731683
0.4697503968271495
0.29105816129286655
0.48947839107632707
0.23259782316841626
0.47501119529359676
0.18612934927462246
0.44344640449491257
0.6957835790775222
0.3763712240477086
0.742252052971316
0.3632192278815902
0.7962154420092701
0.35664322979853097
0.8486798480183921
0.35006723171547177
0.8921503558545218
0.36848002634803756
0.8921503558545218
0.4026752163799455
0.8546757801337204
0.4316096079454059
0.8022113741245984
0.4395008056450771
0.7482479850866444
0.4368704064118534
0.7032784942216825
0.4171424121626758
0.2865612122063704
0.4118816136962284
0.791718492922774
0.38557762136399154
0.5863578179727821
0.6196831531208995
0.4214696848012556
0.782167396431061
0.4814290059545379
0.7677002006483308
0.5473842592231485
0.7598090029486597
0.6178364615782552
0.7584938033320477
0.6777957827315375
0.7492874060157648
0.6777957827315375
0.7512031147820837
0.6178364615782552
0.7604095120983666
0.5473842592231485
0.7617247117149786
0.4814290059545379
0.7696159094146496
0.4214696848012556
0.7840831051973799