0.06587368928802674
0.5000000216532499
0.10764980507257986
0.5744409066805858
0.13772860843745813
0.6570026155290857
0.17950472422201125
0.7355039124670036
0.23799128632038563
0.8004705030363152
0.3131882947325813
0.8546093285107412
0.3900563477761591
0.9087481539851675
0.4719375347138832
0.9628869794595937
0.5705291679654286
0.9831890390125035
0.6641076673228277
0.9452918611804052
0.749330943523316
0.8965669182534216
0.8312121304610401
0.839721151505274
0.8896986925594146
0.777461502209684
0.9314748083439678
0.6948997933611841
0.9498562992891711
0.6042172606915202
0.9298037637125857
0.510827786748135
0.9030670496104716
0.43097301917335645
0.03579488592314846
0.4255591366259138
0.08759726949599436
0.40119666516242203
0.14775487622575087
0.38630848815695484
0.21292561684965375
0.38495501752009414
0.2580438218969711
0.40931748898358594
0.46024022229420836
0.3443508984142745
0.5270820075494934
0.32675578013508605
0.6072921498558355
0.3281092507719467
0.6875022921621774
0.32946272140880734
0.7576861666802267
0.34029048650369254
0.11934711749225474
0.4688701970054548
0.15109696548851514
0.444507725541963
0.20122830442997888
0.4431542549051023
0.25303068800282474
0.4472146668156843
0.2998199376815243
0.4634563144580121
0.3014909823129064
0.5000000216532499
0.26974113431664604
0.5270694343904629
0.21960979537518227
0.5351902582116269
0.1644653225395721
0.5324833169379055
0.12603129601778326
0.5067673748375531
0.5554897662829895
0.405257077073004
0.6006079713303069
0.3930758413412581
0.6574234887972992
0.39578278261497946
0.7159100508956735
0.3930758413412581
0.7626993005743731
0.40661054770986466
0.761028255942991
0.4431542549051023
0.7292784079467306
0.4769910208266187
0.6758049797425025
0.483758374010922
0.6206605069068925
0.475637550189758
0.5805554357537214
0.4472146668156843
0.20958352758688953
0.48511184464778256
0.6524103549031527
0.43367996044707774
0.31485933936396343
0.6921928520874628
0.4518849991372977
0.8103892952311684
0.4986742488159972
0.8144497071417504
0.5437924538633145
0.8090358245943078
0.5838975250164856
0.8022684714100045
0.6223315515382745
0.79279417695198
0.6223315515382745
0.7950566204888725
0.5838975250164856
0.804530914946897
0.5437924538633145
0.8112982681312003
0.4986742488159972
0.8167121506786429
0.4518849991372977
0.812651738768061