0.010149853109745994
0.49360245951424636
0.03353305900814814
0.5703730347502574
0.052664772925022627
0.6458641003990016
0.06967074085113327
0.7239141852222795
0.10368267670335457
0.7942872125219562
0.16107781845397803
0.8544241631234981
0.23122743614918445
0.9081635657887058
0.30350279983515477
0.9593439492793799
0.401287115410291
0.992611198548318
0.5203288908930656
0.9772570835011157
0.6223646984497294
0.9439898342321776
0.7180232680341019
0.9068840562014391
0.8136818376184742
0.8659397494088998
0.8902086932859723
0.812200346743692
0.9412265970643043
0.7469453577930827
0.9752385329165256
0.6727338017316054
0.9794900248980533
0.5972427360828612
0.0654192488696056
0.4321859993254375
0.15044908850015887
0.4296269801509038
0.23760467412147598
0.44881962395990654
0.3205087677612654
0.470571286943443
0.3736524175303612
0.5000000074505806
0.5267061288653571
0.5230311800213839
0.6287419364220209
0.5038385362123812
0.7456579659140317
0.5025590266251143
0.856196757433751
0.49232294992697956
0.9284721211197212
0.5307082375449851
0.10368267670335457
0.4782483444670442
0.1589520724632142
0.48080736364157783
0.22059870619536534
0.4820868732288447
0.27586810195522493
0.4948819691015132
0.32901175172432073
0.5115155937359823
0.3183830217705016
0.5332672567195187
0.2609878800198781
0.5422238238303866
0.20359273826925464
0.539664804655853
0.1461975965186312
0.5255901991959175
0.10368267670335457
0.5051180457996479
0.6393706663758402
0.5307082375449851
0.692514316144936
0.5294287279577182
0.7520352038863232
0.5383852950685861
0.8073045996461828
0.5499008813539878
0.856196757433751
0.5716525443375242
0.8476937734706957
0.5934042073210607
0.7924243777108361
0.6010812648446617
0.7329034899694488
0.5972427360828612
0.6776340942095891
0.581888621035659
0.6372449203850763
0.5575779388775889
0.21634721421383762
0.5102360841487155
0.741406473932504
0.5626959772266562
0.39703562342876336
0.7200756564604789
0.29074832389057176
0.8157260283811334
0.3566464496042505
0.8221235763174677
0.43317330527174847
0.828521124253802
0.5033229229669549
0.8413162201264704
0.5564665727360507
0.8515522968246052
0.5564665727360507
0.8531446535362313
0.5033229229669549
0.8429085768380965
0.43317330527174847
0.830113480965428
0.3566464496042505
0.8237159330290937
0.29074832389057176
0.8173183850927594