0.09305758999235653
0.43843323886172514
0.05681828456792335
0.506518854903402
0.04189621762845089
0.5832962517163565
0.07813552305288406
0.6557277581436722
0.12290172387130147
0.7194674837997102
0.17193137238671105
0.7817585793272017
0.2188292970536245
0.8498441953688785
0.26999066941753014
0.9121352908963699
0.32328376562993183
0.9773236466809542
0.4447920249942078
0.9773236466809542
0.544983045873523
0.9469024139814816
0.6451740667528382
0.9135839210249164
0.7389699160866651
0.8788167979398048
0.8199754223295157
0.8281147434406838
0.8754002423904136
0.7542346068848217
0.9095078239663505
0.6760085799433206
0.9265616147543192
0.5977825530018197
0.1420872385077661
0.318196938192381
0.19751205856866386
0.2877757054929084
0.2785175648115144
0.2921215958785473
0.33820583256940434
0.32688871896365884
0.37018169029684533
0.3746935132056873
0.5748271797524679
0.396422965133882
0.6622278575408067
0.3819366638484188
0.7560237068746337
0.3862825542340578
0.8455561085114686
0.39932022539097456
0.9031126524208625
0.4311900882189935
0.1655362008412228
0.41525515680498404
0.1911168870231756
0.39497433500533563
0.23801481169008915
0.3877311843626041
0.2721223932660263
0.39932022539097456
0.2785175648115144
0.4282928279619009
0.2721223932660263
0.4572654305328272
0.24227825938708125
0.4775462523324756
0.19751205856866386
0.4833407728466608
0.15700930544723857
0.4717517318182904
0.1527458577502464
0.43988186899027143
0.5854857989949482
0.4934811837464851
0.6174616567223893
0.4760976222039293
0.6622278575408067
0.470303101689744
0.6984671629652399
0.48623803310375346
0.7091257822077202
0.5137620055461335
0.6984671629652399
0.5398373478599671
0.670754752934791
0.5615667997881619
0.6238568282678775
0.5630154299167082
0.5833540751464521
0.5514263888883376
0.5726954559039719
0.5224537863174114
0.20390723011415204
0.4529195401471882
0.6302519998133657
0.529696936960143
0.2486734309325695
0.6122688542872828
0.31688859408444364
0.7411969357279048
0.3616547949028611
0.7455428261135438
0.4170796149637589
0.751337346627729
0.4618458157821763
0.7745154286844701
0.49808512120660947
0.8005907709983038
0.49808512120660947
0.8310120036977764
0.4426603011457117
0.838255154340508
0.3872354810848139
0.8281147434406838
0.33820583256940434
0.8150770722837669
0.3211520417814358
0.783207209455748