0.04008438919360436
0.45140707600968694
0.05661273789211744
0.5360528591868137
0.08022466460427895
0.61756361335738
0.10619778398765659
0.6990743675279465
0.14869925206954737
0.7758825781886726
0.2148126468635996
0.8385831583198776
0.30217677569859724
0.8981487094445222
0.39426328987602716
0.9467416590462061
0.5123229234368347
0.9608492895757271
0.6374661350112909
0.9420391155363658
0.7389974198735855
0.9059862819609229
0.826361548708583
0.8542583033526788
0.8806689801465545
0.7884226942149136
0.9090032922011484
0.7069119400443471
0.93261521891331
0.6222661568672204
0.93261521891331
0.5329178301802533
0.93261521891331
0.44670453249984643
0.09203062796035971
0.4059491554145633
0.16286640809684425
0.377733894355521
0.24550815158940964
0.36362626382599994
0.3375946657668396
0.3730313508456806
0.41551402391697256
0.3949765538916024
0.5973258596006163
0.39967909740144275
0.6658004470658847
0.37930140885880115
0.7460809978872339
0.3714638363424006
0.824000356037367
0.3730313508456806
0.8806689801465545
0.390274010381762
0.16522760076806045
0.43573193097688556
0.20772906884995118
0.4247593294539248
0.2573141149454904
0.41692175693752415
0.31162154638346184
0.41535424243424396
0.34940062912292036
0.4294618729637652
0.3352334730956234
0.45454210501624714
0.30453796836981345
0.47178476455232854
0.2549529222742742
0.47335227905560856
0.20064549083630273
0.47335227905560856
0.16522760076806045
0.46081216302936767
0.65635567638102
0.4247593294539248
0.7012183371341271
0.41692175693752415
0.7508033832296663
0.4106516989244036
0.8051108146676378
0.41535424243424396
0.8452510900783123
0.4310293874670452
0.8405287047358799
0.4592446485260875
0.7980272366539893
0.4764873080621689
0.7484421905584501
0.48432488057856943
0.6964959517916947
0.4811898515720092
0.6587168690522363
0.4592446485260875
0.2337021882333289
0.4420019889900061
0.7413586125448016
0.45140707600968694
0.531212464806564
0.6489139034229825
0.34940062912292036
0.7591407812749411
0.4273199872730533
0.7607082957782213
0.5076005380944025
0.7560057522683807
0.5926034742581839
0.7560057522683807
0.6705228324083171
0.7560057522683807
0.6705228324083171
0.7602074331558712
0.5926034742581839
0.7602074331558712
0.5076005380944025
0.7602074331558712
0.4273199872730533
0.7649099766657118
0.34940062912292036
0.7633424621624316