0.07778278687685136
0.31101300728571074
0.1229730835616194
0.41114791282545166
0.13626434729243356
0.526796676969941
0.1508847373963291
0.636804037985431
0.2040497923195856
0.7256561372671728
0.2691769846005748
0.8060461318554156
0.327658545016157
0.8864361264436582
0.38746923180482057
0.9625950686851513
0.4805080779205194
0.9597743671206516
0.562913913051567
0.9090017389596562
0.646648874555696
0.8582291107986609
0.7290547096867435
0.8004047287264162
0.8114605448177912
0.7397596450896716
0.881904242591106
0.6706524567594279
0.927094539275874
0.5733382527841868
0.943044055752851
0.4562791378574475
0.9310819183951183
0.3434510752774578
-0.005952174627277622
0.0980500391659802
0.06582064951911866
0.07971547899673184
0.14955561102324766
0.0825361805612316
0.23063231978121385
0.09946038994823005
0.3024051439276101
0.1417709134157262
0.44462166584732127
0.10933284542397917
0.5323440064706946
0.07125337430323263
0.6293702317056376
0.05856021726298379
0.7290547096867435
0.07125337430323263
0.8114605448177912
0.09663968838373034
0.0817701659960956
0.2574196775602156
0.13227696817318932
0.20946775096372003
0.20537891869266695
0.19677459392347119
0.27848086921214465
0.21934020643946917
0.3223420395238313
0.2799852900762136
0.3236711658969127
0.3533235307532069
0.28778475382371455
0.41255826360770154
0.20936629781191124
0.41678931595445107
0.13626434729243356
0.39422370343845314
0.09506142972690974
0.3265268658904594
0.4765206988012751
0.2362644158264676
0.5575974075592414
0.17844003375422285
0.6572818855403474
0.17844003375422285
0.7556372371483718
0.21934020643946917
0.8313974404140124
0.2813956408584634
0.8407013250255823
0.3730684417047051
0.7582954898945347
0.4196100175189509
0.6599401382865101
0.4323031745591997
0.5589265339323227
0.4012754573497025
0.49645759439749637
0.3265268658904594
0.23329057252737664
0.31383370885021045
0.6732314020173242
0.3025509025922115
0.3010760175545287
0.528207027752191
0.3223420395238313
0.6763367836078872
0.3755070944470878
0.6692850296966378
0.4260138966241815
0.6819781867368866
0.4778498251743566
0.6946713437771356
0.5097488581283105
0.7059541500351345
0.5097488581283105
0.7087319278801745
0.4778498251743566
0.6974491216221755
0.4260138966241815
0.6847559645819266
0.3755070944470878
0.6720628075416778
0.3223420395238313
0.6791145614529271