0.10266740785636191
0.4854672589518179
0.11865342782181225
0.5775079758504764
0.13463944778726258
0.6695486927491348
0.17823768405667267
0.7373681683586725
0.23927521483384684
0.7890401497754632
0.29885947106870725
0.8390973817729792
0.35989700184588136
0.8859251149319458
0.42820090533462385
0.9279085998330882
0.4906917106541117
0.9682773353149559
0.558995614142854
0.9505150917029341
0.6258462430892829
0.9085316068017917
0.6970566956626527
0.8617038736428252
0.7624540500667678
0.8116466416453092
0.8176784826746872
0.751900913132145
0.862729993486411
0.6808519386840578
0.888888935248057
0.5952702194624981
0.8990618570442528
0.5096885002409386
0.08086828972165684
0.21741885535221622
0.17823768405667267
0.22226310361004037
0.27124725476474754
0.24809909431843566
0.3642568254728224
0.27877933328465515
0.4500000234693289
0.2545580919955345
0.6040471249545779
0.2319516001256886
0.6723510284433203
0.27232033560755636
0.7624540500667678
0.2610170896726334
0.8554636207748426
0.2577875908340839
0.9252207988058988
0.29331207805812753
0.168064762260477
0.4711491327720466
0.2305555675799648
0.44692789148292605
0.2974061965263936
0.4388541443865525
0.356990452761254
0.4727638821913213
0.39768213994603685
0.5066736199960902
0.39768213994603685
0.5113032496602132
0.356990452761254
0.4773935118554444
0.2974061965263936
0.44348377405067557
0.2305555675799648
0.4515575211470491
0.168064762260477
0.4757787624361697
0.6389257139701059
0.5082883694153649
0.6825239502395161
0.4711491327720466
0.747921304643631
0.4598458868371237
0.8089588354208053
0.47760813044914546
0.8496505226055879
0.5050588705768155
0.8496505226055879
0.5096885002409386
0.8089588354208053
0.4822377601132685
0.747921304643631
0.46447551650124674
0.6825239502395161
0.4757787624361697
0.6389257139701059
0.512917999079488
0.2901398238148252
0.4695885489978489
0.7455960653759294
0.48670489284216084
0.5154458203581878
0.5785483650332749
0.3322847855419217
0.7066879293924531
0.41076161082685986
0.6582454468142118
0.5153973778734441
0.6614749456527612
0.6200331449200283
0.6727781915876843
0.6985099702049664
0.7502861637128703
0.6999632447472801
0.8536301265464515
0.6098602231238326
0.9020726091246929
0.5037711815349347
0.8972283608668687
0.39768213994603685
0.8778513678355723
0.31775204011878494
0.8132613910645838