0.09543351558112156
0.34486005027756245
0.08848725176531565
0.43778651650830097
0.07806785604160671
0.5259879081849343
0.07806785604160671
0.615764324712936
0.11106260916668495
0.6882154678758847
0.15447675801547206
0.7606666110388334
0.2065737366340166
0.8331177542017821
0.25172445143675526
0.9008438228106256
0.31076769387110575
0.9543946677571529
0.39759599156868003
0.948094568351679
0.4757414594964968
0.9181690961756785
0.5608331912401197
0.885093574296941
0.6441883570297909
0.8520180524182036
0.7171241270957533
0.8094923814312552
0.7674845397603465
0.7449163625251489
0.8178449524249395
0.6756152690649371
0.8560494034118722
0.6110392501588305
0.10758947725878194
0.14325686930240078
0.20483717068006516
0.14640691900513766
0.2986117321934454
0.17475736632976982
0.3889131617989226
0.21413298761398109
0.4635854978188365
0.27240890711461374
0.640715225121888
0.3385599508720887
0.7258069568655107
0.3275347769125095
0.8091621226551821
0.35116014968303627
0.8890441565369505
0.3905357709672475
0.9550336627871069
0.4425115910624064
0.14058423038386017
0.2834340810741929
0.22220283021958
0.2550836337495608
0.31250425982505725
0.27555895681735065
0.3871765958449711
0.329109801763878
0.4288541787398067
0.3936858206699844
0.3854400298910196
0.46456193898156467
0.3090311279171543
0.5023625354144076
0.22220283021958
0.4740120880897754
0.14579392824571466
0.4267613425487219
0.11106260916668495
0.3543101993857732
0.6211203482378257
0.4435583875686421
0.6841052190158328
0.40542592726767096
0.7660347579575371
0.43157390004547974
0.8334482524621226
0.48278034673535536
0.8644486185481729
0.5574110190386846
0.8418134306123266
0.6233257004160777
0.7680030351693498
0.6521974203582416
0.6804146992436839
0.636399686804982
0.6034058533315113
0.6037147208327212
0.5989772296049327
0.5285392990965208
0.28124607265393053
0.3968358703727213
0.7101778632799474
0.5543383555095663
0.4580361115535344
0.5650850473696957
0.3211870895948147
0.7433413376737804
0.3593915405817473
0.7323161637142013
0.4010691234765831
0.7401912879710435
0.4375370085095641
0.759091586187465
0.4531661020951276
0.7968921826203077
0.43232731064770974
0.8268176547963082
0.40454225538448596
0.8315427293504136
0.36460123844360187
0.822092580242203
0.3298699193645721
0.8031922820257816
0.31076769387110575
0.7732668098497809