0.055931172799847564
0.34628760805364095
0.041060060973064555
0.46233539595548795
0.06522561769158694
0.5722754055467115
0.10054450828019659
0.6679639324131468
0.16932340047906802
0.7331135677264645
0.2306667367645479
0.8023350552468645
0.3105989628335066
0.8573050600424764
0.3961078558375088
0.9122750648380881
0.4909111937332505
0.9468858085982882
0.5894323095856879
0.9244906214593351
0.676800091568038
0.8837720993885116
0.766026762528736
0.8349098729035234
0.840382321662651
0.7717961636937469
0.9110201028398703
0.7066465283804293
0.9463389934284802
0.6089220754104527
0.9630689942336109
0.49898206581922916
0.9612101052552631
0.41550909557404087
0.037342283016368806
0.09586869731807612
0.14329895478219773
0.11012018004286436
0.2548322934830703
0.14473092380306438
0.36822452116229065
0.17526981535618205
0.46302785905803234
0.22209611573762914
0.6154567552825582
0.19359315028805266
0.693530092373169
0.197665002495135
0.782756763333867
0.19359315028805266
0.871983434294565
0.1813775936668056
0.9593512162769151
0.18341351977034676
0.11307867248408975
0.3495392472057647
0.19261285830823655
0.29014683339054026
0.2848002100589523
0.2663898678644505
0.3806027520744019
0.28420759200901774
0.4348306060454111
0.36339747709598375
0.41494705958937445
0.4604050863275168
0.36433439588309907
0.5455342127960052
0.26672425873528255
0.5514734541775277
0.17272931185219983
0.5138582587612188
0.10946348221935576
0.4425873621829496
0.6192053095468424
0.3713164656046803
0.6734331635178518
0.30598481040793335
0.7710433006656682
0.30202531615358513
0.863230652416384
0.32974177593402315
0.9192661015197601
0.4089316610209891
0.9102281258579253
0.5000000288709998
0.8469622962250812
0.5732506725764432
0.7511597542096315
0.5930481438481847
0.657164807326549
0.5613721898133984
0.6155901192821086
0.47624306334491007
0.28271562815828843
0.38089835181384096
0.767885651507084
0.4032935389527938
0.5138374911328742
0.5421436992143019
0.42956785744777054
0.7249698633122997
0.4648867480363802
0.7127543066910527
0.5225123063651643
0.7127543066910527
0.5782789757156006
0.7127543066910527
0.5857145316289921
0.7656883853831233
0.5727023087805572
0.7982632030397822
0.5503956410403825
0.8450895034212293
0.5095000835167293
0.8837720993885116
0.4741811929281196
0.8450895034212293
0.4481567472312493
0.7921554247291588