0.025408691700196974
0.2655774054871227
0.025408691700196974
0.3731107155482679
0.019146215697067544
0.47777647067444917
0.030105548702544033
0.5810084483331486
0.07550849972523234
0.6713364287845105
0.12560830775026768
0.751627966963499
0.1772737347760854
0.8276181727400415
0.22893916180190307
0.906475933451548
0.2993920168371091
0.9623932546833435
0.40428848988952687
0.9451879250735603
0.4997912489372505
0.9079097109190298
0.5984252459865388
0.8677639418295358
0.6892311480319154
0.8233168403375957
0.7675120980710332
0.7688332965732821
0.8270056201007627
0.6914093133292576
0.8755398091250157
0.6111177751502692
0.9178115221461394
0.5408626792436544
0.07707411872601469
0.044775675494904625
0.1804049727776501
0.05481211776727816
0.2712108748230267
0.0877889995193627
0.3620167768684033
0.13510365594626658
0.4387321079067387
0.18098453490568853
0.6720093390233095
0.236901856137484
0.7659464790702508
0.23403430120252014
0.8583180001164098
0.2498058533448214
0.942861426158657
0.2770476252269782
1.01801113819621
0.3171933943164724
0.0942959277346206
0.20679252932036332
0.18823306778156187
0.169514315165833
0.28530144583006795
0.18385208984065238
0.3745417288746621
0.22973296880007432
0.413682203894221
0.31145828444654466
0.3808042048777915
0.39461737756049686
0.3056544928402385
0.4462333663898466
0.2054548767901678
0.42042537197517177
0.11464897474479119
0.36880938314582207
0.07550849972523234
0.2899516224343156
0.6328688640037508
0.37167693808078595
0.7080185760413037
0.3243622816538821
0.8035213350890273
0.3300973915238098
0.8864991421304922
0.3745444930157498
0.9319020931531805
0.4491009213248105
0.8927616181336215
0.5193560172314253
0.8207431440976334
0.5767071159307028
0.7283716230514744
0.5609355637884015
0.6375657210060978
0.5308262369712807
0.6140814359943625
0.45053469879229247
0.26181716081833256
0.3200609492514363
0.7596840030671215
0.46343869599962983
0.46065077391769166
0.6039488878128595
0.2993920168371091
0.6942768682642215
0.34322934885901507
0.6770715386544383
0.39646039488561513
0.6871079809268118
0.4418633459083034
0.7143497528089685
0.4684788689216034
0.7544955218984628
0.4496914409122152
0.8003764008578848
0.413682203894221
0.7989426233904028
0.3635823958691856
0.7846048487155834
0.3150482068449326
0.7645319641708364
0.28060458882772077
0.7286875274837878