0.17832370451149382
0.3914585902231928
0.21048413012937878
0.4782917389062642
0.2334558627135823
0.5731649939488793
0.25183324878094515
0.6664302277195856
0.29777671394935223
0.7371831636835697
0.35903466750722834
0.7934639082003753
0.4248869675819452
0.8497446527171808
0.49839651185139655
0.9204975886811648
0.5780318514766356
0.9542660353912481
0.6637929864576622
0.9124574823216212
0.744959774921848
0.8610008016205418
0.8230636657081399
0.8079360996475539
0.8950417611386444
0.7516553551307483
0.9471110216628392
0.6664302277195856
0.9792714472807241
0.5715569726769706
0.997648833348087
0.4686436112748118
0.9991802821870338
0.3689462924164706
0.10481416024204247
0.1856318674188754
0.15228907424939647
0.1534714419807008
0.21048413012937878
0.13256716544588734
0.2763364302040956
0.12291903781443493
0.3406572814398655
0.12935112290206985
0.522899693274547
0.09558267619198653
0.6101922770945205
0.0762864209290818
0.7066735539481754
0.07467839965717306
0.8000919331239366
0.08593454856053416
0.8858530681049631
0.11487893145489131
0.1859809487062283
0.34321795206593086
0.2257986185188478
0.28050512246149045
0.3008396116272461
0.24834469702331588
0.37741205357459123
0.2644249097424032
0.4034466838366885
0.34321795206593086
0.4049781326756355
0.42844307947709365
0.380474951252485
0.5008040367129865
0.30390250930513985
0.5168842494320738
0.23498731155252922
0.48311580272199045
0.19670109057885662
0.41075484548609753
0.5765004026376886
0.3062334628120302
0.6438841515513524
0.2290484417604111
0.7510855702776356
0.21779229285704998
0.855224091326025
0.24673667575140712
0.9210763914007419
0.3255297180749349
0.9164820448839011
0.431659122020911
0.8644127843597065
0.5297484196073436
0.7602742633113171
0.532964462151161
0.6530728445850338
0.5008040367129865
0.5933463398661045
0.41075484548609753
0.33146858840618415
0.3769863987760142
0.7985604842849896
0.3448259733378396
0.4264184164208921
0.5940692704836927
0.4775248004911741
0.7023769823154521
0.4900175503877329
0.694561251017105
0.5050354305825324
0.6975809653823755
0.5205849171559088
0.7036203941129164
0.533875076620333
0.7101927136137992
0.5358686005399966
0.7233373526155648
0.5205849171559088
0.7242255038994677
0.5047696273932438
0.7238702433859066
0.48895433763057894
0.7212057895341973
0.4775248004911741
0.7119690161816052