0.10679011051273489
0.5153828875027453
0.11243159648096537
0.5871697045412341
0.14251952164486117
0.6618865957445593
0.16508546551778303
0.7409985981951388
0.21961982987734419
0.7966700073270281
0.2854371661733663
0.846481268129245
0.36441796972859275
0.8962925289314616
0.4339962966701018
0.9446387526512603
0.5280210628072761
0.9548940122281872
0.6258068195899376
0.9299883818270788
0.7104291091133944
0.8904323806017891
0.7988123892823384
0.8508763793764993
0.8683907162238474
0.805460229821537
0.9248055759061521
0.7497888206896476
0.9530130057473044
0.6750719294863226
0.9793399402657132
0.595959927035743
1.0000253888158916
0.5285682212445085
0.05225574615317377
0.31760288137629644
0.13499754035388722
0.3073476217993695
0.22714181116831814
0.3146728072114601
0.3098836053690316
0.33957843761256856
0.3700594556968232
0.3732742905081858
0.5092161095798413
0.32346302970596896
0.5881969131350677
0.3410434746949867
0.7085486137906509
0.3249280667883871
0.8383027910599516
0.3293231780356416
0.9398495384881
0.3630190309312588
0.10114862454450442
0.4816870346071281
0.16508546551778303
0.4362708850521657
0.25158825036398347
0.42162051422798436
0.33433004456469695
0.4333408108873295
0.3719399510195667
0.4948723683488913
0.3700594556968232
0.5314982954093449
0.33433004456469695
0.5900997787060704
0.24218577375026604
0.5915648157884886
0.15756348422680908
0.5710542966346346
0.11243159648096537
0.5139178504203271
0.5994798850715287
0.4435960704642565
0.6577752400765768
0.4318757738049114
0.7630829781502121
0.42601562547523875
0.8683907162238474
0.45824644128843783
0.9304470618743825
0.5183129616675816
0.932327557197126
0.5710542966346346
0.85898823961013
0.6208655574368515
0.7518000062137512
0.6237956316016877
0.6483727634628593
0.5988900012005793
0.5900774084578112
0.5285682212445085
0.2346637924592921
0.4978024425137277
0.7442780249227773
0.5109877762554909
0.4189523340881539
0.6384460024258689
0.3738204463423101
0.7776245252555923
0.42271332473364087
0.73220837570063
0.5054551189343542
0.7351384498654663
0.5863164178123242
0.7600440802665747
0.6502532587856028
0.7952049702446099
0.6446117728173724
0.8303658602226454
0.5787944365213503
0.8625966760358443
0.4960526423206369
0.8625966760358443
0.41143035279717993
0.8494113422940812
0.35125450246938833
0.8083903039863732