0.05177966456238718
0.3461399330788214
0.058719302372209875
0.4466515406691358
0.06565894018203257
0.5471631482594501
0.0743334874443109
0.6461284234252981
0.12638077101798117
0.715713382526285
0.18883751130638546
0.7837520092028053
0.24955934214233405
0.8517906358793259
0.31548590133564963
0.9136439328579808
0.38661718888633234
0.9662192352898376
0.48550702767630577
0.9383852516494429
0.5757223192040007
0.8935416113399179
0.6659376107316959
0.8486979710303931
0.7474783549971126
0.8084933279942673
0.8168747330953395
0.7481863634400789
0.8654521977640983
0.666230744943361
0.9140296624328573
0.579636129173244
0.9487278514819709
0.49922684310099247
0.05351457401484285
0.13583872335139455
0.16801859787691734
0.1389313882003273
0.2738480744767135
0.15748737729392379
0.37447282271914256
0.191506690632184
0.4490739291747366
0.2456283254885071
0.6451186973022278
0.2564526524597718
0.7388038077348341
0.24098932821510802
0.8428983748821746
0.24253566063957435
0.9348485758623255
0.26573064700657
1.0198591390326535
0.2966572954958975
0.08647785361150065
0.290471965798032
0.17148841678182866
0.24872099033743986
0.2686433461193464
0.23944299579064163
0.3571237281945859
0.27500864155336824
0.40917101176825615
0.3445936006543551
0.3883520983387879
0.42036388945320746
0.3206906296930167
0.4744855243095305
0.22353570035549894
0.46211486491379955
0.1298505899228925
0.43428088127340486
0.0743334874443109
0.3677885870213507
0.617360146062937
0.3662422545968843
0.6902263430660752
0.33686193853202323
0.7908510913085044
0.3384082709564896
0.8741267450263767
0.3739739167192162
0.9383183947672367
0.4451052082446694
0.9105598435279458
0.5115975024967235
0.8446332843346304
0.5641728049285802
0.7440085360922012
0.5533484779573157
0.6555281540169619
0.5239681618924545
0.617360146062937
0.44819787309360215
0.24261970433251137
0.3538715952011533
0.7648274495216694
0.43582721369787114
0.45254374807964787
0.604377447964706
0.372737913266687
0.715713382526285
0.4057011928633447
0.7079817204039531
0.44560411026982516
0.7095280528284195
0.47856738986648306
0.7218987122241505
0.5063259411057739
0.7389083688932806
0.5132655789155965
0.7667423525336753
0.4733626615091161
0.7713813498070744
0.4351946535550912
0.7667423525336753
0.3970266456010663
0.7559180255624108
0.3657982754568643
0.7389083688932806