0.10952623810816484
0.5433473638906483
0.14639885868942962
0.6059602457129503
0.18133081502957524
0.6733895030600445
0.21044077864636326
0.7408187604071389
0.2589573846743432
0.7921934326715917
0.33270262583687277
0.8307244368699312
0.40062587427604474
0.8708608995765349
0.47825244392081284
0.9142082792996671
0.5558790135655808
0.9495283664814782
0.6335055832103488
0.9238410303492519
0.7111321528551167
0.8869154846591765
0.7887587224998848
0.8403571879195161
0.858622635180176
0.7905879741633275
0.9187832266548711
0.7343969263740823
0.9614778399594935
0.6637567520104597
0.9808844823706855
0.5866947436137805
0.9905878035762815
0.5144491107418937
0.043543653910112064
0.3346377578163088
0.11728889507264167
0.31537225571713906
0.19879679319964808
0.3105558801923466
0.28224535556777364
0.31376679720887485
0.3482279397658264
0.32661046527498805
0.4801931081619319
0.3346377578163088
0.5461756923599848
0.2993176706344975
0.6179802692813952
0.2704194174857428
0.6994881674084015
0.26239212494442204
0.771292744329812
0.2704194174857428
0.11146690234928408
0.49999998416751623
0.14833952293054886
0.4373871023452145
0.24731339922762804
0.3972506396386106
0.34434661128358807
0.4116997662129881
0.3851005603470912
0.45665260444438427
0.40062587427604474
0.5577964904650257
0.37539723914149525
0.6316475818451767
0.26866070587993923
0.6364639573699691
0.16968682958286005
0.62522574781212
0.12311088779599925
0.5626128659898181
0.5694636632534151
0.4373871023452145
0.6393275759337064
0.38280151306423327
0.7441234449541432
0.36835238648985597
0.8547413066979375
0.38922334709728995
0.9207238908959904
0.45504714593612006
0.926545883619348
0.5433473638906483
0.8741479491091295
0.6123820797460069
0.7654707516064543
0.6204093722873275
0.6509715613804216
0.604354787204686
0.596632962629084
0.5321091543327993
0.305533326461204
0.5369255298575917
0.7732334085709311
0.4951836086427238
0.49959975057312395
0.6958659221757426
0.44137982333954806
0.7459060570552009
0.48989642936752803
0.7619606421378424
0.5500570208422232
0.7651715591543706
0.6102176123169184
0.7555388081047858
0.6432089044159447
0.7330623889890876
0.6432089044159447
0.7376078433906105
0.6102176123169184
0.7600842625063087
0.5500570208422232
0.7697170135558935
0.48989642936752803
0.7665060965393653
0.44137982333954806
0.7504515114567237