0.07398248881114294
0.44040863722495127
0.06722609713889242
0.5406734902014222
0.08411707631951867
0.6447219225354957
0.09425166382789439
0.7544457239059733
0.17026107014071248
0.8093076245912121
0.24627047645353056
0.8584941562400469
0.32227988276634867
0.9057888982100802
0.3932219953249788
0.9587590092165177
0.4675423037197343
1.0041619615077497
0.5570644933770533
0.983352275040935
0.6448975851163099
0.9398411124285043
0.7259742851833157
0.8811956323856629
0.8036727894141965
0.8244419420216228
0.8712367061367015
0.76390467229998
0.88306039156314
0.6560726606083037
0.8982622728257036
0.5482406489166275
0.9151532520063298
0.4517593752977594
0.001351278334450111
0.13015512990153202
0.10100805550014491
0.11691260214992259
0.20235393058390236
0.11123723311351864
0.3036998056676598
0.12258797118632665
0.3763310161443526
0.17555808219276414
0.6161829205092453
0.16988271315636008
0.688814130985938
0.1396140782955387
0.7817145164793825
0.1396140782955387
0.8712367061367015
0.1490730266895454
0.9404897207772691
0.1944759789807775
0.07398248881114294
0.37230420878810316
0.14830279720589842
0.292849042278447
0.2597832597980316
0.24933787966601623
0.36450733071791425
0.28717367324204296
0.3932219953249788
0.31933409778166577
0.3982892890791667
0.48013622047977944
0.35268364529147594
0.5879682321714558
0.24120318269934274
0.6087779186382705
0.1381682096975226
0.5633749663470382
0.08411707631951867
0.455542954655362
0.5891573538202433
0.3987892642913219
0.6465866830343725
0.3023079906724537
0.7513107539542552
0.2720393558116323
0.8492784332018875
0.30798335970885776
0.891505881153453
0.3874385262185139
0.8965731749076408
0.5160802243770047
0.8408329436115742
0.5936436012078596
0.734419774773629
0.6031025496018663
0.6296957038537463
0.5879682321714558
0.5739554725576795
0.4952705379101901
0.2564050639619063
0.4366250578673486
0.7563780477084431
0.4536511649765607
0.4944552638808656
0.5726686984424297
0.48274418498229793
0.8480439100543483
0.4844332829003606
0.8461521203755469
0.496256968326799
0.8461521203755469
0.5097697516713
0.8461521203755469
0.5148370454254878
0.8461521203755469
0.5148370454254878
0.8528187872036428
0.5097697516713
0.8528187872036428
0.496256968326799
0.8528187872036428
0.4844332829003606
0.8528187872036428
0.48274418498229793
0.8547105768824442