0.06215664168669671
0.513295672847662
0.08950435328344884
0.5824331450196794
0.10843738438889268
0.65866163997857
0.11895573500302808
0.7384356463308974
0.16313280758239695
0.7951638286258861
0.22624291126720955
0.835937209650409
0.29566402532050345
0.876710590674932
0.3713961497422785
0.9174839716994548
0.44923194428688074
0.9476208185436674
0.5333787491999643
0.9334387729699204
0.6049035333760852
0.8962109033388341
0.6806356577978604
0.8589830337077481
0.7542641120968084
0.8217551640766619
0.8131668755359668
0.772118004568547
0.8531366078696815
0.6994350210030931
0.8720696389751252
0.6214337703474839
0.8741733090979523
0.5416597639951564
-0.015679152857905512
0.3289290803889496
0.07267499230083216
0.3041105006348921
0.16734014782805107
0.3413383702659783
0.26200530335527
0.3767934842003461
0.3503594485140077
0.35729317153644374
0.49972002723473086
0.35906592723316216
0.5838668321478144
0.37502072850362766
0.6701173071837249
0.3413383702659783
0.7626787925881167
0.3236108132987944
0.8510329377468544
0.3466566373561334
0.057949301441042544
0.4601130019461103
0.11474839475737388
0.41579410952815066
0.2031025399161116
0.39983930825768516
0.29566402532050345
0.4317489107986161
0.3356337576542181
0.47961331461001266
0.3335300875313909
0.5558418095689035
0.29145668507484923
0.6125699918638919
0.20099886979328443
0.6143427475606102
0.11895573500302808
0.5912969235032711
0.06846765205517799
0.531023229814846
0.5396897595684456
0.47961331461001266
0.577555821779333
0.4087030867412771
0.6806356577978604
0.39097552977409317
0.7710934730794251
0.4211123766183058
0.842618257255546
0.47606780321657594
0.8342035767642377
0.5487507867820298
0.7774044834479064
0.617888258954047
0.6785319876750333
0.6373885716179494
0.5817631620249873
0.626752037437639
0.52917140895431
0.5611600766590585
0.24727961249548036
0.5292504741181276
0.6890503382891686
0.5363414969050011
0.44390264664238543
0.6080199189089814
0.2451759423726533
0.7614814703882365
0.3314264174085639
0.7082987994866848
0.44712827416405365
0.7153898222735585
0.5628301309195434
0.7153898222735585
0.6553916163239353
0.7508449362079263
0.6617026266924166
0.8377099653471274
0.5670374711651976
0.882028857765087
0.44712827416405365
0.8802561020683687
0.3293227472857368
0.8891198805519607
0.23676126188134497
0.8394827210438457