0.07288933065504036
0.42154319150163644
0.10050397421177847
0.5142648786750456
0.1204478834472005
0.6126925158283569
0.1634039956465709
0.6811639155871821
0.22937231080988982
0.7496353153460074
0.29227233224468224
0.8124007651249304
0.35210405995094823
0.8708867524189272
0.41807237511426715
0.9236667897330216
0.5055187463772712
0.9293727397129237
0.5837602364546959
0.8851516273686822
0.6527968453465413
0.8337980775495635
0.7218334542383866
0.7824445277304445
0.7847334756731791
0.7310909779113256
0.8430310565151818
0.672604990617329
0.8752481406647097
0.5898687159087486
0.9089993716785006
0.5057059537051924
0.944284749556555
0.4301021164714896
0.013057602948774377
0.17048139238594384
0.09743568048325203
0.14195164248643335
0.20022352038888844
0.16192246741609073
0.30914794775157783
0.1719078798809194
0.40119675960737156
0.15193705495126203
0.5944992645045386
0.179040317355797
0.6865480763603323
0.15479002994121308
0.7847334756731791
0.14765759246633545
0.8813847281217626
0.15479002994121308
0.9657628056562402
0.18046680485077257
0.10664056166883143
0.40292785242693313
0.1664722893750974
0.3672656650525451
0.23704304513120594
0.34872132761786323
0.31375038834436747
0.35728025258771634
0.36284308800079085
0.3957954149520556
0.36284308800079085
0.39871939158202807
0.31375038834436747
0.3602042292176888
0.23704304513120594
0.3516453042478357
0.1664722893750974
0.37018964168251756
0.10664056166883143
0.4058518290569056
0.5991017050973282
0.4043543399219087
0.6650700202606471
0.3686921525475206
0.7494480977951248
0.3715451275374716
0.8292237347368127
0.39151595246712895
0.884453021850289
0.4371635523063458
0.884453021850289
0.44008752893631825
0.8292237347368127
0.3944399290971014
0.7494480977951248
0.37446910416744406
0.6650700202606471
0.37161612917749304
0.5991017050973282
0.4072783165518812
0.23734987450405862
0.37586009084240896
0.7454593159480404
0.39611621327106145
0.46716507477069047
0.5470740910594827
0.3475016193581585
0.645501728212794
0.40119675960737156
0.6241044157881611
0.4825065434133227
0.6298103657680632
0.5638163272192739
0.6326633407580143
0.6098407331471708
0.6554871406776227
0.5837602364546959
0.7168261029615702
0.5377358305267991
0.7810180402354691
0.47636995595626985
0.8181067151048327
0.41040164079295094
0.7753120902555668
0.370513822322107
0.7168261029615702