0.04153053816531275
0.3804550907136688
0.07543782375456877
0.46920813426630326
0.09050772846090477
0.5652063242313976
0.11122884743211679
0.6593932275933772
0.16962472816916888
0.7227882587024017
0.2393230374359729
0.7861832898114263
0.310905084791069
0.8477670343173359
0.38060339405787313
0.9165959252357054
0.4653716080310132
0.9419539376793155
0.5426048696509852
0.8984830592045556
0.6236056074475412
0.8550121807297959
0.6989551309792214
0.8097300156519212
0.7686534402460254
0.7553914175584715
0.8251655828947856
0.6919963864494469
0.8684915589255017
0.6122997759123874
0.8986313683381736
0.5235467323597528
0.9193524873093856
0.43660497541023346
0.0019720383111806964
0.11962981986511027
0.08485651419602877
0.09064923421527048
0.18469463287550486
0.09246052081838547
0.27888153729010495
0.10513952704019038
0.350463584645201
0.12687496627757025
0.5991170122997453
0.15223297872118005
0.6933039167143453
0.13230882608691527
0.7950257734821136
0.15042169211806516
0.8835614636318375
0.19026999738659484
0.9513760348103496
0.22649572944889462
0.06601913331310875
0.3061923399859542
0.12253127596186877
0.2536650284956195
0.22990434699451295
0.22649572944889462
0.32220751332082104
0.26453274811430944
0.35234732273349306
0.3605309380794039
0.350463584645201
0.45290655483826836
0.299602656261317
0.516301585947293
0.18846210905208888
0.5253580189628678
0.10934510934382478
0.48188714048810816
0.05471670478335673
0.3931340969354737
0.6047682265646214
0.342418072048254
0.6537454168602133
0.2826456141454593
0.7611184878928574
0.28083432754234433
0.8477704399542895
0.340606785445139
0.8986313683381736
0.44022754861646335
0.9118175349562175
0.5344144519784428
0.8402354876011214
0.5923756232781224
0.7253274642153094
0.5778853304532026
0.6198381312709572
0.5543386046127076
0.6085357027412054
0.45109526823515333
0.24120677552426492
0.4058131031572786
0.7366298927450614
0.46377427445695824
0.4050919892056691
0.5778853304532026
0.3429286322920331
0.6638506907182303
0.39002208449933307
0.6873974165587253
0.44841796523638516
0.6982651361774151
0.5105813221500212
0.6982651361774151
0.5689772028870733
0.6928312763680701
0.5689772028870733
0.6992415328619067
0.5105813221500212
0.7046753926712518
0.44841796523638516
0.7046753926712518
0.39002208449933307
0.693807673052562
0.3429286322920331
0.670260947212067