0.07499791043838841
0.35358898698234104
0.06579889015293587
0.4402524647794949
0.060845571537692225
0.5307506097358148
0.07641314432845799
0.6166471541011354
0.10542543907488512
0.7002428981709563
0.1521281574471825
0.7754023744906118
0.1983829348175771
0.8484894898022388
0.25429765727248355
0.9264312236977871
0.3361085631562326
0.9556317309714185
0.4339025233397588
0.9459166571716742
0.5250422874805265
0.9218866599707568
0.6177401072800863
0.8950439898565942
0.7083150762445418
0.8651335860150985
0.7932291096487187
0.8298546481507705
0.8659708332185816
0.7810399123926296
0.9099859055794621
0.7010098316027896
0.951735305336516
0.622015688123968
0.12594795345553916
0.11837831479812055
0.19937132637612343
0.10005712725988251
0.27914864503021974
0.10692757258672181
0.35257201795080395
0.13517273670817206
0.4182294571970957
0.17105172897055484
0.6568554191889945
0.23975618223894743
0.7436926775469932
0.23364911972620145
0.8269999660530406
0.25960413540537197
0.9025413208847957
0.30082680736640754
0.9618448143975751
0.3588439012374946
0.1054741283142224
0.38159378866974675
0.16971957961973363
0.3510584761060168
0.24879090430343972
0.348768327663737
0.313036355608951
0.3808304058556536
0.35821996971392583
0.4281601403294351
0.35821996971392583
0.43136526857635343
0.313036355608951
0.3840355341025719
0.24879090430343972
0.3519734559106553
0.16971957961973363
0.35426360435293514
0.1054741283142224
0.38479891691666507
0.5876680100907516
0.5121322498796927
0.6709752985967992
0.4991547420401074
0.7571065629844076
0.512895632693786
0.8248819841418699
0.5602253671675675
0.8615936706021621
0.625876289179587
0.8615936706021621
0.6290814174265054
0.8248819841418699
0.5634304954144859
0.7571065629844076
0.5161007609407043
0.6709752985967992
0.5023598702870258
0.5876680100907516
0.5153373781266111
0.2390481875120545
0.3796847918483771
0.7404451052831981
0.5436594203156073
0.3723398491217305
0.5924390423500294
0.27666873977330875
0.6480914248062974
0.334693329266163
0.6289180890104669
0.4153616610001312
0.6519260919654635
0.4903690571738209
0.6833703626706255
0.5314108399858398
0.7316871688761183
0.4783395691082291
0.7846055756726105
0.41606927794516596
0.8290877147189372
0.3361085631562326
0.8444263833556016
0.2872829939488309
0.7823047753771109
0.2724230381030999
0.7132807665121211