0.07076281750940656
0.43049467400037095
0.1094677485422813
0.5177170529398268
0.11914398130049998
0.6212936279304309
0.1546235014139685
0.7139674055536028
0.22074442526179613
0.7807470394291238
0.2949288764081393
0.8420752746209288
0.3787895603127012
0.9074920588255209
0.4594248332978569
0.9715459933591837
0.5610252772591531
0.9906258887521897
0.6594003103010431
0.9470146992824617
0.7658388706414485
0.9020406601418047
0.8642139036833385
0.8475266733046448
0.9383983548296816
0.7780213400872659
0.9900049295401813
0.6798961637803779
1.015808216895431
0.576319588789774
1.030322566032759
0.46865446478638295
1.0238717441939467
0.365077889795779
-0.04373927012951449
0.18654458290408005
0.022381653718313157
0.14565909277621006
0.10301692670346885
0.11703924968670108
0.1917157269871401
0.10204790330648206
0.2707382945125927
0.10477360264834007
0.5303838735247939
0.06525096219139909
0.6384351393249025
0.03254257008910309
0.7610007542623392
0.05025961581118011
0.8771155473609634
0.07751660922976007
0.9819414022416658
0.11431355034484308
0.053023057452672336
0.347360844073702
0.09011528302584394
0.26422701414703303
0.19977925428565563
0.232881471715666
0.30299240370665487
0.26286416447610406
0.3449227456589359
0.33918374604812795
0.3562116838768577
0.43594607268408697
0.33524651290071716
0.523168451623543
0.22396983618120234
0.5436111966874779
0.12075668676020308
0.51362850392704
0.06915011204970344
0.4318575236712999
0.5610252772591531
0.27240411217260696
0.615857262889059
0.20426162862615702
0.7577753433429328
0.17427893586571902
0.8932426019579945
0.20426162862615702
0.9835541077013689
0.290121157894684
0.9900049295401813
0.400511981239933
0.9206585947729474
0.509539954914253
0.7851913361578859
0.535434098661904
0.6352097284054963
0.5149913535979689
0.5771523318561843
0.41959187663293895
0.24654771261704594
0.4046005302527199
0.7771278088593703
0.358263641441134
0.36266250571567016
0.5831338371444188
0.4126563749664666
0.7139674055536028
0.432008840482904
0.7085160068698869
0.4578121278381538
0.7112417062117449
0.47877729881429426
0.7180559545663898
0.501355175250138
0.7262330525919638
0.5126441134680596
0.7425872486431119
0.4900662370322161
0.7494014969977568
0.4610375387575601
0.7494014969977568
0.43523425140231026
0.7453129479849698
0.4191071968052791
0.7344101506175379