0.0913567713628344
0.32692966308901145
0.12195053525478733
0.4235270593950636
0.14190298996693052
0.5308574997351215
0.15387446279421643
0.6408712010836808
0.20974133598821743
0.7253939228514764
0.28290033659940916
0.8045501226022691
0.3467481916782674
0.8823646918488111
0.41724686499450675
0.9561543695826008
0.5116884839653179
0.9870118711803675
0.6047999392886528
0.9400548035315922
0.692590740022083
0.8823646918488111
0.7763910498130844
0.8219913191575284
0.854870705014181
0.7629595769704968
0.9240392146829441
0.6958780517579605
0.9825664151718975
0.6019639164604098
1.0038490335315169
0.4906085846075998
1.0078395244739455
0.3738867307377868
0.028839079931452363
0.11226878240889566
0.10997906242750138
0.09885247736638841
0.19776986316093148
0.09885247736638841
0.2762495183620281
0.12166019593865071
0.3347767188509815
0.16325074157042316
0.5236599567926038
0.13507650098115798
0.6234222303533198
0.10690226039189277
0.7298353221514169
0.09348595534938552
0.8415690685394188
0.09482758585363626
0.9320201965678014
0.12970997896415506
0.09401709865778685
0.25582324636372306
0.15653479008916887
0.2048412872021956
0.2390049362326941
0.19544987367244052
0.3201449187287431
0.22899063627870864
0.37069113733283926
0.2826558564487376
0.36271015544798196
0.36047042569527954
0.31349410049136206
0.4235270593950636
0.2270334634054082
0.4329184729248186
0.14722364455683537
0.402060971327052
0.0993377532476917
0.33363781561026506
0.5835173209290334
0.25716487686797385
0.66199697613013
0.21825759224470284
0.7577687587484174
0.2061829177064463
0.8482198867767999
0.2517983548509709
0.9200487237405155
0.3175382495592564
0.9280297056253728
0.3980360798142998
0.8508802140717524
0.4530429304885795
0.7497877768635601
0.4530429304885795
0.6473651760078917
0.4356017339333201
0.5954887937563194
0.3577871646867781
0.26427804553474216
0.31887988006350715
0.748457613216084
0.3135133580465042
0.3560593372106009
0.5509819572988822
0.3587196645055533
0.6695735302756829
0.41724686499450675
0.6803065743096888
0.48109472007336496
0.6856730963266916
0.5462727387996994
0.6856730963266916
0.6021396119937005
0.6749400522926859
0.6021396119937005
0.6770952246984504
0.5462727387996994
0.6878282687324561
0.48109472007336496
0.6878282687324561
0.41724686499450675
0.6824617467154532
0.3587196645055533
0.6717287026814474