0.09613846421292502
0.4091757836870037
0.1336187529552064
0.48423711313294177
0.16016729081432238
0.5788143882348237
0.18983918606862848
0.6718904367477869
0.24918297657724067
0.7529566725494
0.31945851796901825
0.8130057361061503
0.38192566587282056
0.8790597060185759
0.4553245646597883
0.9376075429864075
0.5459019291203017
0.9631283949980265
0.6317942574880299
0.915089144152626
0.7114398710653776
0.8565413071847944
0.7848387698523455
0.7904873372723691
0.8582376686393132
0.7229321407710247
0.9175814591479254
0.6433671315583305
0.9535000691926117
0.5472886298675297
0.9628701413781819
0.44220276864321645
0.9675551774709673
0.3341144542410656
-0.01474072331632408
0.16147339651540818
0.06021985416823866
0.14045622427054552
0.14611218253596686
0.14345867744838303
0.22575779611331478
0.1569697167486519
0.28197822922673693
0.17648566240459582
0.4912431747044746
0.12094027861460165
0.5740121456770128
0.08340961389163264
0.6739595823230964
0.06689612141352624
0.7801537337595603
0.06989857459136378
0.8660460621272885
0.08791329365838889
0.07271328374899917
0.34462304036349695
0.11175525118887561
0.2665592577397214
0.203894294346984
0.23653472596134623
0.28822494401711707
0.2575518982062089
0.33507530494496884
0.32961077447430936
0.34444537713053913
0.40467210392024744
0.32414355406180345
0.482735886544023
0.23668954699648023
0.5052542853778044
0.1523588973263471
0.47973343336618546
0.10550853639849535
0.41668191663159754
0.5302851421443511
0.25605067161729006
0.5849438965601781
0.1945003814716209
0.6926997266942372
0.1674783028710832
0.8082639503162713
0.18399179534918958
0.8832245278008342
0.25454944502837135
0.8847862064984291
0.350627946719172
0.828565773385007
0.4392003154653789
0.7286183367389234
0.4647211674769979
0.611492434419294
0.4572150345324041
0.558395358701062
0.3686426657861972
0.24918297657724067
0.3836549316753848
0.717686585855758
0.33561568082998444
0.3600621641064898
0.589322974357255
0.40066581024396125
0.7064186482929183
0.42409099070788714
0.6944088355815682
0.4584479220549784
0.7004137419372433
0.4896814960068796
0.7019149685261621
0.5240384273539708
0.7079198748818372
0.528723463446756
0.727435820537781
0.49592821079725974
0.7259345939488623
0.46157127945016857
0.7214309141821059
0.4287760268006723
0.7229321407710247
0.40535084633674645
0.7139247812375122