0.039736313666624
0.2756517824878605
0.045883174756780755
0.3802947808008442
0.053566751119476674
0.48493777911382785
0.06586047329979011
0.5879952774523725
0.10581507038580895
0.6704412761232081
0.15498995910706284
0.7433742749474088
0.2133851394635518
0.821063773694927
0.2779271809101976
0.897167772468006
0.3516895139920784
0.9558312715222546
0.44696586088950785
0.9447327717011804
0.5253383397890062
0.8987532724424452
0.6021741034159654
0.8448462733115142
0.6774731517703854
0.7909392741805833
0.7450886237621095
0.7275192752030173
0.7958002277559026
0.6466587765066208
0.8357548248419214
0.5594562779124679
0.874172706655401
0.47066827934387556
0.048956605301859114
0.07429328573408889
0.13962280638167102
0.064780285887454
0.23182572273402202
0.07904978565740634
0.32249192381383385
0.11075978514618925
0.39625425689571475
0.1662522842515594
0.5821968048729561
0.1630812843026811
0.6774731517703854
0.1535682844560462
0.774286213940354
0.15832478437936365
0.8634156997476268
0.18210728399595086
0.9387147481020469
0.2249157833058078
0.07047061911740768
0.22333028333136867
0.14884309801690607
0.17259428414931596
0.2425827296417963
0.16466678427712028
0.3301755001765298
0.20588978361253807
0.3685933819900094
0.28040828241117793
0.3501527987195392
0.37712378085196596
0.2856107572728935
0.44212927980397093
0.1964812714656208
0.4199322801618229
0.10427835511326973
0.3834657807497225
0.05971361220963339
0.30419078202776517
0.5637562216024858
0.2994342821044477
0.6359818394118275
0.24394178299907757
0.7312581863092569
0.24869828292239501
0.8219243873890689
0.2946777821811303
0.8803195677455579
0.37236728092864846
0.8465118317496958
0.4611552794972407
0.78196979030305
0.5309172783725632
0.6836200128605422
0.5150622786281717
0.5883436659631127
0.4833522791393887
0.5545359299672508
0.3977352805196748
0.2379725838241788
0.31053278192552175
0.7143543183113259
0.4009062804685531
0.4039378332584107
0.6038502771967639
0.35419771593116545
0.6924686641401833
0.37689870981929596
0.6874393107328927
0.40254242513736943
0.6915542362479487
0.42608419657691227
0.7016129430625301
0.4447914970958347
0.7164723963113434
0.44584246903509994
0.7347609541560368
0.422090503207704
0.7322462774523915
0.3968671766653367
0.7283599589103941
0.3733254052257939
0.7215017497186341
0.3523059664404879
0.7075567243620554