0.05710195196490147
0.33305348713843147
0.07970023970886066
0.42277804821535153
0.09523656253283262
0.5330951315066466
0.11642245729279435
0.6389995314662897
0.17574296262068725
0.7154860425482542
0.23930064690057248
0.7978561314057546
0.30427072416445516
0.8758135369316031
0.36782840844434045
0.9478873646819158
0.4568091664361798
0.9523000480135676
0.5486147103960141
0.9037605313653978
0.6474822192758356
0.8419829647222726
0.7392877632356697
0.7728509258597277
0.8268561282435116
0.7007770981094149
0.8960633844593867
0.6228196925835664
0.9384351739793102
0.5316242370627626
0.9652706406752618
0.42719073154700327
0.9779821775312388
0.3183445426995922
0.0020186255890009127
0.08300143167816279
0.0782878467248632
0.07711785390262704
0.1573818538287204
0.0918267983414664
0.23082628899658778
0.11094842611195752
0.30144593819646026
0.13154094832633262
0.4652835243401645
0.12565737055079687
0.5627386402359885
0.0962394816731182
0.664430935083805
0.08447232612204672
0.7689480158996161
0.09329769278535033
0.8494544159874708
0.13742452610186837
0.05851434494889892
0.2683341316075384
0.1263092081807765
0.2197946149593686
0.20540321528463368
0.2006729871888775
0.2859096153724884
0.2227364038471365
0.3212194399724246
0.27421770938307416
0.3240442259404195
0.36394227045999417
0.28167243642049605
0.42719073154700327
0.19834125036464648
0.4316034148786551
0.1206596362447867
0.4007146315570924
0.06698870285288364
0.33452438158231546
0.4991809559561033
0.2462707149492794
0.5867493209639452
0.20214388163276142
0.6969159737157463
0.18890583163780603
0.8042578404995524
0.23009087606655618
0.8734650967154275
0.3080482815924046
0.8819394546194121
0.40512731488874426
0.7929586966275728
0.4580795148685659
0.6856168298437667
0.478672037082941
0.5782749630599605
0.44337057042972655
0.5217792437000625
0.3477624315772708
0.20964039423662603
0.2903975482657975
0.6969159737157463
0.2977520204852171
0.30427072416445516
0.5507458648332537
0.3085079031164476
0.7037188869971829
0.36076644352435316
0.7022479925532988
0.41726216288425116
0.7110733592166025
0.4709330962761543
0.7257823036554418
0.5231916366840599
0.7449039314259329
0.5231916366840599
0.7449039314259329
0.4709330962761543
0.7257823036554418
0.41726216288425116
0.7110733592166025
0.36076644352435316
0.7022479925532988
0.3085079031164476
0.7037188869971829