0.10011279490307615
0.4284912848657009
0.15768785909009445
0.5100362952310329
0.19511165081165632
0.6078903076694312
0.23541419574256914
0.7019807042448142
0.31457990899971927
0.7722348670211002
0.40526063509427307
0.8437435684183914
0.49018385477012505
0.9152522698156824
0.5707889446319507
0.9742155850029224
0.6715453069592326
0.969197430518902
0.7636654096584619
0.922779501541713
0.8572248889623667
0.875107033943519
0.9335118490101658
0.8136346415142687
0.9795719003597805
0.7233078608019011
1.0083594324532896
0.6191811552584772
1.0299500815234215
0.511290833852038
1.0457832241748515
0.40214597382459366
1.041465094360825
0.29425565241815455
-0.02511296970368862
0.2365468758519196
0.031022717878654207
0.21772879653684304
0.09003715867034795
0.19891071722176643
0.156248482485419
0.19389256273774597
0.22245980630049
0.20141979446377664
0.4484419332345368
0.12363839996146003
0.5405620359337661
0.06718416201623022
0.6557121643078027
0.04460246683813828
0.7881348119379448
0.04083885097512297
0.9162393297540603
0.0458570054591434
0.11162780774047983
0.417200437276655
0.12314282057788346
0.35196442898438945
0.19079352099762997
0.31432827035423627
0.26995923425478013
0.3206009634592618
0.307383025976342
0.358237122089415
0.33329180486050025
0.43476397797072647
0.3304130516511493
0.5012545248839971
0.26276235123140285
0.5301089131671146
0.19079352099762997
0.5125453724730431
0.13609721001996258
0.4686365207378643
0.524728893282336
0.2628921868930269
0.5679101914225998
0.19765617860076132
0.6715453069592326
0.16002001997060813
0.7866954353332692
0.17005632893864894
0.8946486806839286
0.21772879653684304
0.9363906022195168
0.3005283455231801
0.8730580316137968
0.39085512623554775
0.7679835394724883
0.43601851659173163
0.6571515409124781
0.43350943934972136
0.5794252042600033
0.358237122089415
0.2526867149986746
0.41343682141363963
0.7391960073789792
0.2930011137971494
0.3102617791856929
0.581544996628324
0.42685128416440493
0.7068872771687933
0.4757900887233705
0.6968509682007525
0.5290470230963624
0.6943418909587423
0.5808645808646788
0.7006145840637678
0.6154096193768899
0.703123661305778
0.6154096193768899
0.7044897814868244
0.5808645808646788
0.7019807042448142
0.5290470230963624
0.6957080111397888
0.4757900887233705
0.698217088381799
0.42685128416440493
0.7082533973498397