0.0732393362559378
0.3749270742629586
0.10352132725529373
0.4735957057591502
0.12659332039766014
0.5764334343608147
0.15110731311142442
0.6751020658570063
0.2145552942529321
0.751535512790676
0.28953927196562285
0.8140719693727692
0.3616392505355179
0.882167222095493
0.44094922696240246
0.9516521738533744
0.5332371995318681
0.9655491642049507
0.6226411729585379
0.915519998939276
0.7033931489568204
0.8529835423571829
0.7870291240978985
0.79600588191572
0.8634551013819872
0.7320797262984692
0.9297870816662906
0.6570359783999571
0.9730470688082278
0.5611467449740808
1.0076550585217774
0.4610884144427316
1.0249590533785522
0.35686098680590944
-0.01616463717073202
0.12478124793458556
0.08044933411292729
0.09976666530174826
0.18571530282497406
0.09420786916111772
0.2909812715370208
0.10532546144237877
0.37894324539229274
0.13728853925100423
0.5505411943886428
0.11922245179395506
0.6370611686725169
0.07892117977438384
0.7351171395275742
0.06641388845796517
0.8360571095254272
0.07058298556343805
0.9182510850951074
0.08170057784469908
0.0732393362559378
0.30822152057539254
0.14678131439723074
0.24151596688782634
0.23618528782390058
0.21511168521983143
0.3342412586789578
0.24151596688782634
0.389037242392078
0.30822152057539254
0.3919212415348738
0.40133135593095354
0.34866125439293677
0.47776480286462314
0.24483728525228798
0.4847132980404113
0.15254931268282232
0.4430223269856824
0.07612333539873359
0.3832652684739044
0.5793811858166009
0.2790378408370823
0.650039164815098
0.216501384254989
0.750979134812951
0.20260439390341276
0.8548031039535999
0.23734686978235342
0.9283450820948929
0.3040524234699196
0.925461082952097
0.3916034626848502
0.853361104382202
0.4610884144427316
0.750979134812951
0.4861029970755689
0.6442711665295063
0.459698715407574
0.5981271802447736
0.3763167732981163
0.2751192762516439
0.32489790899728405
0.7769351270981132
0.32489790899728405
0.4077832368202507
0.5486394536576622
0.4077832368202507
0.6903887552437403
0.4380652278196066
0.6681535706812183
0.4827672145329415
0.6751020658570063
0.5245852021034807
0.687609357173425
0.563519190531224
0.7112342407711046
0.5692871888168156
0.747366415685203
0.5317951999604701
0.7668222021774098
0.4842092141043395
0.7654325031422522
0.4366232282482087
0.7543149108609911
0.40345723810605705
0.7279106291929963