0.09870384457636364
0.39300486808230456
0.12339000099430558
0.46579067274150043
0.13881884875551928
0.5633236509848228
0.14807615741224747
0.663768061414513
0.20053423980037413
0.7380095821668929
0.2776784786064426
0.8035168063601691
0.3486511783080257
0.8748468949261811
0.4211667627857302
0.9316198225603538
0.49831100159179875
0.9767470214490552
0.5939698577113237
0.9418098352126412
0.6927144833830915
0.8966826363239397
0.782201800398131
0.8457325730625028
0.8408314218907431
0.7787696327760426
0.8840321956221415
0.6957938154645593
0.9210614302490543
0.6040837015939725
0.9503762409953603
0.5065507233506501
0.9704337430849383
0.4133848933868794
-0.015469628856617828
0.17901460238426886
0.033902683979266046
0.1484445644274066
0.09098942069575679
0.11787452647054435
0.15733346606897572
0.09895021725915346
0.22676328099443743
0.10186164944552126
0.5106540798007697
0.06110159883637162
0.620198898905387
0.04217728962498068
0.7359152571144899
0.05673445055681984
0.8516316153235926
0.07129161148865903
0.9472904714431176
0.11496309428417652
0.07684631024797758
0.3315498690402534
0.12335594172772456
0.25227921873857384
0.2133745833014284
0.22255272487544395
0.3003926034893421
0.23670819814360103
0.3333994387330335
0.32588767973299054
0.3288985066543484
0.41223606666874874
0.30639384626092236
0.5000000009313226
0.21637520468721855
0.5254798528140053
0.13835904865667517
0.478766791029087
0.09635034925561341
0.40232723538103876
0.5430546600993185
0.26926900016167166
0.6001413968158092
0.21540750471386677
0.7312866027861257
0.1950274794092919
0.8516316153235926
0.23433181392525765
0.9118041215923262
0.32458621170266055
0.907175467263962
0.42211918994598296
0.8547173848758355
0.5167407360029375
0.7297437180100044
0.5516779222393515
0.6140273598009015
0.5109178716302019
0.561569277412775
0.4133848933868794
0.2433807971593297
0.37260074151790895
0.7399836365075959
0.3683540995374618
0.3499028563548792
0.6132437870765792
0.3946971274431218
0.710310762714047
0.41266027976150016
0.6976583579581498
0.43747642660596503
0.7023444337936673
0.46094274119529166
0.7102170411973366
0.48305922352948005
0.7202452434853441
0.48638188754212813
0.7388958253107036
0.46301940620319676
0.7360841798093931
0.43747642660596503
0.7326164836911102
0.41328327926387165
0.7297111166730894
0.39417796119114556
0.7194954713516613