0.057659331137244675
0.3813983098985405
0.0657497503753502
0.4936625139246547
0.07384016961345574
0.6059267179507689
0.08193058885156128
0.71638020900872
0.14827202660402664
0.7797551628944297
0.22917621898508198
0.8214015611621818
0.305226159823274
0.8721015242707496
0.38451226835670826
0.9246122003474804
0.4670345445853847
0.9698800245515589
0.5641195754426511
0.960826459710743
0.6498780193665699
0.9173693484748279
0.730782211747625
0.8721015242707496
0.8068321525858172
0.8232122741303449
0.8780278418811459
0.7580266072764722
0.9039171834430836
0.6566266810593367
0.9281884411574001
0.549794615937712
0.9346607765478846
0.4429625508160871
0.001026396470505937
0.17859845746426964
0.08193058885156128
0.10798065170590744
0.19681454203265986
0.09349494796060237
0.3036080759756529
0.12246635545121252
0.38613035220432934
0.18040917043243276
0.5883908331569677
0.16592346668712768
0.6660588578427808
0.12246635545121252
0.7647619725476683
0.11341279061039682
0.865083171100177
0.11703421654672307
0.941133111938369
0.15324847590998572
0.07384016961345574
0.3125912171083414
0.14827202660402664
0.238351985413653
0.24697514130891415
0.21119129089120606
0.34244208831855943
0.2455948372863055
0.39422077144243484
0.32164478194915713
0.3764218491186027
0.43209827300710824
0.3262612498423484
0.5262553473515912
0.2275581351374609
0.5262553473515912
0.13047310428019449
0.4936625139246547
0.07222208576583461
0.4103697173891507
0.6061897554807998
0.3397519116307885
0.6579684386046754
0.2546484021271212
0.759907721004805
0.24378412431814236
0.8553746680144503
0.29810551336303637
0.910389518833568
0.37958759693037736
0.9039171834430836
0.47374467127486036
0.8440480810811026
0.5570374678103645
0.743726882528594
0.5733338845238325
0.6417876001284641
0.5425517640650594
0.5997174200903155
0.45563754159322895
0.26639214748036744
0.4049375784846612
0.7501992179190784
0.43209827300710824
0.48941803781081006
0.5287299884080808
0.3521505914042861
0.7344873386903514
0.3909846037471927
0.6656802459001524
0.48645155075683805
0.6693016718364786
0.5932450846998311
0.6729230977728049
0.622370593957011
0.7507837554038196
0.607807839328421
0.8539943945891182
0.5511749046616823
0.9427193300291118
0.4702707122806269
0.9735014504878851
0.38613035220432934
0.9300443392519697
0.3602410106423916
0.8322658389711607