0.0784062226888853
0.4674580553258722
0.09799534871261446
0.5369794606981557
0.10387208651973316
0.6198134756098125
0.10191317391736027
0.699689132846053
0.1587216393861747
0.7618146440297957
0.22140684266210783
0.8165442610249977
0.28800987114278687
0.8638779838316586
0.35461289962346587
0.9171284219891523
0.4290515785136365
0.960024608282689
0.526997208632282
0.9437536410678992
0.6131893631366901
0.914170064313736
0.7013404302434711
0.8816281298841565
0.7855736721455063
0.8446486589414527
0.8462999628190667
0.7899190419462507
0.8952727778783894
0.7218768154116755
0.9422866803353392
0.6508762312016838
0.9834238449851704
0.5902298988556494
0.043145795846172924
0.30031084666485025
0.1430503385671914
0.2574146603713137
0.2762563955285494
0.25149794502048106
0.39966788947804277
0.2707272699106871
0.48390113138007806
0.3180609927173482
0.6935047798339796
0.34024867528297054
0.7699023713265232
0.3195401715550564
0.8639301762404228
0.3210193503927645
0.9462045055400851
0.3387694964452624
1.0167253592255099
0.3698322520371337
0.10778991172447902
0.4112492594929622
0.18614641581939548
0.3594780001731766
0.2978044341546514
0.34024867528297054
0.39770897687566986
0.3698322520371337
0.440805054127874
0.4393536574094172
0.41925701550177186
0.5162709569702414
0.35461289962346587
0.5798756469916921
0.2429548812882099
0.5828340046671086
0.15088598897668304
0.5443753548866964
0.09211861090549571
0.48077066486524567
0.640614139569911
0.4630205188127477
0.6974226050387254
0.4053325441421296
0.8129984485787272
0.41272843833067036
0.9129029912997456
0.4437911939225416
0.9559990685519498
0.5221876723210741
0.9364099425282205
0.5843131835048168
0.8737247392522874
0.6508762312016838
0.7640256335194043
0.6464386946885594
0.6562854403888942
0.6124175814212718
0.6269017513533005
0.5458545337244046
0.28800987114278687
0.4852082013783701
0.7992860603621168
0.5414169972112801
0.5250382960299091
0.6582721253902246
0.36048963743058454
0.7263143519248
0.4035857146827887
0.6967307751706368
0.49369569439194255
0.7070850270345939
0.5779289362939778
0.7218768154116755
0.6308195765580463
0.7558979286789631
0.5936002371129611
0.8165442610249977
0.5426685094512654
0.8712738780201995
0.4584352675492301
0.8890240240726973
0.3937911516709241
0.8476070166168689
0.37028420044244914
0.7899190419462507