0.1344766203739637
0.5491044715120895
0.16030772912642915
0.6221528381281933
0.16953312510945254
0.7036298624307707
0.20643470904154593
0.7654400187982431
0.28761819369215147
0.8132024123549264
0.3595762823597337
0.8637743584737676
0.4259991334375019
0.9143463045926087
0.49242198451527014
0.9592991455871341
0.5865210235421083
0.9775612372411601
0.6640143497995046
0.9368227250898713
0.7507330720399241
0.9045128706250563
0.8392968734769484
0.8722030161602412
0.9167901997343445
0.8314645040089524
0.9795228924189034
0.7794877816090323
1.0182695555476016
0.7064394149929285
1.033030189120439
0.6263671669714301
1.0367203475136482
0.5505092477931685
0.10311027403168432
0.31169728000975205
0.1898289962721039
0.30326862232327856
0.27654771851252347
0.30888772744759424
0.363266440752943
0.31450683257191
0.43706960861712996
0.30045906976112075
0.6344930826538299
0.296244740917884
0.7027610129282027
0.3257450428205413
0.7820994183822035
0.33838802935025153
0.8651279822294138
0.3355784767880937
0.9407762292902053
0.331364147944857
0.15846264992982448
0.5546922200229883
0.21750518422117399
0.5195728129960153
0.2986886688717796
0.5083346027473838
0.37433691593257107
0.5265966944014099
0.4223089750442925
0.5532874437419094
0.4223089750442925
0.5561283529174842
0.37433691593257107
0.5294376035769847
0.2986886688717796
0.5111755119229586
0.21750518422117399
0.5224137221715901
0.15846264992982448
0.5575331291985631
0.6400283202436439
0.5631208777094618
0.700915933731598
0.5364301283689623
0.7784092599889942
0.5280014706824888
0.8522124278531811
0.5420492334932779
0.9075648037513214
0.558906548866225
0.9075648037513214
0.5617474580417998
0.8522124278531811
0.5448901426688527
0.7784092599889942
0.5308423798580636
0.700915933731598
0.5392710375445371
0.6400283202436439
0.5659617868850366
0.2942604787999284
0.5339172093697288
0.7758261491137478
0.5471221064118706
0.5395330066685761
0.620971739022822
0.4112384998646646
0.7261062829280334
0.45736547977978137
0.7078441912740076
0.5514645188066196
0.7120585201172441
0.6437184786368532
0.7204871778037177
0.700915933731598
0.7457731508631382
0.673239745782528
0.804773754668453
0.6215775282775972
0.8651791347548465
0.5403940436269916
0.8890603315331881
0.4629007173695953
0.8539409245062152
0.4223089750442925
0.7935355444198215