0.03438400422306422
0.48053852556787097
0.027625949558602158
0.5546775236820947
0.02537326467044812
0.6343769466548853
0.0388893739993723
0.7085159447691092
0.0952064962032231
0.7567062935433546
0.15828167307153596
0.8067501172704556
0.21910416505169478
0.8586474159504123
0.2844320268081617
0.9049842897718021
0.3542652583409367
0.951321163593192
0.44887802364340595
0.9661489632160367
0.5457434738340294
0.9476142136874808
0.6403562391364988
0.9216655643475026
0.7169475253337358
0.8901564901489574
0.7912861266428188
0.8419661413747119
0.8385925092940535
0.7826549428833328
0.8746354675045178
0.717783319533387
0.9129311106031365
0.6584721210420081
0.06141622288091263
0.30445840504658955
0.16954509751230615
0.29333755532945593
0.2799266570318536
0.33782095419799024
0.3858028467750931
0.3878647779250913
0.5029424609591028
0.3841578280193801
0.6799796236592611
0.4261044620517765
0.7456953649328936
0.45133708905897396
0.837697402715979
0.4495347585584598
0.9318899652081856
0.44232543655640344
1.0195109535730291
0.4531394195594881
0.09730005103305281
0.4188951400497201
0.1827305146887751
0.3846508605399521
0.2900662254357082
0.3792438690384098
0.3820682632187937
0.40808115704663545
0.41711665856473107
0.4837790380682278
0.38863983734615687
0.5594769190898203
0.3163525219451611
0.6117445036047293
0.2155883853255913
0.6009305206016446
0.12796739696074794
0.5594769190898203
0.07977585336008414
0.48738369906925605
0.6449312283133237
0.539651283584165
0.6953132966231087
0.4909883600702843
0.8004584826609206
0.4909883600702843
0.8924605204440061
0.5288373005810805
0.9187468169534593
0.5955235291001023
0.8836984216075218
0.6676167491206666
0.8157921556247681
0.7162796726345473
0.7194090684234407
0.728895986138146
0.6383596541859604
0.6982563676294063
0.6295975553494761
0.6171514951062717
0.27542128725554565
0.5213149745306941
0.7417270591034301
0.6102817722677626
0.47478389985717717
0.6416054989710221
0.2551471232621593
0.7474389187790766
0.34074914901201253
0.7696806182133438
0.43536191431448185
0.7826549428833328
0.5299746796169511
0.7993362174590333
0.6245874449194204
0.814164017081878
0.5750283773800318
0.8623543658561235
0.49618440629464067
0.9049842897718021
0.39931895610401735
0.8994238649132353
0.31146424546601004
0.8679147907146902
0.2596524930384674
0.8067501172704556