0.08162805698190098
0.3777858924537498
0.12208116976683034
0.47009654507600174
0.1473643652574112
0.5728083979937187
0.16632676187534678
0.678120550985302
0.22068563218009563
0.7535292531274234
0.290214419779193
0.8263376551956785
0.3559507280547032
0.8952456071531343
0.4216870363302134
0.9628534090736567
0.5025932619000721
0.9706543092952555
0.589820286342576
0.9342501082611281
0.6732548314614928
0.8861445568946023
0.7516327374822934
0.8354387054542103
0.826218164179507
0.7821325539399522
0.8906903126804881
0.708024001834764
0.9387283841125917
0.617013499249445
0.972860698024876
0.513001496294795
0.976653177348463
0.40638919326627854
0.009570949833745554
0.19316458720924584
0.07277893856019768
0.17236218661831582
0.1473643652574112
0.16586143643365014
0.22447811150368274
0.1632611363597839
0.2864219404556058
0.14505903584272012
0.48742334460572356
0.09305303436539508
0.5645370908519952
0.11775588506712448
0.649235795745441
0.1190560351040576
0.7339345006388869
0.12165633517792385
0.8123124066596874
0.13725813562112138
0.0942696547271914
0.3439819914934885
0.1473643652574112
0.26857328935136715
0.2232139517291537
0.23606953842803902
0.3028560175244834
0.2698734393883003
0.34078081076035466
0.35048274167815413
0.3445732900839418
0.43109204396800793
0.3117051359461867
0.503900446036263
0.23206307015085703
0.5273031467010594
0.16885508142440492
0.49349924574079806
0.12334532954135938
0.4089894933401448
0.5278764573906529
0.28807553990536405
0.5797070081463437
0.215267137837109
0.6934813878539575
0.20616608757857707
0.7933500100417519
0.24777088876043712
0.8780487149351976
0.32057929082869224
0.8704637562880235
0.41679039356174363
0.800934968688926
0.50260029599933
0.6998021867266027
0.5260029966641262
0.5847636472444598
0.5091010461839955
0.5430463746850015
0.41158979341401114
0.24344050812161838
0.36478439208441854
0.7111796246973641
0.34528214153042164
0.3458374498584708
0.5624071976982538
0.3420449705348837
0.6971435921601272
0.3989321603886906
0.684142091790796
0.46466846866420086
0.6880425419015953
0.5278764573906529
0.6932431420493278
0.5721220494991694
0.7114452425663916
0.5721220494991694
0.7132246019824965
0.5278764573906529
0.6950225014654327
0.46466846866420086
0.6898219013177002
0.3989321603886906
0.6859214512069008
0.3420449705348837
0.6989229515762321