0.06768823470751184
0.4152478298561374
0.06768823470751184
0.5046567195227261
0.08060285224812898
0.6089670908004129
0.10804641452194033
0.6983759804670017
0.16616219345471742
0.7598445921127814
0.2339639355429574
0.8101370925502375
0.309837313594083
0.8529788521821445
0.3808677100674772
0.8920952414112772
0.4518981065408714
0.9479757974528952
0.5423004293251914
0.961014593862606
0.6230167889540483
0.9237608898348607
0.7005044941977511
0.8753310745987919
0.7666919090934139
0.8194505185571739
0.8361079783742311
0.7579819069113941
0.8813091397663909
0.6778864432517417
0.9006810660773168
0.5773014423768296
0.9168243380030882
0.48416718230746625
0.06284525312978041
0.18054949448134217
0.13387564960317458
0.2084897725021511
0.2210493180023403
0.23643005052296
0.3049943320163516
0.26809569894654356
0.38893934603036295
0.284859865759029
0.5939588994876599
0.2755464397520926
0.6682179503462085
0.25691958773822
0.7473199827824882
0.2494688469326709
0.824807688026191
0.23643005052296
0.8796948125738139
0.24201810612712185
0.1306469952180204
0.4479539625914334
0.17261950222502598
0.4889330370219532
0.24687855308357456
0.5094225742372132
0.32436625832727733
0.5075598890358258
0.3857106916452086
0.48334498141779136
0.3857106916452086
0.489755237911628
0.32436625832727733
0.5139701455296625
0.24687855308357456
0.5158328307310498
0.17261950222502598
0.4953432935157898
0.1306469952180204
0.45436421908527
0.5971875538728141
0.48707035182056596
0.652074678420437
0.5261867410496985
0.7327910380492941
0.5466762782649585
0.8102787432929969
0.5336374818552475
0.8764661581886596
0.5001091482302767
0.8764661581886596
0.5065194047241134
0.8102787432929969
0.5400477383490841
0.7327910380492941
0.5530865347587951
0.652074678420437
0.5325969975435352
0.5971875538728141
0.4934806083144026
0.2520444000998214
0.4906480171077617
0.7337596343648404
0.5219411284910677
0.49613067161748514
0.6026574872178491
0.40185396357098013
0.8130402620633372
0.44705512496314004
0.7813746136397537
0.50355657670334
0.7720611876328173
0.5649010100212714
0.7757865580355919
0.595573226680237
0.818628317667499
0.595573226680237
0.8250385741613356
0.5649010100212714
0.7821968145294286
0.50355657670334
0.7784714441266539
0.44705512496314004
0.7877848701335903
0.40185396357098013
0.8194505185571739