0.0401394781975228
0.3028601698310652
0.03097468404259707
0.41280354632971356
0.03883022188967625
0.5214832058571133
0.044067247121062386
0.628899148413264
0.08989121789569099
0.7085133176019405
0.1566632895958641
0.7742266001068797
0.2273631302195768
0.8412035995830678
0.29937222715113604
0.9018620142030118
0.37007206777484875
0.9574655609379604
0.4564829840927198
0.9650478627654533
0.5298013373321255
0.9132354669442513
0.604428946879378
0.8614230711230491
0.6842935816580163
0.8070832413593493
0.7484471407424963
0.7401062418831612
0.7877248299778923
0.6554372048094894
0.8243840065975951
0.5631858659083246
0.8675894647565309
0.4911539985471412
0.24569271852942826
0.11962120899998446
0.3556702483885369
0.1297309447699751
0.45255521516918024
0.15753271813744943
0.5415846441027444
0.19165307636116788
0.6240677914970759
0.2422017552111212
0.7667767290523478
0.2851681322335815
0.8126006998269765
0.2763221134348397
0.8741357462957634
0.2750583964635908
0.9330522801488574
0.28011326434858613
0.9828040198470256
0.2940141510323233
0.2024872603704927
0.3079150377160605
0.2902074329962103
0.2472566230961165
0.3936386813160863
0.23588317035487702
0.4918329044045762
0.27379467949234204
0.525873568408586
0.3483539807960231
0.48921439178888315
0.4532424894096762
0.43160711424363574
0.5290655076846061
0.31901107176883403
0.5278017907133573
0.23390941175880947
0.47978054580590174
0.1802299031371017
0.3951115087322299
0.690839863197249
0.4418690366684367
0.7301175524326449
0.3761557541634974
0.8047451619798972
0.3597274335372626
0.8793727715271495
0.3837380559909904
0.897702359837001
0.4494513384959297
0.8544969016780654
0.5063186022021272
0.8126006998269765
0.5682407337933201
0.7445193718189568
0.5947787901895455
0.6672732496560114
0.5669770168220711
0.6633454807324718
0.5063186022021272
0.3635257862356161
0.36351858445100915
0.7680859853601943
0.4633522251796669
0.6594177118089323
0.6478549029819964
0.3949479376239328
0.6984035818319497
0.4460089336299476
0.6845026951482125
0.5101624927144276
0.6984035818319497
0.5769345644146008
0.7097770345731892
0.607047459495071
0.7262053551994241
0.5703882828753681
0.7843363358768703
0.5271828247164325
0.8298301468418283
0.46957554717118516
0.8614230711230491
0.42244232008871
0.8235115619855842
0.400184962855319
0.7628531473656402