0.11409322240481859
0.3507508434752737
0.1291421037939009
0.4508460849252922
0.13081420172602112
0.5563035714529905
0.15756776863994523
0.6510365678253294
0.20773070660355286
0.7225331688610569
0.261237840431401
0.7922423548708915
0.3180891701234897
0.8565892958030461
0.3816288915440593
0.9262984818128804
0.4652337881500721
0.9405978020200261
0.5471665868239646
0.901274671450376
0.6240830917014962
0.8530144657512598
0.6976554007147874
0.7958171849226777
0.7745719055923193
0.7350450740423092
0.8414558228771294
0.665335888032475
0.8799140753158953
0.5688154766342428
0.8999792505013382
0.46335799010654455
0.8949629567049775
0.36505016368241916
0.02714412993456535
0.0880008346689749
0.10573273274421731
0.08442600461718851
0.19100972728235033
0.09693790979844084
0.2695983300920023
0.12374913518683867
0.32310546391985046
0.16664709580827522
0.4970036488603569
0.13804845539398425
0.5839527413306103
0.11838689010915912
0.6759181275972241
0.11123723000558641
0.772899807660199
0.11659947508326597
0.8548326063340913
0.1291113802645183
0.10740483067633753
0.25601784710293474
0.14920727897934397
0.19524573622256627
0.22946797972111616
0.1594974357047025
0.30304028873440736
0.21133247145560494
0.3548753246301353
0.28997873259490525
0.3431706391052935
0.3739872388118851
0.30972868046288843
0.4436964248217195
0.21943539212839466
0.45263349995118546
0.14920727897934397
0.4150977844074285
0.11743741826905911
0.33823893829402135
0.5354619012991227
0.2703171673100802
0.595657426855452
0.19524573622256627
0.687622813122066
0.17200934088595476
0.7829323952529205
0.20954505642971177
0.8397837249450091
0.28640390254311887
0.8381116270128888
0.3775620688636715
0.7829323952529205
0.4562083300029718
0.6859507151899457
0.4705076502101173
0.5906411330590912
0.44548383984761275
0.5388060971633634
0.3668375787083124
0.24953315490655922
0.3364515232681282
0.6892949110541862
0.35432567352706007
0.4567618252939962
0.45703789062630307
0.34985903083377445
0.7203608724974715
0.4050382625937429
0.7149986274197919
0.4585453964215911
0.7203608724974715
0.510380432317319
0.7346601927046169
0.5471665868239646
0.7578965880412284
0.5471665868239646
0.7636437144566003
0.510380432317319
0.7404073191199888
0.4585453964215911
0.7261079989128434
0.4050382625937429
0.7207457538351638
0.34985903083377445
0.7261079989128434