0.08831909267852706
0.5274439305642715
0.13231826467731472
0.5953315390606985
0.1703175495853586
0.6661079819612287
0.19831702267549622
0.7383288420638108
0.24631611940144638
0.8018831989540828
0.32231468921753414
0.8538822182279417
0.3983132590336219
0.9058812375018006
0.4703119041225472
0.9535470051695047
0.5663100975744476
0.965102342785918
0.6603083286627667
0.9318807471387303
0.7423067855695982
0.8914370654812844
0.8143054306585235
0.8423268806115285
0.8923039628381926
0.804772033358186
0.9303032477462365
0.7383288420638108
0.9543027961092114
0.6603303131530222
0.9683025326542802
0.5837762014442853
0.9643026079271177
0.5115553413417034
0.008320598135276747
0.40611288559193376
0.05831965722480817
0.3728912899447461
0.13031830231373343
0.361335952328333
0.2083168344934025
0.3671136211365396
0.2603158559465152
0.38733546196526253
0.4243127697601783
0.33389202548935193
0.5363106621207288
0.29633717823600925
0.6683081781170916
0.2818930062154929
0.7983057317498734
0.30067042984216413
0.9103036241104239
0.33100319108524856
0.09431897976927084
0.5187774273519616
0.12031849049582716
0.46966724248220587
0.19831702267549622
0.4364456468350182
0.2603158559465152
0.45666748766374116
0.3123148773996279
0.5072220897355485
0.32831457630827793
0.5722208638278723
0.31631480212679036
0.6198866314955763
0.2343163452199588
0.6386640551222476
0.16431766249461482
0.6112201282832664
0.11631856576866462
0.5635543606155624
0.5083111890305911
0.43500122963296656
0.5643101352108663
0.38589104476321084
0.678307989934998
0.3700024555406428
0.7863059575683858
0.3988907995816756
0.8743043015659612
0.45666748766374116
0.8943039252017737
0.5245550961601682
0.8343050542943361
0.5938871218586468
0.7183072372066232
0.6112201282832664
0.5923096083010039
0.6068868766771115
0.5483104363022162
0.537554850978633
0.24631611940144638
0.5476657713929943
0.7203071995702044
0.5043332553314451
0.34031435048976544
0.6791077367796934
0.39031340957929694
0.7628839344986884
0.40431314612436575
0.7657727689027917
0.4423124310324096
0.7628839344986884
0.48231167830403476
0.7657727689027917
0.5103111513941724
0.7802169409233082
0.5043112643034285
0.7961055301458762
0.4883115653947785
0.8177717881766507
0.4523122428503159
0.8264382913889605
0.4163129203058532
0.8163273709745991
0.39431333430645943
0.7975499473479278