0.05323290043134265
0.3727960777468979
0.07385875358992555
0.45467446418479085
0.08245285907266846
0.5438634208403528
0.09448460674850848
0.6330523774959146
0.12542338648638282
0.7149307639338076
0.17698801938284012
0.7909606941975652
0.23370911556894314
0.8699148525483906
0.2921490328515947
0.9371720985509454
0.38668419316176644
0.9664143794216215
0.48809463785813234
0.9488690108992159
0.5809109770717555
0.918164615985006
0.6840402428646701
0.9035434755496681
0.7802942242713904
0.8728390806354581
0.8559223525195278
0.8202029750682412
0.9057681643194363
0.7397867026738822
0.943582228443505
0.6564462021924555
0.9624892605055395
0.5979616404511034
0.09964107003815421
0.20903930487111208
0.1787068404793887
0.2017287346534431
0.2594914320171718
0.20611507678404445
0.3351195602653091
0.2265846733935177
0.40559122522380076
0.2543648402206599
0.6101309357130813
0.2587511823512613
0.7149790226025445
0.2514406121335923
0.8215459305885561
0.28360712109133596
0.9109246276090821
0.3406295687891543
0.9710833659882824
0.41081104287877673
0.08589050126576561
0.3479401390068233
0.1563621662242572
0.29530403343960643
0.26121025311372037
0.2996903755702078
0.35058895013424635
0.3303947704844176
0.3746524454859264
0.3888793322257697
0.35746423452044057
0.4868409731425344
0.2955866750446919
0.5482497629709541
0.19417623034832587
0.5292422804050146
0.10479753332779997
0.49268942931666965
0.07042111139682844
0.41519738500937814
0.5602851239131725
0.4005762445740401
0.6410697154509556
0.36987184965983033
0.7631060133059046
0.39034144626930356
0.8731105634850135
0.43420486757531757
0.9177999119952764
0.5233938242308795
0.9143622698021792
0.6125827808864414
0.8232647516851048
0.6622946583665906
0.6960719905405102
0.6476735179312527
0.5809109770717555
0.6067343247123062
0.546534555140784
0.5131590259261429
0.2560537898240747
0.42104584118351335
0.7631060133059046
0.511696911882609
0.3523077712307949
0.6403629477135837
0.32308781258946906
0.7207792201079428
0.3523077712307949
0.7149307639338076
0.3798089087755721
0.7237034481950103
0.39527829864450925
0.7310140184126793
0.42106061509273796
0.741248816717416
0.43824882605822363
0.7661047554574907
0.4038724041272521
0.7661047554574907
0.3694959821962806
0.763180527370423
0.3402760235549549
0.7529457290656865
0.32136899149292053
0.7383245886303483