0.12314898123653877
0.40273977076860984
0.13703080304347562
0.4991542764175069
0.13306456824149362
0.5972602646216479
0.1469463900484305
0.6919832877153013
0.20842302947915103
0.7579511073698098
0.28378149071680836
0.8137700316928556
0.35715683455347474
0.8695889560159012
0.43846464799410506
0.9186419501179717
0.5296880484396903
0.950780118667604
0.6288439184892394
0.9270993628941908
0.7260166711377976
0.889886746678827
0.8192231889843737
0.8526741304634632
0.904497237226986
0.8053126189166365
0.9858050506676164
0.7494936945935907
1.0512479249003186
0.6801429098285945
1.0909102729201383
0.5888028518454289
1.1028089773260843
0.4991542764175069
0.091419102820683
0.135485527040088
0.18065938586527724
0.13041107937435656
0.2679165515088805
0.14394293981630701
0.3492243649495108
0.1693151781449642
0.4285490609891501
0.20145334669459655
0.6347932706922123
0.19637889902886516
0.7101517319298696
0.18284703858691465
0.7874933105685181
0.1693151781449642
0.8707842414101393
0.1693151781449642
0.9461427026477967
0.16424073047923274
0.11719962903356579
0.34015491622458893
0.1866087380682502
0.2961763697882499
0.28576460811779936
0.28602747445678706
0.3908698303703214
0.32154860811690705
0.4265659435881591
0.384133462660928
0.41070100438023127
0.47547352064409365
0.35715683455347474
0.5397498577433584
0.25800096450392557
0.5363668926328707
0.17272691626131328
0.4923883461965318
0.13108145084050266
0.4247290439867793
0.6506582099001402
0.365527154553246
0.7260166711377976
0.31309119534068797
0.8489699499992385
0.3181656430064194
0.9600245244547336
0.35537825922178323
1.017534929083472
0.43149497420775457
1.01356869428149
0.5279094798566518
0.9342439982418508
0.5820369216244536
0.8172400715833827
0.5837284041796974
0.6962699101229328
0.5549732007405527
0.6585906795041042
0.4703990729783622
0.31352825173167315
0.419654596321048
0.8688011240091483
0.4568672125364118
0.5433715585065281
0.5621625580090742
0.4087178869792403
0.8291658613979859
0.46424517420698774
0.810559553290304
0.5316711658406813
0.810559553290304
0.5871984530684287
0.8240914137322544
0.6288439184892394
0.8460806869504239
0.6288439184892394
0.8509826479082193
0.5871984530684287
0.8289933746900497
0.5316711658406813
0.8154615142480994
0.46424517420698774
0.8154615142480994
0.4087178869792403
0.8340678223557813