0.11213268022815126
0.3522232057744474
0.12534998411737658
0.45686019314336723
0.1336107990481424
0.5651686537533018
0.15343675488198047
0.6661341678812068
0.2145667853696477
0.737727896080994
0.2790011418296212
0.7946357313167224
0.35665280217882017
0.8478720933114359
0.4359566255141722
0.8974369820651348
0.5152604488495242
0.9378231877162968
0.601172924129489
0.9213015581317304
0.6738680955202284
0.8662294595165095
0.748215429897121
0.8074858876602737
0.8176062753155539
0.7505780524245456
0.886997120733987
0.6991774270503394
0.9216925434432036
0.6055548594044636
0.9382141733047352
0.5027536086560513
0.9382141733047352
0.39444514804611686
0.08074158349124108
0.13927775779559307
0.16830622175735896
0.10439876200595316
0.27734897884346804
0.10256302538544577
0.3764787580126581
0.13744202117508578
0.45413041836185697
0.18149970006726251
0.6540421396863904
0.20352853951335084
0.7333459630217424
0.16681380710320354
0.8374322311493919
0.1594708606211741
0.9299533583739694
0.18700690992878458
0.9993442037924025
0.23473606206197606
0.12865431008968295
0.30632979026176327
0.19804515550811602
0.23473606206197606
0.28395763078808073
0.20536427613385821
0.37317443204035183
0.24942195502603495
0.4243914846111
0.32468715646683693
0.41117418072187467
0.425652670594742
0.35830496516497323
0.5137680283790954
0.2641316749542427
0.5302896579636618
0.178219199674278
0.48623197907148497
0.12700214710352975
0.4072953043896683
0.6325640208663992
0.3375373128103885
0.6903897253817601
0.27145079447212334
0.7829108526063374
0.2549291648875571
0.8655190019139958
0.30816552688227067
0.9150838914985908
0.3779235184615505
0.9101274025401314
0.4697103494869188
0.85725818698323
0.5486470241687355
0.7630848967724994
0.5541542340302575
0.6722159325340752
0.5156037649996029
0.6259553689217865
0.44033856355880097
0.29056628273269336
0.3595661522564768
0.7746500376755716
0.3834307283230726
0.5293038342318261
0.5214169309645428
0.4343044625280191
0.7505780524245456
0.48221718912646083
0.6991774270503394
0.5483037085725876
0.6899987439478026
0.6110859020464079
0.7065203735323687
0.6540421396863904
0.7597567355270823
0.650737813714084
0.8295147271063622
0.6028250871156421
0.8772438792395538
0.5350864046833622
0.8845868257215831
0.4723042112095419
0.8680651961370169
0.42604364759725316
0.8148288341423033