0.05435742115946522
0.3996720827246988
0.08546685012930608
0.49300036963422145
0.11657627909914692
0.584773185095252
0.14924117951747984
0.6703241147623143
0.20368268021470137
0.7449867442899324
0.2690124810513672
0.8087610736781061
0.3467860534759693
0.8740908745147721
0.4292260402460476
0.9316433181089776
0.511666027016126
0.9751965186667548
0.6049943139256486
0.9580863327333424
0.6796569434532667
0.9052003034846129
0.7574305158778688
0.8476478598904073
0.832093145405487
0.7869844733992176
0.9005338891391367
0.7092109009746155
0.9596418041818343
0.623659971307553
0.9969731189456436
0.5241097986040623
1.0156387763275478
0.42611509734906355
0.0745785499898618
0.1227981648931151
0.15546306531144802
0.1259091077900992
0.24101399497851042
0.12746457923859125
0.32034303885160464
0.13835287937803556
0.3887837825852545
0.16790683689938438
0.6718795862108063
0.17879513703882866
0.7418758013929483
0.15701853675994007
0.8149829594720744
0.14301929372351166
0.8958674747936607
0.13835287937803556
0.9720855757697708
0.1445747651720037
0.14146382227501964
0.4006347934320087
0.1974607944207332
0.4301887509533576
0.26123512380890695
0.44574346543827803
0.3281203960940648
0.44263252254129387
0.3841173682397784
0.42241139371089736
0.3841173682397784
0.42611509734906355
0.3281203960940648
0.44633622617946006
0.26123512380890695
0.4494471690764442
0.1974607944207332
0.4338924545915238
0.14146382227501964
0.4043384970701749
0.6672131718653302
0.4146340364684371
0.729432029805012
0.43796610819581777
0.802539187884138
0.4519653512322462
0.867868988720804
0.4348551652988337
0.9254214323150094
0.40685667922597696
0.9254214323150094
0.41056038286414315
0.867868988720804
0.4385588689369999
0.802539187884138
0.45566905487041237
0.729432029805012
0.44166981183398396
0.6672131718653302
0.4183377401066033
0.2624795009677006
0.43017403703425017
0.7984949621180588
0.4311073199033454
0.5583301704708872
0.5956614852346963
0.45100264052493627
0.731950211960814
0.4898894267372373
0.7179509689243856
0.5349980987435067
0.7148400260274016
0.5801067707497759
0.7195064403728777
0.6127716711681087
0.7397275692032742
0.6127716711681087
0.7434312728414404
0.5801067707497759
0.7232101440110439
0.5349980987435067
0.7185437296655678
0.4898894267372373
0.7216546725625518
0.45100264052493627
0.7356539155989802