0.10482028252302449
0.5504827607892427
0.11275066485655968
0.6294194354710596
0.13059402510701387
0.7065203735323687
0.16231555444115472
0.7744426284911413
0.22179342194266877
0.8185003073833181
0.2872190761943343
0.8570507764139726
0.35859251719615104
0.8956012454446274
0.4319485537813517
0.9268087679932525
0.5132349727000876
0.9451661341983262
0.5925387960354397
0.9268087679932525
0.6619296414538727
0.8974369820651348
0.7352856780390734
0.8643937228960022
0.8046765234575065
0.8295147271063622
0.8701021777091719
0.7854570482141856
0.9315626407940696
0.7340564228399792
0.9751797436285133
0.6679699045017141
0.9930231038789676
0.5945404396814196
0.09094211343933789
0.3577304156359695
0.1424895986073167
0.3962808846666242
0.20196746610883073
0.4219811973537273
0.27532350269403144
0.43115988045626413
0.33281877461216164
0.4017880945281463
0.4854786345327144
0.3393730494308959
0.5509042887843799
0.39260941142560946
0.640121090036651
0.4238169339742347
0.7412334647892248
0.40545956776916103
0.8284676704581121
0.37241630860002845
0.18808929702514418
0.566338760683167
0.23170639985958777
0.5791889170267187
0.2733409071106476
0.5920390733702703
0.31695800994509127
0.6048892297138219
0.35660992161276733
0.5993820198522996
0.35660992161276733
0.6055548594044636
0.31695800994509127
0.6110620692659859
0.2733409071106476
0.5982119129224344
0.23170639985958777
0.5853617565788828
0.18808929702514418
0.5725116002353311
0.6123647518692776
0.595710546611285
0.669860023787408
0.5993820198522996
0.7233901045387705
0.5938748099907776
0.778902780873517
0.5883676001292555
0.8304502660414959
0.581024653647226
0.8304502660414959
0.5871974931993901
0.778902780873517
0.5945404396814196
0.7233901045387705
0.6000476495429417
0.669860023787408
0.6055548594044636
0.6123647518692776
0.601883386163449
0.27334090711064774
0.5914540199053377
0.7229935854220938
0.5947583458222508
0.49935680361640106
0.6688494699104713
0.31299281877832363
0.7964714679372297
0.40419221561397856
0.7799498383526633
0.5033219947831686
0.7744426284911413
0.600469178368975
0.7854570482141856
0.6956337663713974
0.798307204557737
0.689685979621246
0.8662294595165095
0.5945213916188234
0.8423648834499138
0.5013393991997848
0.8607222496549874
0.40419221561397856
0.8515435665524506
0.3110102231949398
0.8478720933114359