0.08263107801382678
0.4523269020911057
0.09418819285189227
0.5363608390297931
0.10767149349630191
0.6171627014708387
0.12308097994705573
0.6995806011607053
0.1712356251056616
0.7642220911135418
0.23865212832770985
0.8191673575734528
0.3099210031624466
0.8741126240333638
0.37733750638449476
0.9274418532444538
0.45053256702557576
0.9646107099673349
0.5391371141174105
0.9468343002303049
0.6161845463711799
0.909665443507424
0.6970843502376378
0.8660324377892593
0.7683532250723745
0.8159352830758111
0.8261387992627015
0.7577579421182581
0.8742934444213074
0.6882683404189589
0.9108909747418479
0.612314589724376
0.9455623192560442
0.5444410252738977
0.06529540575672872
0.29718732620429816
0.15004758123587503
0.2697146929743427
0.2579139863911522
0.2680986557255218
0.3484447192893312
0.2891071399601936
0.4235659657367564
0.33758825742482096
0.6296678470155895
0.33920429467364194
0.7144200224947359
0.31657977319014907
0.8107293128119476
0.31657977319014907
0.895481488291094
0.3359722201760001
0.9590456199004538
0.3682929651524183
0.11537623672167882
0.4167740826170457
0.18279273994372708
0.373141076898881
0.2675449154228734
0.3585967416594929
0.3503709050956755
0.3828373003918065
0.4023779218669698
0.4345504923540758
0.3908208070289044
0.504040094053375
0.3330352328385774
0.5541372487668232
0.24635687155308683
0.5492891370203605
0.16160469607394043
0.5298966900345096
0.10381912188361342
0.47979953532106123
0.6238892895965569
0.4523269020911057
0.6797486779805396
0.40222974737765743
0.7664270392660302
0.3989976728800156
0.8473268431324881
0.42970238060761295
0.9012600457101267
0.483031609818703
0.8974076740974382
0.541208950776256
0.8319173566817343
0.5896900682408832
0.7452389953962437
0.5896900682408832
0.6604868199170973
0.5751457330014951
0.6084798031458029
0.5218165037904049
0.23672594252136558
0.4571750138375684
0.7356080663645224
0.4911117960628076
0.4832777257334277
0.686652303170138
0.36578039154642933
0.7399815323812282
0.412008850898691
0.723821159893019
0.4832777257334277
0.72543719714184
0.5449156715364432
0.7383654951324072
0.5969226883077375
0.7658381283623626
0.5718822728252625
0.8143192458269901
0.5295061850856894
0.8547201770475129
0.46401586766998537
0.8660324377892593
0.412008850898691
0.8337116928128411
0.379263692190839
0.7884626498458555