0.072974340267023
0.24707476302845685
0.06271486817889953
0.3485227925949637
0.04659284061184831
0.44441202602084007
0.029005174175065176
0.5430806575170317
0.04659284061184831
0.638969890942908
0.08469945122487843
0.725131231122681
0.11987478409844467
0.8154616684079269
0.16091267245093863
0.9002333095525422
0.22540078271914343
0.9627697661346354
0.32946114247011027
0.9558212709588472
0.43059022448161327
0.9321963873611675
0.5302536676233843
0.9030127076228573
0.6181919998073
0.8710496298142321
0.7017334153820198
0.8251895616540301
0.760358970171297
0.7570943089313065
0.821915802700038
0.6792711629624792
0.8732131631406554
0.6083965121694402
0.1257373395773724
0.06502418942280755
0.21367567176128804
0.07753148073922618
0.30307964281493566
0.11227395661816689
0.38222414178045966
0.1650825199541568
0.43791841883027294
0.22761897653625007
0.6519016938111344
0.29710392829413146
0.7427713037345139
0.30683182154023486
0.8336409136578933
0.34157429741917555
0.9127854126234175
0.38882406461453495
0.9728766062824264
0.4416326279505248
0.13453117279576396
0.21233228714951616
0.21807258837048385
0.1956558987276246
0.3089421982938633
0.19982499583309749
0.37636158630153194
0.2595820543448755
0.39101797499885127
0.33045670513791453
0.3573082809950169
0.4041107540012689
0.2825606986386886
0.4416326279505248
0.2019505608034326
0.40550045303642646
0.13453117279576396
0.3457433945246485
0.09349328444326997
0.2734790446964518
0.6093981665889084
0.4166180453176875
0.678283193466309
0.3749270742629586
0.7559620535621011
0.411059249177057
0.8321752747881613
0.47915450189978076
0.8570911355736042
0.5667055411147114
0.821915802700038
0.6417492890132233
0.7339774705161223
0.6514771822593266
0.6504360549414023
0.6195141044507013
0.5830166669337338
0.5625364440092384
0.5888792224126614
0.4805442009349384
0.2723012265505651
0.3443536954894908
0.6973364987728241
0.5236248710248249
0.3573082809950169
0.5917201237475486
0.24738536576512235
0.6806608619976368
0.3001483650754717
0.6723226677866911
0.35437700325555305
0.6959475513843708
0.4012774470869747
0.7306900272633114
0.42619330787241755
0.7807191925289861
0.40420872482643855
0.8237998626188726
0.3499800866463573
0.8363071539352912
0.28988889298734827
0.8196307655133996
0.2444540880256585
0.7821088915641439
0.2268664215888754
0.7306900272633114