-0.1695387401860144
0.48363360901713104
-0.17417284286138046
0.5661770944799658
-0.1649046375106483
0.6515669070277258
-0.12783181610771968
0.7284177383207099
-0.05832027597722853
0.7881906071041418
0.020459469503994784
0.8394244946327979
0.10850742033595026
0.8821194009066778
0.2011894738432718
0.924814307180558
0.3054567840390085
0.9603933957421246
0.41899229958547746
0.9732018676242886
0.5163084557681651
0.9333532884353339
0.6136246119508527
0.8735804196519019
0.7039896141204911
0.8251928592081712
0.7758182055886654
0.7711126445945898
0.8267933350176923
0.7084934487262325
0.8499638483945225
0.6330657809757111
0.8870366697974512
0.5647539309375031
0.09460511230985201
0.32708561934623764
0.16179960110266012
0.3057381662092976
0.24521344925924954
0.295776021412059
0.3263102460781559
0.304315002666835
0.388870632195598
0.32708561934623764
0.6761849980682947
0.347009908940715
0.7503306408741519
0.3356246006010137
0.8291103863553753
0.33704776414347637
0.8963048751481834
0.3541257266530283
0.9449629532395272
0.376896343332431
0.04131293154314214
0.5064042256965338
0.09692216364753503
0.4466313569131017
0.20350652518095483
0.4167449225213857
0.31935909206510676
0.432399721488475
0.38655358085791486
0.4807872819322057
0.37496832416949966
0.551945459055339
0.31935909206510676
0.6131414913812337
0.20582357651863786
0.6416047622304871
0.07606870160838769
0.6287962903483231
0.011191264153262624
0.5761392392772045
0.6089905092754866
0.5064042256965338
0.6576485873668304
0.4537471746254151
0.7503306408741519
0.4224375766912364
0.8638661564206208
0.432399721488475
0.9078901318365985
0.48790309964451906
0.8847196184597682
0.5505222955128763
0.8383785917061074
0.6102951642963085
0.7433794868611029
0.6359121080606365
0.6252098686392679
0.6273731268058604
0.5881370472363393
0.5789855663621298
0.1826530631418075
0.5462528048854883
0.7317942301726876
0.5448296413430257
0.46880890334566266
0.6229138810394773
0.3541148621303523
0.7967295883589179
0.395821786208647
0.7597273362548885
0.4583821723260891
0.7412262102028738
0.5371619178073124
0.7369567195754858
0.5672835851971919
0.7682663175096645
0.5464301231580445
0.8251928592081712
0.509357301755116
0.8607719477697379
0.4560651209884061
0.8892352186189912
0.38191947818254884
0.8721572561094392
0.3541148621303523
0.8365781675478725