0.07047532145969918
0.38165110897560367
0.0996984343607905
0.462970582300017
0.12276931296691519
0.558811390146647
0.14737825014678158
0.659008598349942
0.20890059309644748
0.7301631375088037
0.28118934606230495
0.798413409763222
0.35963033332312894
0.8564987478520886
0.4365332620102113
0.9218447532020637
0.5288167764347101
0.9625044898642704
0.6287905837279174
0.9305575539153937
0.7149218638574496
0.8666636820176404
0.8025912025607235
0.8027698101198869
0.879494131247806
0.733067404413247
0.9148694784438638
0.637226596566617
0.9456306499186968
0.541385788719987
0.9763918213935298
0.44264071396891363
0.9994626999996544
0.349704173026727
0.010491037083774916
0.131884155193477
0.07970367290214907
0.10429361960126532
0.15968271873671475
0.07525095055683198
0.2488901160137303
0.07234668365238862
0.3304072204220377
0.08977228507904865
0.594953295105601
0.08541588472238364
0.6795465166613917
0.04766041496462029
0.782596441102082
0.044756148060176984
0.879494131247806
0.059277482582393654
0.9625492942298549
0.09267655198349199
0.08277979004963239
0.3134008367211853
0.1427640744255566
0.2436984310145453
0.23504758885005544
0.20739509470900366
0.3365594547170042
0.2219164292312203
0.3842392705029953
0.26838469970231366
0.3719348019130621
0.375842575166717
0.33963557186448756
0.45861418194335196
0.24427594029250535
0.4818483171788987
0.14737825014678158
0.4600663153955737
0.09200814149208224
0.3918160431411553
0.6134099979905008
0.2509590982756536
0.6718562237926835
0.19142162673456534
0.7841344996758236
0.1652832245945753
0.896412775558964
0.20739509470900366
0.9656254113773383
0.2872624345811953
0.9779298799672713
0.371486174810052
0.9087172441488972
0.445544980873357
0.7933628511182735
0.4745876499177903
0.6687801066452002
0.4557099150389087
0.6164861151379841
0.36567764100116534
0.2258192374076056
0.34244350576561866
0.770291972512149
0.30759230291229867
0.4411474377314363
0.510890986223332
0.36885868476557887
0.6081839275221836
0.433457144862728
0.6081839275221836
0.5272787178609686
0.6023753937132971
0.6226383494329506
0.606731794069962
0.6903129266775833
0.637226596566617
0.6580136966290087
0.689503400846597
0.6118719394167592
0.7693707407187886
0.5334309521559352
0.8187432780943253
0.45037578917388615
0.7809878083365621
0.3980817976666701
0.7098332691777004