0.09253963751607382
0.35401283056530725
0.11984497647954533
0.4381856060284652
0.13284751884310317
0.5407711761241889
0.1588526035702189
0.6420415466033008
0.2147635357335177
0.7222687232166232
0.2836770102603743
0.7893439036638271
0.352590484787231
0.8590494833442549
0.4228042135504434
0.9287550630246824
0.5008194677317905
0.9603198538233668
0.5918372642766956
0.9182334660917878
0.6815548065852447
0.866940681043926
0.7673715861847267
0.8103870975296167
0.8479873488387852
0.7498879151654719
0.9221018403110651
0.6696607385521495
0.978012772474364
0.5802271646225442
1.0170203995650373
0.481587193376656
1.036524213110374
0.3790016232809323
0.04704107043505662
0.09627251977298651
0.11924724326078927
0.09491999894137433
0.19546487013239594
0.09086243644653781
0.270345345655378
0.09086243644653781
0.3358657617379872
0.10844520725749612
0.5541298914223778
0.09491850609277429
0.6178423490038112
0.08439690915987955
0.69845811165787
0.09097290724293877
0.7751731116028614
0.1041249034090572
0.8492876030751412
0.12122249842501115
0.08282139617756527
0.2926837077013374
0.1440229670996741
0.22657374761104723
0.2343037374654369
0.2066822551944998
0.3215413357963987
0.23593444992471668
0.35839753044009964
0.30906493675025887
0.35231118637049763
0.39916169651932687
0.31004490810937274
0.4781426222909125
0.21874974706534295
0.4804827978693298
0.13793662303007212
0.4488904275606956
0.09600847499503623
0.36990950178911
0.5543109607469302
0.2792086501846831
0.6383600299114159
0.2239587374588855
0.7444380889778839
0.22572203254587908
0.8491605178965375
0.26627781954673047
0.9186365629720196
0.34621386349043753
0.9149085800655304
0.4379052080141016
0.8393321993248839
0.5137268967548237
0.7322374176475552
0.5096125415518388
0.6305651565614838
0.4831631152469357
0.5756621355750052
0.3850063554042954
0.24761377272875845
0.33025862364189346
0.7383483176740155
0.3559565194425248
0.3746431508481029
0.5507195191946787
0.4361521128848382
0.6765039565346113
0.40539763186647054
0.675151435702999
0.37865460489397695
0.6737989148713869
0.5016725289674474
0.6940867273455695
0.4749295019949539
0.6873241231875086
0.43748926423346285
0.6765039565346113
0.40539763186647054
0.675151435702999
0.37865460489397695
0.6737989148713869
0.5030096803160721
0.6940867273455695
0.47626665334357854
0.6873241231875086