0.1243561514042664
0.5563439607463991
0.1360944750786617
0.6250131515555792
0.1525281282228153
0.6954430908470458
0.17600477557160604
0.7605907846916525
0.2300010644738248
0.8116524906779659
0.30277867125507624
0.8486282088059859
0.36851328383169035
0.8908861723808659
0.4342478964083045
0.9313833874734592
0.5140684973941931
0.9542731177431859
0.5985844278498399
0.9331441359557459
0.6760573641008494
0.9014506632745859
0.7558779650867381
0.8679964421111391
0.8356985660726268
0.8345422209476925
0.9014331786492407
0.7958057543373859
0.9436911438770642
0.7324188089750657
0.9742107854304921
0.6637496181658858
0.9789061149002503
0.5950804273567057
0.11496549246475006
0.4013980943051725
0.15722345769257337
0.4207663276103258
0.2159150760645504
0.4242878245748991
0.2722590297016482
0.4190055791280391
0.31216933019459253
0.4013980943051725
0.5187638268639513
0.3749868670708725
0.6009320925847189
0.4013980943051725
0.6901433525101239
0.41724483064575246
0.7793546124355287
0.40491959126974575
0.8450892250121429
0.3785083640354458
0.14783279875305713
0.5803243038820197
0.18070010504136422
0.5503915796831464
0.24408705288309931
0.5415878372717131
0.3051263359899553
0.5574345736122931
0.3450366364828996
0.5873672978111664
0.3450366364828996
0.593319678874419
0.3051263359899553
0.5633869546755458
0.24408705288309931
0.5475402183349658
0.18070010504136422
0.5563439607463991
0.14783279875305713
0.5862766849452724
0.5633694568266537
0.5715205614705865
0.6408423930776633
0.5433485857539997
0.7441396414123427
0.5398270887894264
0.8263079071331104
0.578563555399733
0.8709135370958129
0.6084962795986065
0.8709135370958129
0.6144486606618592
0.8263079071331104
0.5845159364629857
0.7441396414123427
0.5457794698526791
0.6408423930776633
0.5493009668172524
0.5633694568266537
0.5774729425338392
0.2445565858300751
0.5663973089836941
0.7291145871091165
0.5713274047340968
0.4819837460175125
0.6451557637952307
0.35912262489217406
0.7553085392447926
0.3919899311804811
0.7359403059396391
0.4741581969012488
0.7377010544219258
0.5539787978871374
0.7341795574573524
0.5938890983800817
0.7658730301385126
0.5704124510312909
0.8204562330893991
0.5351974800081049
0.8679964421111391
0.4694628674314907
0.8908861723808659
0.40138059011999744
0.8609534481819926
0.37320861330144856
0.8081309937133926