0.08352304083885209
0.31655309800362874
0.10946123068432673
0.4263205121478958
0.1353994205298013
0.5360879262921628
0.15647419977924948
0.6458553404364299
0.2261830849889625
0.7330678064688613
0.30561879139072845
0.7977253243894569
0.3915390452538632
0.859375515895141
0.4742170253863135
0.9225293706082811
0.568242963576159
0.9691429300394082
0.6703745860927153
0.9225293706082811
0.757915976821192
0.859375515895141
0.8470785044150111
0.7992289875969127
0.9281353476821192
0.7315641432614056
0.9929808222958059
0.6533736564737085
1.0432360651214128
0.5586428744039985
1.0983547185430464
0.4594011027119215
1.1323985927152318
0.3601593310198445
0.06406939845474613
0.11957321782693038
0.15809533664459163
0.09100361688527184
0.2634692328918322
0.07596698481071469
0.37046426600441507
0.06544134235852471
0.4709747516556292
0.08198163764053756
0.7562948399558499
0.0774706480181704
0.8308671357615893
0.06995233198089182
0.9038182947019868
0.0774706480181704
0.9719060430463577
0.09551460650763896
1.035130380794702
0.11806955461947467
0.12405146247240617
0.2518955800830331
0.20186603200883002
0.1706977668804246
0.3121033388520972
0.13460984990148747
0.42558291942604853
0.17971974612515887
0.46935361479028703
0.26542854895013457
0.4531422461368654
0.37820328950931303
0.3980235927152318
0.47293407157902295
0.2829228752759382
0.4849633772386686
0.17268556843267108
0.4428608074299087
0.10459782008830021
0.3526410149825659
0.7254932395143489
0.27896151781723594
0.7757484823399559
0.18874172536989314
0.9021971578366446
0.17370509329533607
1.0205401490066226
0.21881498951900746
1.085385623620309
0.31504943479617303
1.0707953918322297
0.4142912064882501
0.9962230960264902
0.5030073357281372
0.8762589679911701
0.5315769366697958
0.7514314293598234
0.5000000093132257
0.7141452814569537
0.39624724799878164
0.3283147075055187
0.3285824036632745
0.8924703366445916
0.35865566781238867
0.5828331953642384
0.5721758432710999
0.4952918046357616
0.6894615734526456
0.5260934050772628
0.6684102885482656
0.568242963576159
0.6654029621333541
0.6103925220750552
0.6744249413780885
0.6395729856512141
0.6969798894899242
0.6509209437086093
0.7255494904315827
0.6055291114790288
0.7240458272241269
0.5633795529801324
0.7195348376017598
0.519608857615894
0.7255494904315827
0.4839438465783664
0.7150238479793928