0.08773799201264286
0.4677917173821543
0.13603752371130953
0.5459139986110642
0.17498875895216978
0.6322596778640699
0.2092658459641268
0.7227170561291235
0.2809361188073096
0.7816514086351434
0.36351273751793334
0.8364740621291152
0.4507635044574603
0.8885555829483885
0.541130370216256
0.946119369117059
0.6330552853846863
0.9707895631893464
0.7187480029145786
0.9214491750447718
0.7982085228059335
0.8625148225387519
0.8839012403358261
0.7912453729965884
0.9555715131790089
0.719975923454425
1.0069871436969444
0.6350008105387686
1.0334739836607294
0.5335789015749206
1.0350320330703637
0.4253041609243261
1.0194515389740197
0.32251168562312876
-0.024441565481034624
0.2690595984665062
0.020741867398363246
0.22108977665928078
0.07994774496447081
0.1799727865388019
0.15317606721728805
0.15393202612916523
0.23419463651827732
0.15256145979181596
0.43829910918038495
0.09499767362314544
0.5317820737584495
0.05525124984001584
0.6455196806617615
0.04154558646652286
0.7654894852036109
0.045657285478570765
0.8652046474202131
0.0716980458882074
0.07371554732593316
0.41845132923757955
0.10487653551862136
0.3416996143460189
0.18122095659070742
0.2923592262014442
0.27782001998804084
0.30058262422554005
0.33235174932524514
0.34444074702071753
0.36662883633720217
0.43763925796046976
0.34170004578305163
0.5185026718640783
0.25444927884352464
0.5513962639604614
0.1578502154461913
0.5418022995990163
0.09864433788008371
0.4842385134303458
0.48659864087905164
0.28961809352674567
0.559826963131869
0.21149581229783573
0.6797967676737184
0.1676376895026582
0.8091148686733745
0.18408448555084977
0.9197363767574175
0.24987166974361602
0.9477812661308369
0.34444074702071753
0.8807851415165573
0.43900982429781904
0.7592572875650733
0.4705328500568529
0.625265038336514
0.4636800183701064
0.5317820737584495
0.38966943615324434
0.2326365871086429
0.4115984975508331
0.7514670405169013
0.314288287599033
0.34793224342158924
0.591142687743591
0.40835859302524374
0.6926729670689968
0.4434666397223391
0.6480466896521888
0.5254979411395907
0.6343155273700939
0.6044910462080554
0.6240171556585228
0.6689683242767592
0.6388925814641255
0.659853735230398
0.7046877340658299
0.636898473928451
0.7750599407615658
0.5751218148364468
0.8168255593696042
0.4954535550238072
0.8013780018022476
0.4438042170944265
0.749314011482638