0.10387687228833865
0.47583211446180934
0.1337712832601128
0.5644476930610834
0.15245529011747166
0.6651472141966223
0.20477050931807647
0.743021510541439
0.26954173309025387
0.8047838835045694
0.3305761554909594
0.8638609359040855
0.3978385801774513
0.9189100074581801
0.47008340669257215
0.976644399575889
0.5485562354934793
0.9927563229575752
0.6232922629229148
0.9457632130943238
0.696782689895193
0.8933994621038436
0.7615539136673704
0.8343224097043275
0.827570737896705
0.7739026970230043
0.8848683589259388
0.7148256446234881
0.939674779040858
0.6396366688422858
0.9708147904697895
0.5429651285521685
0.9770427927555758
0.4449509279802441
0.02415844303027419
0.26637711049988866
0.07522806177372172
0.20864271838217968
0.14124488600305637
0.16567758936434981
0.21722651388964906
0.13748172344639895
0.29819054360487074
0.1267404411919415
0.5286266281789633
0.0837753121741116
0.6183098610942858
0.06900604907423255
0.7142210962953945
0.07974733132869004
0.8039043292107171
0.10122989583760499
0.8736579548115234
0.14956566598266363
0.1312800823457983
0.4750102725811302
0.16366569423188695
0.4172758804634213
0.22470011663259254
0.3904226748272776
0.29694494314771347
0.3957933159545064
0.34801456189116103
0.42801716271787876
0.34801456189116103
0.4301816648803651
0.29694494314771347
0.3979578181169927
0.22470011663259254
0.3925871769897639
0.16366569423188695
0.4194403826259076
0.1312800823457983
0.4771747747436165
0.5647490414365237
0.37968139257282013
0.6282746647515438
0.33403094299137587
0.7104842949239228
0.31926167989149684
0.7864659228105155
0.3461148855276405
0.8375355415539629
0.3971359762363135
0.8375355415539629
0.39930047839879984
0.7864659228105155
0.34827938769012684
0.7104842949239228
0.32142618205398316
0.6282746647515438
0.3361954451538622
0.5647490414365237
0.38184589473530645
0.23292107964983041
0.42238611239008594
0.7055018930952939
0.35632722652517257
0.3941017788059795
0.5577343916520476
0.3741721714914634
0.6866297787055372
0.4078033838347093
0.6396366688422858
0.4949954158357173
0.6302380468696355
0.5796962469224108
0.6168114440515636
0.6307658656658583
0.6436646496877074
0.6145730597228141
0.72825224744156
0.5884154501225116
0.8141825054772197
0.5236442263503343
0.8678889167495072
0.4501537993780561
0.8343224097043275
0.4028209820060803
0.7658467353321612