0.07146665503806886
0.3749180598740511
0.09788291833694354
0.46853766453142665
0.11439308289874019
0.5682962596581383
0.13915832974143522
0.664985359550182
0.20685000444480156
0.7401879927995493
0.27784371206052727
0.8077168879622465
0.348837419676253
0.8798500259769456
0.4214821437481583
0.9504484163743108
0.5089860159256807
0.9780738734863234
0.5997919210155624
0.9274272021143004
0.6972018919301629
0.8783152783596115
0.7863567805638648
0.8245991117529208
0.8705586198290279
0.7739524403808978
0.9514584261818315
0.7110277880702027
1.0026399363234013
0.6189429310301613
1.0257541667099166
0.5130453454341135
1.043915347727893
0.41175200269006773
0.008728029703241467
0.07717702211125009
0.08467478668750619
0.06643378878991195
0.16392357658413023
0.08178126496325218
0.2398703335683949
0.11094146969259869
0.3059109918155817
0.13703217918727711
0.5321002463121961
0.10326773160592856
0.6229061514020778
0.06950328402457998
0.7285712045975765
0.05876005070324178
0.835887274249255
0.05415580785123974
0.9200891135144179
0.0894550030499223
0.06321157275717049
0.27976370759934155
0.11439308289874019
0.21376956005397843
0.22170915255041856
0.19381784102863606
0.3158170905526596
0.22758228860998464
0.3521394525886123
0.3027849218593519
0.3504884361324326
0.4086825074553997
0.3125150576403003
0.4884893835567691
0.20850102090098122
0.4884893835567691
0.11604409935491984
0.4516554407407525
0.07146665503806886
0.3733833122567171
0.5585165096110707
0.2751594647473395
0.6328122501391558
0.19688733626330412
0.7533364514402715
0.19074834579396802
0.8623035375481296
0.24139501716599088
0.949807409725652
0.32734088373669634
0.9547604590941909
0.4209604883940719
0.8738606527413871
0.5023021121127752
0.7467323856155528
0.5176495882861155
0.6196041184897184
0.49002413117410304
0.571724641260508
0.39793927413406155
0.2514274487616526
0.35650108846604284
0.7566384843526308
0.36877906940471505
0.33562928802681563
0.5713657548928064
0.39328202358858383
0.7021226827091603
0.40860611311002154
0.692560848135119
0.43060068865843804
0.6988515287759357
0.4518741305823162
0.7094198722525079
0.46918133757123415
0.7214979790828762
0.47458983975527097
0.7370988670721018
0.4531361144252582
0.7386086304258979
0.4289781380032269
0.7343309675901424
0.40770469607934867
0.727788659723693
0.39328202358858383
0.7126910261857327