-0.06801676332629872
0.26143828146036296
-0.07422337296190641
0.37738728594028736
-0.08198163500641603
0.49466903759814196
-0.06491345850849488
0.6026215590104855
-0.00750231937912374
0.6839191368642257
0.07163195347487432
0.7545547372945244
0.1600761407822839
0.8251903377248233
0.24541702327188963
0.8904949494434015
0.3323095581703973
0.9451375837385383
0.43161531234012035
0.9344756063150969
0.5138528900119224
0.8611745115289378
0.5883322056392146
0.7932044054544992
0.6628115212665068
0.726567046557991
0.7357391844848973
0.6492677102380413
0.7760821471163472
0.550644419071209
0.8164251097477971
0.4533538750823069
0.8707329440593644
0.37738728594028736
0.1336980498309512
0.07085543501634915
0.2655885045876147
0.06952268783841899
0.39592730693537614
0.09884312575288264
0.5138528900119224
0.14682202415836862
0.6069520345460376
0.19613366974178476
0.7248776176225837
0.28009674195138523
0.780737104343053
0.24011432661348026
0.8536647675614433
0.2187903717665976
0.9359023452332452
0.2147921302328071
1.001071746407126
0.23611608507968973
0.11662987333303007
0.2307850963679691
0.21283232268494928
0.19346817538592445
0.3214479913080839
0.18147345078455293
0.419202093068905
0.21612487741073727
0.4952330611050992
0.2894259721968964
0.4688549701537665
0.35073234238168405
0.3943756545264742
0.4093732182106114
0.2842083334944377
0.3987112407871701
0.18335092691581273
0.37205629722856676
0.11662987333303007
0.30808443268791874
0.678328045355526
0.3334066290685919
0.7217743128047799
0.29875520244240755
0.7838404091608567
0.2814294891293154
0.8443548531080317
0.2947569609086171
0.8862494681483837
0.3320738818906617
0.8629746820148548
0.37872003311821756
0.819528414565601
0.41870244845612253
0.757462318209524
0.43869365612507505
0.6953962218534472
0.42403343716784325
0.659708216448703
0.3827182746520081
0.2904149431300454
0.29342421373068694
0.738842489302701
0.35073234238168405
0.7512557085739164
0.6039543061884157
0.4207537454778069
0.7012448501773177
0.4610967081092569
0.6919156199318066
0.5014396707407069
0.686584631220086
0.5464375905988627
0.6892501255759463
0.5790222911858031
0.7039103445331781
0.5697123767323915
0.726567046557991
0.5355760237365492
0.7452255070490134
0.4905781038783934
0.7478910014048736
0.45023514124694347
0.7438927598710832
0.4129954834332973
0.7318980352697115