0.02155222585650931
0.35511794248205214
0.01649819984703138
0.4444057353161622
0.02829092720247989
0.5320088528137795
0.045137680567406295
0.6179272949749041
0.09230858998920022
0.6886836591075951
0.15632625277592058
0.7493319712213301
0.22034391556264096
0.8066109326620798
0.28604625368585396
0.862205218766337
0.35343326714555956
0.9144301541976089
0.4309283326242211
0.9397002842449985
0.5067387227663899
0.9060067775151457
0.585918463581544
0.8689439201123076
0.6634135290602055
0.8318810627094695
0.7257465165104331
0.7830254779511828
0.7830254779511828
0.7223771658374479
0.8082956079985725
0.6431974250222937
0.8352504133824549
0.5825491129085586
0.26414547431144964
0.07377716128778121
0.3332171631076478
0.14958755142995003
0.40902755324981666
0.2085511882071924
0.4983153460839267
0.2658301496479422
0.5926571649275144
0.2978389810413024
0.7594400232402859
0.31805508507921404
0.801556906652602
0.3281631370981699
0.8470431407379032
0.32142443575219937
0.8908446994867119
0.3163704097427214
0.9295922322260426
0.3163704097427214
0.21528988955316303
0.4172417978215428
0.2961543057048097
0.4138724471485576
0.36691066983750065
0.4340885511864693
0.4309283326242211
0.4677820579163221
0.47641456670952226
0.514952967338116
0.47641456670952226
0.520216125458331
0.4309283326242211
0.47304521603653704
0.36691066983750065
0.4393517093066842
0.2961543057048097
0.4191356052687725
0.21528988955316303
0.42250495594175774
0.6920530097805803
0.567177902769388
0.7206924905009552
0.5486464740679687
0.7577553479037934
0.5469617987314762
0.7863948286241682
0.5570698507504321
0.8116649586715577
0.5756012794518511
0.8116649586715577
0.5808644375720661
0.7863948286241682
0.5623330088706471
0.7577553479037934
0.5522249568516912
0.7206924905009552
0.5539096321881837
0.6920530097805803
0.5724410608896029
0.35713955288584337
0.45221914334230895
0.753712127096211
0.5617230402143308
0.5167906189407959
0.6049978958694313
0.30963170839675086
0.7274311918469258
0.37701872185645646
0.6768909317521465
0.46293716401758117
0.6971070357900583
0.5589636581976617
0.7223771658374479
0.6061345676194557
0.7746021012687196
0.5572789828611691
0.8605205434298443
0.48989196940146335
0.9211688555435794
0.39891950123086084
0.9397002842449985
0.33658651378063315
0.8908446994867119
0.2978389810413024
0.7998722313161093