0.08915059110435165
0.3841173682397784
0.09440030760970076
0.46811282645834873
0.07690125259187047
0.5458863988829509
0.06815172508295533
0.6283263856530291
0.09440030760970076
0.7029890151806473
0.14339766165962559
0.7636524016718369
0.18889520470598437
0.8289822025085029
0.23089293674877706
0.8912010604481846
0.27814038529691887
0.94875350404239
0.36738556588785337
0.9549753898363583
0.45838065198057093
0.9378652039029457
0.5458759270697224
0.9145331321755651
0.6333712021588739
0.8896455889996924
0.7138668552408933
0.8663135172723118
0.7768634533050823
0.8212048452660425
0.820611090849658
0.7527641015323927
0.8626088228924507
0.6843233577987428
0.06115210307582321
0.17101777979636845
0.13989785065605956
0.13368646503255943
0.24139236975947523
0.12435363634160718
0.33938707785932487
0.14301929372351166
0.41113320343242915
0.189683437178273
0.6333712021588739
0.25656870946343086
0.7436152487712048
0.262790595257399
0.8311105238603562
0.3125656816091444
0.8993568384298943
0.3778954824458103
0.9501040979816022
0.4525581119734283
0.12414870114001228
0.2705679524998592
0.2168936927345128
0.2332366377360502
0.31663830633614554
0.25034682366946265
0.36913547138963637
0.31878756740311254
0.36388575488428737
0.41678226865811124
0.3236379283432776
0.48677848384025324
0.25014189726839037
0.5412199845374748
0.16614643318280498
0.5054441412221579
0.10664964612218195
0.4338924545915238
0.09265040210791775
0.34056416768200115
0.5493757380732884
0.5592928811781972
0.6281214856535248
0.5437381666932768
0.7051173277319781
0.5624038240751813
0.7663640202943841
0.6059570246329585
0.7996122248282617
0.6635094682271641
0.7996122248282617
0.6672131718653302
0.7663640202943841
0.6096607282711247
0.7051173277319781
0.5661075277133475
0.6281214856535248
0.547441870331443
0.5493757380732884
0.5629965848163634
0.25889142477730553
0.4043384970701749
0.6897181593162874
0.5888321247804387
0.427408799615143
0.5749653558994285
0.26649647386034186
0.6707726693195539
0.33074817656029254
0.6667790868099371
0.39767703353940786
0.691406178952574
0.4648492681802654
0.7166988681801468
0.47896517256131516
0.7692810378901012
0.43564394877119683
0.8211976105151194
0.37723330995305987
0.8538118676769897
0.3071405433712955
0.8511494793372453
0.2747713143595779
0.7932425329478019
0.2616289206254971
0.7286796157089972