0.10146380284490328
0.30357685533355366
0.07811371368228136
0.38762768135997006
0.06449282833741857
0.47716008299680485
0.0722761913916259
0.5685196765037792
0.11508468818976611
0.6379529675690797
0.16178486651501003
0.7092134505045198
0.20653920407670207
0.7731651659594018
0.2571310639290496
0.8407712651545628
0.30966876454494896
0.9083773643497238
0.389448235850574
0.939439626142095
0.4750652294468544
0.9138589399601423
0.5548447007524795
0.879142294427492
0.6365700128216563
0.8407712651545628
0.7066202803095221
0.7950914684010757
0.7669413439796288
0.7366213285566121
0.8116956815413208
0.669015229361451
0.8622875413936684
0.6050635139065689
0.20264752254959845
0.10989451709876805
0.29799371996363805
0.08248663904667575
0.4166900065402996
0.08614102278695472
0.515927885481443
0.117203284579326
0.5976531975506197
0.1665374650730921
0.8622875413936684
0.2725145935411824
0.9128794012460161
0.2871321285022983
0.947904534989949
0.31271281468425105
0.9732004649161227
0.35473822769745933
0.9946047133151927
0.39310925697038857
0.1773515926234246
0.29809527972313515
0.27269779003746425
0.2542426748397875
0.38555655432347036
0.256069866709927
0.48090275173750996
0.30357685533355366
0.5314946115898576
0.38397329761969107
0.47895691097395815
0.47716008299680485
0.3913940766141258
0.5392846065815474
0.2824269938552234
0.5392846065815474
0.19681000025894294
0.4753328911266654
0.15205566269725082
0.38397329761969107
0.6813243503833483
0.47716008299680485
0.7358078917627995
0.41686275128220185
0.8214248853590801
0.40224521632108595
0.8836917897927384
0.44975220494471263
0.8953668343740495
0.5283214553607104
0.8583958598665647
0.5867915952051741
0.8000206369600099
0.6489161187899166
0.7202411656543848
0.6635336537510326
0.650190898166519
0.6251626244781033
0.652136738930071
0.5465933740621055
0.3602606243972965
0.4186899431523413
0.7572121401618697
0.5429389903218264
0.6034907198412751
0.7000774911538222
0.41279832501319597
0.7567204391281465
0.44198593646647333
0.729312561076054
0.48479443326461363
0.7220037935954962
0.5178737262449946
0.747584479777449
0.5314946115898576
0.7768195496996807
0.5061986816636838
0.8170177708427494
0.47895691097395815
0.8407712651545628
0.4380942549393697
0.8480800326351207
0.4069608027225404
0.8261537301934468
0.4030691211954368
0.7823011253100991