0.04993761169557641
0.34951177188226135
0.07157116479221859
0.45677466651067045
0.09011421030362612
0.5640375611390797
0.12101928615597209
0.6616948234127058
0.182829437860664
0.7353380047993747
0.2539111123210597
0.8041783700086523
0.32653804057407265
0.8698168577663354
0.39916496882708563
0.9338544067982214
0.4841539274210371
0.9834835072979333
0.5645071246371365
0.948262855330396
0.6448603218532359
0.8874271837501041
0.7205777576914835
0.8169858798150295
0.7885689245666446
0.7513473920573462
0.8519243300639537
0.6713004557674888
0.8905556748793862
0.5752441322196596
0.9168249893538805
0.47278405376864197
0.9415490500357572
0.3767277302208129
0.012851520672761275
0.08375594339993421
0.10865725581503373
0.07575124977094848
0.21682502129824455
0.07575124977094848
0.31726651781836884
0.09976533065790576
0.4038007302049375
0.13658692135124023
0.5892311853190132
0.144591614980226
0.6711296363277299
0.1109719017384858
0.7622996100921505
0.09336157575471711
0.8550148376491884
0.09976533065790576
0.9415490500357572
0.12057753409326868
0.09320471788886071
0.28387328412457813
0.1611958847640218
0.21823479636689494
0.24927535094320777
0.1862160218509519
0.33735481712239374
0.21503291891530063
0.3728956543525916
0.2966807939309553
0.3759861619378262
0.3911361787529873
0.32808329436669
0.46638029886545335
0.2369133206022694
0.46958217631704763
0.14574334683784887
0.440765279252699
0.08856895651100884
0.36552115914023287
0.6046837232451862
0.27746952922138957
0.6695843825351127
0.2134319801895035
0.7653901176773852
0.21183104146370632
0.8519243300639537
0.25665732578602657
0.9137344817686458
0.33190144589849263
0.9276417659022015
0.42155401454313307
0.8627411066122749
0.48879344102661343
0.759209102506916
0.483990624849222
0.6541318446089397
0.46958217631704763
0.61395524600089
0.3863333625755958
0.2647278888693808
0.36071834296284144
0.759209102506916
0.36552115914023287
0.44861309019083917
0.5608356836874854
0.4192532681311106
0.7049201690092289
0.44861309019083917
0.6889107817512573
0.4872444350062716
0.685708904299663
0.525875779821704
0.695314536654446
0.5536903480888155
0.7177276788156062
0.5598713632592847
0.748145514605752
0.525875779821704
0.7561502082347377
0.48569918121365435
0.7561502082347377
0.44706783639822184
0.7513473920573462
0.416162760545876
0.7337370660735776