0.10421058515279166
0.36690909873850636
0.1059807597709213
0.460531666384382
0.10421058515279166
0.5541542340302575
0.09712988668027317
0.6459410650556258
0.1272228551884768
0.7230420031169351
0.17147722064171758
0.7927999946962149
0.21396141147682868
0.8625579862754947
0.2599859515481991
0.9304802412342673
0.33964380936403243
0.9451661341983262
0.4246121910342547
0.9286445046137599
0.49718935037756956
0.8974369820651348
0.5786173828115325
0.8699009327575242
0.6600454152454955
0.8405291468294065
0.7273120507344214
0.798307204557737
0.7715664161876622
0.7267134763579498
0.801659384695866
0.642269591814611
0.8229014801134213
0.561497180512287
0.07765796588084721
0.1466207042776226
0.10244041053466202
0.1099059718674753
0.1484649506060324
0.09522007890341634
0.20334036376805095
0.10072728876493849
0.24759472922129172
0.11541318172899737
0.47240690572375466
0.1356062845545784
0.5874682559021807
0.13009907469305626
0.6848278598993103
0.18149970006726251
0.7644857177151436
0.24758621840552766
0.8140506070227732
0.3357015761898811
0.11837198209782868
0.29347963391821175
0.16262634755106942
0.23473606206197606
0.2369736815125139
0.23106458882096131
0.29184909467453246
0.28062947757466017
0.29184909467453246
0.3614018888769842
0.27060699925697684
0.43850282693829357
0.23520350689438427
0.5045893452765586
0.16793687140545835
0.5082608185175734
0.12014215671595832
0.4476815100408304
0.11660180747969903
0.36690909873850636
0.45116481030619915
0.34304452267191055
0.5184314457951251
0.28246521419516757
0.6370331452098102
0.2916438972977044
0.7166910030256436
0.3595661522564768
0.7662558923332733
0.47888903258945564
0.7574050192426252
0.5706758636148238
0.6777471614267918
0.6532840115376553
0.5538349381577178
0.6496125382966405
0.4670963818693658
0.5982119129224344
0.45116481030619915
0.4733818227279335
0.20334036376805095
0.40545956776916103
0.5945489543746992
0.49724639879452925
0.23166315765812498
0.5871974931993901
0.24344397494429804
0.7160405890294187
0.25540791374269134
0.7174494101567848
0.2640756653211192
0.7259023369209815
0.27249925488325333
0.7348248707276335
0.2827540595675904
0.753139545383393
0.27884746730689064
0.7630012932749558
0.27066803976105025
0.7620620791900452
0.2565066428160132
0.7564267946805807
0.23941530167545122
0.7338856566427229
0.23843865361027633
0.7209714629752001