0.060464703602815036
0.33210693550178944
0.0813312702025873
0.4364728890143532
0.10666924393088222
0.5332760922723835
0.13647862478769976
0.6300792955304136
0.18864504128713042
0.7072193481266565
0.2646589624720151
0.7843594007228992
0.33769194557121807
0.8448614027591682
0.4122153977132618
0.905363404795437
0.4852483808124648
0.9598152066280791
0.5702051162543947
0.9462022561699185
0.6447285683964386
0.8796500539300228
0.7132901443671189
0.8176355018428472
0.7833421893806402
0.7480581995011379
0.8429609510942752
0.6678930468030817
0.880222677165297
0.5756274936977717
0.9085415889792737
0.4742866402870213
0.9443128460074548
0.37748343702899106
0.012769694231906985
0.13093777873119544
0.10219783680235957
0.0991742276621543
0.20951160788690268
0.09312402745852738
0.3183158480142867
0.100686777713061
0.4092344596275801
0.1354754288839156
0.6134287184967803
0.12337502847666182
0.6968949848958693
0.09766167761124753
0.7803612512949585
0.08404872715308705
0.8682989248225701
0.09009892735671396
0.9368605007932505
0.10824952796759463
0.0887836154167917
0.29278063417821465
0.1543642533017902
0.22925353204013238
0.24230192682940194
0.21412803153106513
0.3317300693998545
0.23379118219285253
0.3973107072848531
0.2852178839236811
0.3898583620706487
0.3714332368253642
0.3347110074855362
0.43798543906525994
0.24230192682940194
0.4455481893197936
0.1543642533017902
0.4228599385561928
0.08282173924542817
0.3714332368253642
0.6074668423254166
0.2867304339745878
0.6730474802104153
0.22774098198922565
0.7654565608665496
0.2126154814801584
0.8563751724798432
0.24437903254919957
0.9249367484505233
0.30185593448365505
0.9234462794076824
0.383533637232618
0.857865641522684
0.4410105391670735
0.7594946846951861
0.4440356392688869
0.6655951349962108
0.4304226888107264
0.6015049661540531
0.37294578687627095
0.27211130768621944
0.32908183539997604
0.7818517203377993
0.31244378484000207
0.5329433901833729
0.5589894431377977
0.40178211441337575
0.6702395433685424
0.4599104070841699
0.6687269933176357
0.5210196378406459
0.6747771935212625
0.5821288685971218
0.6778022936230761
0.6298238779680299
0.6611642430631022
0.6298238779680299
0.6648679467012684
0.5821288685971218
0.6815059972612423
0.5210196378406459
0.6784808971594287
0.4599104070841699
0.6724306969558019
0.40178211441337575
0.6739432470067086