0.1778315526667662
0.40808115704663545
0.20338767458259177
0.4945930210713124
0.21434029826080267
0.5883142070980459
0.24902360657513736
0.6640120881196383
0.3183902232038067
0.728895986138146
0.3841059652730724
0.7919775536561396
0.4461708327829345
0.8550591211741334
0.513712012131902
0.9181406886921271
0.5995075642778879
0.9307570021957258
0.6615724317877497
0.8838964091823591
0.7254627365773136
0.8334311551679642
0.8003056650450885
0.7937798841566539
0.8696722816737579
0.7487216216438013
0.9171336509460053
0.6820353931247793
0.9463406474212346
0.5955235291001023
0.9627695829385509
0.5018023430733688
0.9682458947776564
0.40627882654612135
0.09933774963958769
0.21523179349162622
0.13949736979302788
0.1575572174751749
0.20338767458259177
0.12151060746489283
0.2800560403300684
0.1359292514690056
0.3402954705602286
0.17738285298083
0.5465698831665348
0.1287199294669492
0.6360163098719241
0.07645234495204019
0.7510188584931392
0.08185933645358248
0.8514179088767396
0.1287199294669492
0.9262608373445145
0.20081314948751344
0.17965698994646798
0.4468103054762874
0.21068942370139904
0.4035543734639489
0.26727797937215564
0.38372873795829376
0.3275174096023158
0.3927403904608642
0.37497877887456327
0.4269846699706322
0.37497877887456327
0.4333137840538329
0.3275174096023158
0.39906950454406487
0.26727797937215564
0.39005785204149446
0.21068942370139904
0.4098834875471496
0.17965698994646798
0.4531394195594881
0.6086347506763968
0.3963450514618925
0.6816522418644699
0.371112424454695
0.763796919451052
0.36931009395418085
0.8386398479188268
0.4071590344649771
0.8861012171910743
0.4504149664773156
0.8861012171910743
0.4567440805605163
0.8386398479188268
0.4134881485481778
0.763796919451052
0.37563920803738154
0.6816522418644699
0.3774415385378957
0.6086347506763968
0.40267416554509317
0.2720241162993804
0.4139282525076056
0.755764995420364
0.40203287120421244
0.3968840262309852
0.5432559445851933
0.40783664990919616
0.6622097576191243
0.43886908366412714
0.6189538256067857
0.5173628866913057
0.6207561561072997
0.6013330015575896
0.6153491646057574
0.639667184431328
0.6622097576191243
0.6268891234734152
0.7361053081402026
0.5995075642778879
0.8063961976602526
0.5210137612507092
0.8280241636664218
0.45712345646114544
0.7829659011535692
0.4242655854265126
0.7252913251371179