0.05200916328559946
0.36793082930141485
0.05671463569391839
0.47148507436281006
0.05671463569391839
0.5765401055845155
0.06926256211610228
0.6710896336840503
0.1225912494103838
0.746128941699554
0.18533088152130314
0.8196674635547478
0.24807051363222252
0.8902044130893216
0.302967691729277
0.9577397903032748
0.3970771398956561
0.9742484380666857
0.4958920604703541
0.9442327148604842
0.5868645270311872
0.9052122746924224
0.6809739751975663
0.8646910483640501
0.7703779509556264
0.824169822035678
0.8456655094887296
0.7701415202645154
0.9021311783885572
0.686097495287151
0.9476174116689736
0.5900471810273061
0.9742817553161144
0.5015007975690117
0.03318727365232364
0.11579875436932197
0.09278992415769707
0.08878460348374059
0.15866653787416243
0.07077516956001968
0.2308171148017197
0.06327123875846925
0.29355674691263905
0.07827910036157006
0.5664741465951384
0.09778932044560106
0.6637205763670635
0.09478774812498088
0.7562615337306696
0.11880032668994209
0.8393915462776377
0.15782076685800409
0.9068366507968761
0.19984277934668623
0.05828312649669138
0.28988994896529086
0.1210227586076108
0.21785221327040719
0.21826918837953585
0.1983419931863762
0.30767316413759593
0.24486636415598856
0.3249265629680988
0.3364143199349032
0.3170841089542339
0.4264614895535078
0.2653239124627254
0.5090047283705621
0.16494050108525435
0.5165086591721124
0.08024199773551319
0.4669827158818799
0.05357765408837245
0.3724331877823451
0.5335358397369058
0.33941589225552343
0.5915699994395062
0.25687265343846916
0.712343791253026
0.2613750119193994
0.81429569343327
0.3274096029730427
0.8754668347414165
0.42045834491226747
0.8582134359109136
0.5150078730118024
0.7719464417583994
0.608056614951027
0.6558781223531985
0.5990518979891667
0.5539262201729546
0.5570298855004845
0.519419422511949
0.44897328195815894
0.21670069757676286
0.38143790474420547
0.6982273740280691
0.4444709234772288
0.28885127450432013
0.567535388622655
0.3204138249474817
0.6986270023709757
0.32794698615822526
0.7000595709785444
0.33490469755425917
0.7036887447843851
0.3416008408526979
0.7074134231640637
0.34719839814123643
0.7121886518559594
0.34719839814123643
0.7157857742401946
0.3416008408526979
0.711010545548299
0.33490469755425917
0.7072858671686204
0.32794698615822526
0.7036566933627797
0.3204138249474817
0.702224124755211