0.09411653967586923
0.39415204829021555
0.11278219846585738
0.48975663301064526
0.13411437994012954
0.5880927772945158
0.15144677738797566
0.685063141796666
0.19944418570508798
0.7615468095730097
0.2621074687857625
0.8175437806235472
0.331437058577147
0.877638091019246
0.3994333870263895
0.936366621633224
0.470096238159916
0.9828031342117185
0.5554249640570046
0.95548753857731
0.6367539059276672
0.9104168057805361
0.7180828477983299
0.8639802932020416
0.7927454829582823
0.8120806614966655
0.8514089820125308
0.7410601128472034
0.8874070382503652
0.6509186472536553
0.9140722650932053
0.5607771816601074
0.9380709692517614
0.47746461497516146
0.0754508808858811
0.15787214605258215
0.1461137320194076
0.1264592110730124
0.22744267389007022
0.1032409547837652
0.3167711838135849
0.09094893674828136
0.40743295507924154
0.09641205587516308
0.6394204286119513
0.10460673456548562
0.7394150292726019
0.10870407391064689
0.8274102778539747
0.13465388976333495
0.9100724810667792
0.17016416408806598
0.9780688095160218
0.22342957557516255
0.12344828920299344
0.32449727942247397
0.18211178825724186
0.24118471273752806
0.2874394342864607
0.20977177775795827
0.3861007736049694
0.24664783186440978
0.4194323071585196
0.33678929745795777
0.4140992617899516
0.450149019340753
0.37810120555211735
0.5430220444977419
0.2661072528121885
0.5484851636246235
0.1727789588622478
0.5116091095181722
0.12078176651870944
0.4173703045794628
0.6367539059276672
0.3477155357117212
0.6767517461919276
0.25893984989989355
0.7780796081947203
0.24528205208268936
0.872741163486803
0.3081079220418289
0.9274048785146254
0.3927862685084952
0.9300714011989093
0.48702507344720447
0.8620750727496669
0.5703376401321503
0.7567474267204481
0.5880927772945158
0.6594193487440814
0.5580456220966666
0.6274210765326732
0.4542463586859143
0.3007720477078808
0.4078098461074198
0.7754130855104362
0.4446859002138713
0.49542820366061413
0.6372608494364511
0.482095590239194
0.7308329139073949
0.49276168097633016
0.7308329139073949
0.5020945103713242
0.7321986936891154
0.5114273397663183
0.7335644734708358
0.5180936464770284
0.7362960330342766
0.5180936464770284
0.7383285532837626
0.5114273397663183
0.7355969937203217
0.5020945103713242
0.7342312139386014
0.49276168097633016
0.7328654341568809
0.482095590239194
0.7328654341568809