0.03506923644550586
0.38121520124055097
0.02562044360253457
0.47030382196338755
0.05396682213144849
0.5554329484318759
0.10499030348349354
0.6286835921373193
0.16168306054132137
0.6880760059525438
0.2353836447164975
0.747468419767768
0.3053047117544852
0.8048810864558185
0.3714462616552843
0.8583342588895204
0.4470366043990548
0.9018886956873516
0.5377450156915794
0.9058481899417
0.6133353584353498
0.8504152703808238
0.6813666669047431
0.7930026036927736
0.7531774925113252
0.7296506956232008
0.8212088009807185
0.6623392932992799
0.8627834894897922
0.5851291553394882
0.8949093851558946
0.4980202817438256
0.9119172122732431
0.4029924196394666
0.002943340779403439
0.14364554597965334
0.08987223493473946
0.1297873160894343
0.20892702475617791
0.13770630459813096
0.326092056009022
0.14364554597965334
0.4281390187131121
0.10405060343617042
0.5925480141808129
0.09613161492747381
0.673807632630366
0.15354428161552405
0.7682955610600791
0.18719998277748454
0.8665630066269808
0.1891797299046587
0.9629406936252879
0.17136200576009145
0.06530537354301405
0.41685064952968565
0.13144692344381323
0.38121520124055097
0.20703726618758364
0.3594379828416354
0.2920764017743253
0.3752759598590285
0.3563281931065303
0.39903292538511825
0.3563281931065303
0.39903292538511825
0.2920764017743253
0.3752759598590285
0.20703726618758364
0.3594379828416354
0.13144692344381323
0.38121520124055097
0.06530537354301405
0.41685064952968565
0.6190046341411326
0.43466837367425293
0.6832564254733374
0.3871544426220734
0.7664058024914848
0.38121520124055097
0.8419961452352553
0.422789890911208
0.8986889022930831
0.4584253392003427
0.8986889022930831
0.4584253392003427
0.8419961452352553
0.422789890911208
0.7664058024914848
0.38121520124055097
0.6832564254733374
0.3871544426220734
0.6190046341411326
0.43466837367425293
0.20703726618758364
0.35546972864424653
0.7664058024914848
0.3772469470431621
0.5245167057114195
0.5395949714144828
0.34876915883215315
0.6702582818079765
0.39979264018419824
0.6088861208655779
0.5037293614568826
0.6029468794840555
0.5982172898865957
0.6247240978829711
0.6549100469444235
0.6959949944612405
0.6397919783956695
0.773205132421032
0.5774299456320587
0.8464557761264755
0.4905010514767228
0.8979292014330034
0.39979264018419824
0.8662532473982169
0.35254867596934175
0.7751848795482061