-0.07952647312712871
0.3060678706193964
-0.07098212773155084
0.4258111985400319
-0.0567415520722544
0.5455545264606675
-0.04250097641295796
0.6626947385569414
0.02727784431759458
0.7433913291121523
0.11272129827337321
0.8071676668090125
0.19958880979508145
0.8696424465936919
0.2864563213167898
0.9321172263783714
0.3818681782340759
0.9789733112168808
0.48297626541508054
0.9581483846219878
0.5598753739752813
0.8995782785738509
0.64531882793106
0.8345003829648098
0.7236419940571904
0.7694224873557687
0.7806042966943761
0.6848212230640153
0.8275981963700543
0.5872043796504538
0.8760161536116623
0.490889094149073
0.9101935351939737
0.3971769244720539
0.0571830532021171
0.0848030255486568
0.1682595433446293
0.05747030939285954
0.289304436448649
0.04575628818323216
0.41319744468452807
0.04705784609541298
0.5185777045633216
0.07048588851466776
0.7692118361669389
0.10823106796791157
0.8304463115019137
0.11083418379227322
0.8817123838753809
0.1277544366506239
0.9287062835510591
0.15508715280642113
0.9628836651333705
0.18632454269876086
0.06999957129548388
0.28133827028796077
0.15971519794905142
0.20454635346929234
0.289304436448649
0.1720074056647718
0.41319744468452807
0.20064167973274988
0.47158380488764345
0.29825852314631146
0.4416785960031209
0.4101925035938621
0.36762760257477944
0.4999999995343387
0.24373459433890043
0.5130155786561469
0.12838593149859928
0.4752703992029032
0.06287928346583567
0.37895511370152235
0.6723759216837232
0.3555270712822676
0.7108254759638235
0.28003671237578
0.7891486420899539
0.24749776457125944
0.864623693084225
0.2852429440245033
0.8902567292709587
0.35813018710662925
0.8745920960457326
0.42320808271567034
0.8261741388041247
0.4947937678856155
0.7521231453757833
0.5364436210754018
0.6666796914200046
0.5221264840414127
0.6581353460244268
0.44273145139838266
0.2565511124322672
0.3620348608431717
0.7336103970186978
0.4101925035938621
0.6495910006288489
0.6132355378940703
0.4872484381128695
0.7324883090332152
0.5100333591677437
0.7220758457357686
0.5456347983159848
0.7181711719992261
0.5769640647664371
0.725980519472311
0.5940527555575928
0.7376945406819384
0.5940527555575928
0.7394866553756099
0.5769640647664371
0.7277726341659825
0.5456347983159848
0.7199632866928976
0.5100333591677437
0.72386796042944
0.4872484381128695
0.7342804237268866