0.09837683610141144
0.503640950191766
0.11981561070587692
0.6001261426135898
0.13465783927819916
0.7038932363502681
0.19897416309159555
0.7676098728552461
0.2731853059532067
0.8040193794295191
0.3556421313549969
0.8367879353463649
0.43480068374071557
0.8659155406057834
0.5090118266023268
0.9041455225087702
0.5947669250201887
0.9187093251384795
0.6821711599460862
0.8914021952077746
0.7563823028076975
0.8513517379760741
0.8256460361452012
0.7949170027859508
0.8916114964666334
0.7366617922671139
0.9493312742478864
0.672945155762136
1.0037527790130683
0.6019466179423033
1.03838464568182
0.5163842774927615
1.0449811917139633
0.4235400357283651
0.04725360435230151
0.18869871832430363
0.13465783927819916
0.20144204562529916
0.22371121071213257
0.2269287002272904
0.29957149008177963
0.2669791574589908
0.3688352234192834
0.31431151600554585
0.540345420255007
0.31977294199168677
0.6178548361326898
0.25423583015799517
0.7019607980425158
0.19780109496787188
0.794312442492521
0.1541096870787442
0.8817166774184185
0.11770018050447104
0.15279834086659297
0.5044293450191616
0.21381639166391778
0.4844041164033115
0.27978185198534994
0.48804506706073875
0.3407999027826747
0.508070295676589
0.3935722710398204
0.5408388515934348
0.3935722710398204
0.5473323580808938
0.3407999027826747
0.514563802164048
0.27978185198534994
0.4945385735481977
0.21381639166391778
0.49089762289077044
0.15279834086659297
0.5109228515066205
0.6046617440684033
0.5007883943617343
0.6623815218496566
0.4661993631161749
0.7250487091550172
0.44253318384289736
0.7910141694764494
0.42614890588447446
0.8454356742416309
0.4115851032547652
0.8454356742416309
0.41807860974222416
0.7910141694764494
0.4326424123719334
0.7250487091550172
0.4490266903303563
0.6623815218496566
0.4726928696036338
0.6046617440684033
0.5072819008491932
0.27615375166767114
0.5084042883943765
0.7257083637582314
0.45269774333573864
0.5378167442760188
0.5713220181409269
0.3375016297666031
0.7111751376651227
0.4677834139014316
0.6747656310908496
0.6030126075603677
0.672945155762136
0.7316452551871603
0.6219718465581536
0.860277902813953
0.6565608778037131
0.8718218583702038
0.7657893975265323
0.7646279853478765
0.8422493613325058
0.6277496551809048
0.8640950652770697
0.49087132501393294
0.8750179172493516
0.36058954087910433
0.8440698366612196