0.16443799765139128
0.4696484252537558
0.20722127012871452
0.5682911025799675
0.23574345178026335
0.6719923787434209
0.280903572728549
0.7643118075230806
0.34032478450260906
0.8414554397910154
0.4009344205121504
0.9249223206055024
0.4674861776990976
0.9970073540361956
0.5673138134795185
1.0298882464782662
0.6849678127921575
1.0286235967689557
0.7871722970435407
0.9894194557803331
0.8727388419981874
0.9072172246751566
0.9202758114174353
0.7959280502558408
0.9392905991851346
0.6732570284527313
0.9559285384818713
0.5505860066496218
0.9571169627173526
0.4253856854278915
0.9535516900109089
0.30145001391547155
0.941667447656097
0.19395478862408697
0.11333575552569962
0.40009269124168334
0.1656264218868725
0.377328996474096
0.21078654283515813
0.34697740345064626
0.251192966841519
0.30777326246202363
0.2999183604962482
0.2862742174037467
0.47699357158294725
0.21165988455443266
0.517399995589308
0.16360319560063719
0.581574904305293
0.1484273990889123
0.6493150857277215
0.13831020141442904
0.7087362975017815
0.12060510548408336
0.21672866401256413
0.43929683223030597
0.2523813910770002
0.41779778717202903
0.2904109666123986
0.3912401432765105
0.3320058148542407
0.3798582958927168
0.3712238146251203
0.39376944269513126
0.39618072357022555
0.41906243688133943
0.36884696615415796
0.4544726287420308
0.32962896638327827
0.48103027263754944
0.2880341181414362
0.4785009732189286
0.24762769413507538
0.4620605269978933
0.5447337530053757
0.29006816653167794
0.5756327831278869
0.22936498048477835
0.6398076918438718
0.21924778281029508
0.7051710247953379
0.20660128571719105
0.7693459335113229
0.18510224065891412
0.7717227819822853
0.21418918397305348
0.7384469033888115
0.274892370019953
0.676648843143789
0.30145001391547155
0.6100970859568418
0.3229490589737485
0.5471106014763382
0.3254783583923693
0.32962896638327827
0.4355028831023747
0.6314887221955034
0.27995096885719467
0.36765854191867675
0.616347791533763
0.4556019353442856
0.7944703242550326
0.5102694501764209
0.748942934719858
0.581574904305293
0.7213137174065267
0.6540687826696463
0.7046801948939938
0.706359449030819
0.6705346527426127
0.706359449030819
0.6719923787434209
0.6540687826696463
0.706137920894802
0.5803864800698117
0.7213137174065267
0.5102694501764209
0.7504006607206661
0.4556019353442856
0.7959280502558408