0.14192476346729394
0.3519952941112956
0.12549321892038073
0.436569421873486
0.1378168773305656
0.526217997301408
0.17684179562948446
0.6074091599531107
0.23435220154368072
0.6784514272733507
0.3021323227996977
0.7393447992621279
0.3760742732608071
0.7951637235851736
0.4500162237219166
0.8408337525767565
0.5362818325932109
0.8797378513473642
0.6287092706695977
0.8848122990130955
0.7252445948827129
0.8577485781291945
0.7991865453438222
0.8086955840271242
0.8525890651212902
0.7494936945935907
0.8875060972834807
0.6699940144971318
0.9018836987620298
0.5820369216244536
0.8875060972834807
0.49407982875177564
0.8833982111467524
0.4061227358790975
0.22408248620185994
0.28941043956727464
0.2713231767742354
0.2454318931309356
0.35348089950880146
0.23020855013374134
0.44385439451682407
0.24712337568617943
0.5116345157728411
0.2809530267910556
0.6800578473787015
0.3063252651197127
0.714974879540892
0.27757006168056797
0.7704313423867242
0.2674211663491052
0.8176720329590996
0.2826445093462994
0.8628587804631109
0.30463378256446894
0.32472569655170336
0.35216778081923167
0.3596427287138939
0.3284870250458183
0.4048294762179052
0.31833812971435543
0.456178052927009
0.3234125773800869
0.4808253697473788
0.3470933331535002
0.4808253697473788
0.3519952941112956
0.456178052927009
0.32831453833788227
0.4048294762179052
0.3232400906721508
0.3596427287138939
0.33338898600361366
0.32472569655170336
0.35706974177702705
0.6759499612419732
0.3437103680430126
0.714974879540892
0.33863592037728113
0.7539997978398109
0.3437103680430126
0.7848089438652731
0.35555074592971925
0.809456260685643
0.37246557148215736
0.809456260685643
0.37736753243995275
0.7848089438652731
0.36045270688751463
0.7539997978398109
0.34861232900080796
0.714974879540892
0.3435378813350765
0.6759499612419732
0.34861232900080796
0.4052402648315781
0.33635074970149614
0.7478379686347184
0.35326557525393426
0.6307632137379618
0.4687075904231184
0.5034187434993845
0.6040261948426231
0.5486054910033958
0.5904943344006727
0.6040619538492278
0.5837284041796974
0.6574644736266958
0.5921858169559165
0.7026512211307071
0.6175580552845736
0.6923815057888862
0.6429302936132307
0.6513026444216032
0.6699940144971318
0.5958461815757713
0.6649195668314003
0.5424436617983034
0.6547706714999374
0.49314902815756373
0.6378558459474994