0.02952993702392909
0.4542274882109935
0.044231845877819385
0.5152575014461419
0.0736356635855999
0.5762875146812904
0.12019170828958572
0.6301375263593625
0.17164838927820175
0.6821925376481657
0.22800570655144775
0.7288625477691615
0.28436302382469375
0.7737375575008882
0.35297193180951497
0.813227566064808
0.4387330667905416
0.8329725703467676
0.5342954743408284
0.8239975684004224
0.6078050186102797
0.7988675629506553
0.6764139265951009
0.7611725547760049
0.7425725164376071
0.714502544655009
0.794029197426223
0.6696275349232821
0.8283336514186337
0.6068025212988646
0.8552871509840994
0.542182507285178
0.8601877872687292
0.4703824917144151
0.15204584413968136
0.3734524706938852
0.22800570655144775
0.366272469136809
0.3015152508208991
0.3572974671904636
0.37257447694803536
0.3393474632977729
0.4313821123635964
0.31780745862654397
0.6543610633142656
0.3231924597943512
0.6960164717336214
0.34832246524411825
0.7548241071491825
0.36268246835827084
0.8209826969916887
0.3608874679690018
0.8871412868341949
0.3572974671904636
0.18144966184746195
0.46636353863697083
0.23780697912070795
0.4807235417511234
0.2941642963939539
0.4807235417511234
0.3431706592402549
0.4609785374691635
0.3823757495172956
0.4394385327979347
0.3823757495172956
0.44525248626464814
0.3431706592402549
0.46679249093587694
0.2941642963939539
0.48653749521783685
0.23780697912070795
0.48653749521783685
0.18144966184746195
0.47217749210368426
0.6298578818911151
0.4376435324086656
0.6666126540258408
0.45559353630135635
0.7009171080182515
0.46995353941550894
0.7474731527222372
0.46636353863697083
0.7646253797184427
0.45559353630135635
0.7646253797184427
0.4614074897680698
0.7474731527222372
0.47217749210368426
0.7009171080182515
0.47576749288222236
0.6666126540258408
0.4614074897680698
0.6298578818911151
0.44345748587537903
0.28779346922393495
0.4685525152146197
0.7018972352751772
0.4599365133461282
0.5416464287677735
0.6355225275271698
0.467545428395005
0.7192321619597577
0.48528911149452775
0.7079111362488328
0.5091585899498381
0.7013072045841265
0.5323943654373083
0.7027223327979921
0.5484481739559242
0.7166377602343373
0.5522503917629648
0.7322041705868593
0.534506708663442
0.7435251962977841
0.5106372302081317
0.747298871534759
0.48486664284930103
0.7447044698093389
0.4650106165236446
0.7355061364192124