0.064464015795214
0.39984266473742097
0.04456250358087158
0.4770724082524451
0.041719430407394086
0.5615424402220027
0.05735633286152028
0.6399788984794491
0.08578706459629519
0.7147952125096287
0.12559008902498
0.7859913823125416
0.1625500402801874
0.8571875521154545
0.2009315281221335
0.9235568629486784
0.264900674525377
0.9682053084183017
0.36311396354971326
0.9627366966083242
0.44416899820819405
0.9424254934665534
0.5233200555424824
0.9099717232291585
0.5994791485101825
0.8792841445693089
0.6799893578530906
0.845120404691232
0.7398344677454795
0.7982230817470943
0.7943336351902556
0.7406449620657671
0.8434660653280461
0.6918676324036059
0.14549160123932245
0.3153726327678633
0.2293622598569084
0.3612277929799089
0.2734298940458095
0.4420776807221998
0.32602674775514306
0.5193074242372239
0.3928389673318641
0.5506820075402025
0.5421003089394322
0.6182580331158486
0.6259709675570182
0.6363587542521825
0.7141062359348204
0.6073976004340483
0.8050845774861001
0.5977438824946703
0.8690537238893435
0.6315318952824934
0.17676540614757483
0.4215635301010215
0.19240230860170104
0.47465897876760055
0.2421560891375571
0.5084469915554237
0.2862237233264582
0.5458551485705135
0.3075467721275394
0.5796431613583365
0.3075467721275394
0.5796431613583365
0.2862237233264582
0.5458551485705135
0.2421560891375571
0.5084469915554237
0.19240230860170104
0.47465897876760055
0.17676540614757483
0.4215635301010215
0.543521845526171
0.6798004849793834
0.6003833089957208
0.6653199080703164
0.6615093822254868
0.6773870554945389
0.7297431383889466
0.6773870554945389
0.7866046018584963
0.6616997638430496
0.7866046018584963
0.6616997638430496
0.7297431383889466
0.6773870554945389
0.6615093822254868
0.6773870554945389
0.6003833089957208
0.6653199080703164
0.543521845526171
0.6798004849793834
0.24101885986816607
0.5060335620705793
0.6643524553989643
0.6723188535763656
0.348771333142963
0.7944383855094974
0.18387308908126856
0.7582369432368299
0.26205760135189954
0.7739242348883192
0.33313443068883675
0.8125391066458312
0.41131894295946775
0.8306398277821649
0.47813116253618876
0.8596009816002991
0.4354850649340264
0.9139031450093004
0.35872208925013416
0.9271770071759451
0.2776945038060257
0.9102830007820335
0.21230382081604346
0.8668412700548326
0.1710792598006199
0.8052988181912977