0.09697786895145961
0.4108429286252627
0.09866113182279908
0.4964898969728614
0.10371092043681733
0.579328767997588
0.10539418330815675
0.6663797850066228
0.12391007489289045
0.740794364062733
0.16599164667637611
0.799764407843047
0.2198560585592378
0.8573304029619248
0.2787702590561177
0.9078761547736224
0.3662999283657679
0.9303409333565991
0.4605626491607758
0.9163004467422385
0.5497755813417654
0.8924316194978259
0.6305721991660579
0.8559263543004887
0.7080022912476714
0.8138048944574074
0.7786993318439275
0.77027938595289
0.8392967952121468
0.7169255368183204
0.8864281556096508
0.6481271524079542
0.9116770986797421
0.5807328166590241
0.10371092043681733
0.32940810626197214
0.17104143529039442
0.3167716683090478
0.2282723729159349
0.34906478752207676
0.28718657341281484
0.3785498094122337
0.3528338253950525
0.37995385807366977
0.6019567303532876
0.40241863665664646
0.6524546164934705
0.4361158045311115
0.7265181828324052
0.45015629114547195
0.8022650120426795
0.4627927290983964
0.8813783669956325
0.4698129724055766
0.17272469816173383
0.43515018485782503
0.2215393214305772
0.4421704281650053
0.26362089321406285
0.45340281745649363
0.3040192021262091
0.47305949871659825
0.3343179338103188
0.4870999853309586
0.3343179338103188
0.4894696536656811
0.3040192021262091
0.47542916705132077
0.26362089321406285
0.45577248579121615
0.2215393214305772
0.4445400964997278
0.17272469816173383
0.43751985319254755
0.6019567303532876
0.5236052505282959
0.650771353622131
0.5236052505282959
0.6995859768909743
0.5334335911583482
0.7467173372884784
0.5432619317884004
0.7938486976859823
0.5418578831269644
0.7938486976859823
0.5442275514616869
0.7467173372884784
0.545631600123123
0.6995859768909743
0.5358032594930707
0.650771353622131
0.5259749188630184
0.6019567303532876
0.5259749188630184
0.2592444097485804
0.4593614170727375
0.6985760191681705
0.5343376155934223
0.3410509852956765
0.6762081256366751
0.3139098225840104
0.7561409424551736
0.34385158645230157
0.7476170609884788
0.37466884049218013
0.7516936999508111
0.40128374170843895
0.7687414628842009
0.41774295693428315
0.7898658647799229
0.42212040779222043
0.8150669056379773
0.3920035458896119
0.8180317339742189
0.3582096252663359
0.8146963020959471
0.3301939397755372
0.8028369887509803
0.3128592343781054
0.779488965603077