0.14326967450093156
0.4868835639763648
0.15308794028909004
0.5705008733129463
0.14916063397382662
0.6557577377345586
0.1982519629146188
0.7246190513058608
0.23163406659435753
0.7967594750472252
0.2826890486927814
0.8623416784484655
0.3514169092098905
0.9098887759143648
0.44567226077621147
0.9246447716796439
0.5320729997120058
0.8902141148939926
0.6066918197020098
0.8410274623430624
0.6773833333767507
0.7836430343669772
0.7500385002091231
0.7278981614759229
0.8148390544109687
0.6688741784148067
0.8698213428246561
0.6049315300985973
0.8933851807162364
0.521314220762016
0.9051670996620265
0.43441780125537266
0.8914215275586046
0.35407960208885325
0.11185122397882462
0.41802225040506247
0.1393423681856682
0.4213013605751246
0.1687971655501435
0.4147431402350004
0.19039735028409213
0.3983475893846904
0.21003388186040894
0.38195203853438037
0.3631988281556806
0.293416063942706
0.4515632202491065
0.31473028004810905
0.5418912655001642
0.29505561902773697
0.6263283512783268
0.26882273766724085
0.6989835181106991
0.23439208088158972
0.17076081870777524
0.4672089029559927
0.19039735028409213
0.4491737970206517
0.21788849449093572
0.43441780125537266
0.24930694501304274
0.4245804707451866
0.2846527018504131
0.43441780125537266
0.28858000816567647
0.4573715724458067
0.2748344360622547
0.4868835639763648
0.24930694501304274
0.503279114826675
0.21396118817567236
0.5114768902518299
0.18647004396882869
0.49836044957158193
0.42603572919989463
0.37047515293916333
0.46727244551016
0.35899826734394624
0.5183274276085839
0.3491609368337602
0.5674187565493762
0.34260271649363616
0.6184737386478
0.3409631614086052
0.6282920044359585
0.3688355978541323
0.592946247598588
0.3999871444697214
0.5458185718154276
0.4131035851499695
0.49279993655937204
0.4131035851499695
0.44370860761857983
0.4016266995547525
0.22574310712146248
0.4672089029559927
0.5202910807662157
0.3786729283643183
0.24145233238251596
0.6049315300985973
0.25127059817067443
0.7394393433489842
0.2964346207962032
0.7361602331789223
0.3415986434217321
0.7394393433489842
0.37890805341673406
0.7492766738591703
0.3946172786777876
0.7607535594543874
0.3946172786777876
0.765607928431636
0.37890805341673406
0.754131042836419
0.3415986434217321
0.7442937123262329
0.2964346207962032
0.741014602156171
0.25127059817067443
0.7442937123262329