0.056286927896142674
0.36904627928736533
0.06396723995735777
0.47412291877172574
0.04860661583492757
0.5776312502040808
0.05052669385023135
0.6748663494284143
0.09084833217161059
0.7611232922887102
0.1350101265235974
0.8536534673570275
0.2098931691204446
0.9195224055412535
0.31933761599275967
0.954025182685372
0.44222260897220134
0.9446153343733396
0.5478268998139089
0.9022710169691943
0.6419107225637938
0.8567900834610382
0.74175477935959
0.809740841900877
0.818557899971741
0.7454402117686563
0.8627196943237277
0.652910036700339
0.8876807085226768
0.5509700133199894
0.8992011766144995
0.4474616818876343
0.9088015666910184
0.34395335045527925
0.0697274740032691
0.30788226525915546
0.09468848820221815
0.26710625590701564
0.1446105166001163
0.24044501902292417
0.21181324713574834
0.24828655928295112
0.2540549634724314
0.27651610421904793
0.44798284301811253
0.1714394647346875
0.5401465877526938
0.19810070161877893
0.6572713466862239
0.2012373177227897
0.7628756375279315
0.2153520901908381
0.835838602109475
0.2592647156469888
0.14653059461542003
0.35649981487132226
0.1714916088143691
0.3298385779872308
0.2098931691204446
0.3125871894151716
0.2559750414877352
0.30788226525915546
0.282856133701988
0.31572380551918244
0.2924565237785069
0.3533631987673115
0.2694155875948616
0.38472935980741907
0.22909394927348237
0.4004124403274729
0.181091998890888
0.405117364483489
0.14845067263072387
0.38629766785942443
0.5055851834772257
0.2718111800630318
0.5516670558445164
0.2514231753869618
0.6131095523342371
0.2529914834389672
0.6687918147780466
0.26396963980300486
0.7263941552371598
0.28592595253108016
0.7359945453136787
0.3172921135711878
0.6956729069922994
0.34708996655929
0.6323103324872749
0.35493150681931696
0.5843083821046805
0.3345435021432469
0.5343863537067824
0.30945057331116094
0.2540549634724314
0.3455216585072846
0.5939087721811995
0.27965272032305866
0.22141363721226726
0.4160955208475267
0.19069238896740684
0.6632080152628163
0.22141363721226726
0.6255686220146872
0.2674955095795578
0.6020440012346064
0.3289380060692786
0.5894975368185634
0.3730998004212654
0.6036123092866118
0.3730998004212654
0.6074291031921829
0.3289380060692786
0.5933143307241345
0.2674955095795578
0.6058607951401775
0.22141363721226726
0.6293854159202583
0.19069238896740684
0.6670248091683874