0.044472038594771515
0.49836044957158193
0.06792678490638832
0.5770590936530703
0.10779985363613691
0.6459204072243725
0.15470934625937058
0.7098630555405818
0.23211000908770607
0.759049708091512
0.314201621178365
0.8049572504723802
0.39863870790018546
0.8508647928532483
0.48073031999084437
0.8902141148939926
0.5815857291307966
0.9148074411694578
0.6847866129019107
0.8984118903191476
0.7551508518367611
0.8492252377682175
0.806751293722318
0.7803639241969151
0.8513153117143901
0.7115026106256128
0.8982248043376236
0.6426412970543105
0.9334069238050489
0.5705008733129463
0.9380978730673722
0.4868835639763648
0.9380978730673722
0.40818491989487643
0.14767292236588556
0.4557320173607757
0.21569168666957425
0.4147431402350004
0.2977832987602332
0.3852311487044423
0.38925680937553875
0.3655564876840703
0.48073031999084437
0.3655564876840703
0.7293506308939826
0.3376840512385431
0.7762601235172163
0.29833472919779896
0.8419334131897432
0.28029962326245794
0.9146431267557555
0.2917765088576749
0.9685890432724743
0.311451169878047
0.24618285687467614
0.5000000046566129
0.29309234949790974
0.47868578855120986
0.3493837406457902
0.46229023770089966
0.40802060642483223
0.4508133521056827
0.4690029468350359
0.4491737970206517
0.4643119975727126
0.48360445380630285
0.42912987810528735
0.518035110591954
0.37752943621973034
0.5409888817823881
0.314201621178365
0.5475471021225121
0.2602557046616462
0.529511996187171
0.7012049353200425
0.40818491989487643
0.7387325294186292
0.3917893690445664
0.785642022041863
0.3852311487044423
0.8372424639274201
0.3868707037894734
0.8864974311818153
0.39670803429965945
0.881806481919492
0.41802225040506247
0.8560062609767134
0.44589468685058964
0.8114422429846415
0.4590111275308377
0.7645327503614078
0.4508133521056827
0.7246596816316592
0.4376969114254346
0.41036608105599387
0.4885231190613959
0.8372424639274201
0.4196618054900936
0.7598418010990844
0.5983733097584732
0.637877120278677
0.7984633264101006
0.6566409173279706
0.7755095552196665
0.6847866129019107
0.7623931145394184
0.727005156262821
0.7607535594543874
0.7481144279432761
0.7705908899645735
0.7481144279432761
0.7754452589418221
0.727005156262821
0.765607928431636
0.6847866129019107
0.767247483516667
0.6566409173279706
0.7803639241969151
0.637877120278677
0.8033176953873493