0.06367448653822823
0.5026082387278608
0.08864610987978645
0.5878112210324467
0.1249684711038711
0.6695365305899068
0.16129083232795574
0.7460453310266779
0.21804452174058803
0.8086434404749452
0.3065802772242944
0.8695027135496496
0.39284588513149543
0.9303619866243538
0.47911149303869643
0.9790494050841174
0.5858084291344451
0.9877435869519323
0.685694922500678
0.9529668594806726
0.771960530407879
0.8973240955266573
0.8400649577030376
0.826031804210575
0.9036290898451859
0.749523003773804
0.9626529268343234
0.6712753669634698
0.9944349929053974
0.5825947119117578
1.0057857307879239
0.49217522048648277
0.9944349929053974
0.4017557290612078
0.09091625745629174
0.44174896565315636
0.14994009444542933
0.4069722381818967
0.2362057023526303
0.384367365325578
0.3156608675303155
0.3548071469750073
0.3678742617899372
0.3061197285152439
0.5290547397218128
0.2852536920324881
0.6244009379350351
0.2869925284060511
0.717476988571752
0.28177601928536217
0.8082828916319635
0.27308183741754727
0.8945484995391647
0.2626488191761694
0.17945201293999813
0.47478685675085297
0.22258481689359863
0.4434878020267193
0.2793385063062309
0.42262176554396363
0.342902638448379
0.4139275836761487
0.39511603270800066
0.43479362015890444
0.40192647543751653
0.4765256931244159
0.3701444093664425
0.5113024205956757
0.31112057237730495
0.5321684570784313
0.24755644023515683
0.5339072934519944
0.19080275082252457
0.5165189297163645
0.5903487242874557
0.40001689268764484
0.6312113806645508
0.36524016521638525
0.701585955536215
0.3548071469750073
0.7742306779843843
0.3478518014807554
0.8446052528560483
0.3443741287336295
0.842335105279543
0.40001689268764484
0.7969321537494372
0.43653245653246736
0.733368021607289
0.4608761657623491
0.6629934467356249
0.46261500213591217
0.601699462169982
0.44001012927959343
0.30203998207128374
0.47130918400372707
0.7129366934187413
0.39480038356695585
0.46776075515617
0.6260656212508323
0.4927323784977282
0.7286569672910481
0.5199741494157917
0.7164851126761074
0.554026363063371
0.7077909308082924
0.5948890194404663
0.7095297671818555
0.6198606427820245
0.7251792945439223
0.6334815282410561
0.7425676582795521
0.6130502000525087
0.7634336947623078
0.5744576912519187
0.7703890402565596
0.5381353300278341
0.7651725311358708
0.5018129688037494
0.7512618401473669