0.060405341270892456
0.3456990208199817
0.03184927438748378
0.43038513131966133
0.01400173258535338
0.5179419574294997
0.00864747004471425
0.6054987835393381
0.03363402856769681
0.6815727472085417
0.0764681288928098
0.750469921852349
0.12465649175856194
0.8107549496656802
0.1799838713451662
0.8724753352840909
0.24245026765262265
0.9284542896821842
0.32990322248306164
0.9557260879786912
0.42806470239477895
0.941372509927898
0.5119481488647918
0.909794638216153
0.5869078244337397
0.8638631884536149
0.6565132374620483
0.8150610230809181
0.7082711086882265
0.750469921852349
0.7493204548331264
0.6801373894034625
0.8117868511405828
0.6198523615901311
0.15856682118260973
0.31412114910823674
0.25137403855368784
0.31842722252347466
0.344181255924766
0.33421615837934715
0.43341896493541804
0.3500050942352196
0.5065938863241528
0.37297081911648866
0.6565132374620483
0.4389972781501373
0.7118406170486524
0.4318204891247407
0.7600289799144045
0.46339836083648567
0.8082173427801567
0.4935408747431513
0.8528361972854828
0.5265541042599756
0.22281797167027917
0.378712250336806
0.27279108871624436
0.38158296594696456
0.32454895994242255
0.39737190180283705
0.3727373228081747
0.41316083765870953
0.3995086355113703
0.45048014059077174
0.39058486461030506
0.47201050766696157
0.33882699338412686
0.47918729669235816
0.28528436797773565
0.4677044342517236
0.24245026765262265
0.4418679937602959
0.20853993822857486
0.4117254798536302
0.6083248745962961
0.5322955354802928
0.6475894665609829
0.5279894620650549
0.6886388127058829
0.5322955354802928
0.7243338963101438
0.550955186946324
0.7475357006529134
0.5724855540225137
0.729688158850783
0.5940159210987035
0.693993075246522
0.5997573523190207
0.6547284832818352
0.5897098476834655
0.6190333996775743
0.578226985242831
0.5922620869743788
0.5566966181666412
0.28528436797773565
0.42607905790442346
0.6386656956599178
0.5595673337767999
0.5886925786139527
0.6543009489120348
0.27814535125688344
0.7248586944056513
0.3209794515819965
0.7564365661173962
0.387015356249879
0.7707901441681895
0.45662076927818757
0.7822730066088239
0.517302411405431
0.7837083644139032
0.517302411405431
0.7863538669793319
0.45662076927818757
0.7849185091742525
0.387015356249879
0.7734356467336181
0.3209794515819965
0.7590820686828248
0.27814535125688344
0.7275041969710799