0.1744154579752427
0.4701425533507339
0.19333693346267697
0.5408575607784437
0.22361129424257187
0.6100011235966488
0.2501013599249799
0.6760017971958446
0.28037572070487476
0.7404310261855357
0.3220029667772302
0.8001459213467129
0.37498309814204633
0.8551464826793761
0.4431004098968098
0.9007183763550113
0.522570606944034
0.9211471562785718
0.602040803991258
0.9038612655740205
0.6644816730997912
0.8582893718983853
0.7269225422083245
0.8158603674417594
0.7817948211218839
0.762431250718601
0.8272063622917263
0.7027163555574238
0.865049313266595
0.6351442373487234
0.8934315264977464
0.5691435637495276
0.9123530019851808
0.5062857793693412
0.23117988443754559
0.4057133243610428
0.2879443108998485
0.39314176748500546
0.36173806530084235
0.38528454443748217
0.426071081958119
0.41042765818955673
0.47148262312796135
0.4449994395986593
0.64177590251487
0.4339993273321267
0.6947560338796861
0.40885621358005214
0.7609811980857062
0.39628465670401486
0.8328828049379565
0.3947132120945101
0.8896472314002595
0.4151419920180707
0.27659142560738786
0.4659052652072481
0.31443437658225654
0.48790548974031334
0.35795377020335545
0.5020484912258554
0.40525745892194126
0.5099057142733787
0.4393161147993229
0.498905602006846
0.4393161147993229
0.5031428901503318
0.40525745892194126
0.5141430024168645
0.35795377020335545
0.5062857793693412
0.31443437658225654
0.4921427778837991
0.27659142560738786
0.4701425533507339
0.6701581157460216
0.498905602006846
0.7193539520133507
0.4957627127878367
0.7666576407319364
0.4957627127878367
0.8120691819017788
0.4894769343498181
0.8518042804253909
0.4784768220832854
0.8518042804253909
0.4827141102267712
0.8120691819017788
0.4937142224933039
0.7666576407319364
0.5000000009313225
0.7193539520133507
0.5000000009313225
0.6701581157460216
0.5031428901503318
0.35871062922285285
0.4950527565624712
0.7640086341636959
0.4937956008748676
0.5395999348827248
0.7467168046235544
0.4771590657741916
0.8446234160978715
0.5112177216515734
0.8320518592218342
0.5509528201751853
0.8289089700028249
0.5906879186987974
0.833623303831339
0.6152858368324621
0.8446234160978715
0.6152858368324621
0.8488607042413573
0.5906879186987974
0.8378605919748248
0.5509528201751853
0.8331462581463107
0.5112177216515734
0.83628914736532
0.4771590657741916
0.8488607042413573