0.08504767003253302
0.42280336420275844
0.10661781635998886
0.4921228144272636
0.1105396611467991
0.5708949169551103
0.13407072986766003
0.6449406933312861
0.16348456576873624
0.7142601435557913
0.18505471209619218
0.7867304778814102
0.22035131517748363
0.8481727178531306
0.2870226765532565
0.885983327066497
0.37526418425648517
0.885983327066497
0.4595838471729037
0.8639271383586999
0.5439035100893223
0.8308428552970043
0.6262622506123356
0.7914568040330809
0.6929336119881084
0.7473444266174868
0.7439175942166406
0.6906285127974372
0.7792141972979322
0.6213090625729322
0.8125498779858185
0.5488387282473132
0.8301981795264642
0.479519278022808
0.1183833507204194
0.3235505150176716
0.16740641055554648
0.30622065246154534
0.22623408235769893
0.29676800015820376
0.28113990937304123
0.31882418886600083
0.3144755900609276
0.3534839139782534
0.5282161309420815
0.337729493472684
0.6007702594980697
0.30779609451210227
0.6752853104474628
0.32512595706822855
0.7478394390034507
0.3582102401299242
0.7968624988385778
0.4038980595960753
0.17525010012916678
0.4153789756171997
0.21054670321045824
0.4027754392127443
0.251726073471965
0.40119999716218735
0.2929054437334717
0.40119999716218735
0.32231927963454793
0.4043508812633012
0.32231927963454793
0.40862438574774607
0.2929054437334717
0.4054735016466322
0.251726073471965
0.4054735016466322
0.21054670321045824
0.40704894369718914
0.17525010012916678
0.4196524801016446
0.5556690444497527
0.42640706997109823
0.6007702594980697
0.4201053017688705
0.6458714745463865
0.434284280223883
0.6890117672012983
0.45634046893168
0.706660068741944
0.4657931212350216
0.706660068741944
0.47006662571946645
0.6890117672012983
0.46061397341612487
0.6458714745463865
0.43855778470832785
0.6007702594980697
0.42437880625331537
0.5556690444497527
0.4306805744555431
0.25054952003592185
0.4071178103257466
0.6395965228874902
0.44272280066833314
0.2948663661268768
0.5929511056629073
0.23211684953791417
0.6748740922918679
0.31251466766752256
0.6780249763929818
0.39095156340372583
0.6985057230502218
0.47134938153333417
0.7142601435557913
0.5537081220563477
0.7142601435557913
0.5360598205157019
0.7662497312241701
0.46154476956630874
0.789881361982524
0.37526418425648517
0.7914568040330809
0.29682728852028184
0.7662497312241701
0.24780422868515478
0.7158355856063482