0.05417337998846508
0.4231711423999032
0.03199888707835548
0.4999999888241291
0.04530358282442125
0.5839426173246722
0.07191297431655276
0.6664624894099519
0.09187001793565142
0.7504051179104951
0.1450888009199145
0.8186974258431405
0.22491697539630906
0.8699166567926245
0.32691964278281327
0.9026400543436836
0.46440149882549286
0.9026400543436836
0.5930135577041287
0.8898352466063125
0.686146427926589
0.8443070413178824
0.7748443995670274
0.7973560796141888
0.8635423712074659
0.7461368486647049
0.9012390091546522
0.6693080022404788
0.9167611541917289
0.5825198609094089
0.9411530963928494
0.5014227452393926
0.9433705456838605
0.4231711423999032
0.03421633636936646
0.3975615269251612
0.10295726439070627
0.38191120635726333
0.18722033744912273
0.37479742428094615
0.27148341050753927
0.3790656935267364
0.3380068892378681
0.35345607805199447
0.5198377311007669
0.33353748823830626
0.6063182534501944
0.3577243472977848
0.7171907180007424
0.35345607805199447
0.8258457332602795
0.3548788344672579
0.905673907736674
0.3762201806962095
0.17391564170305696
0.4103663346625322
0.20495993177721047
0.3975615269251612
0.2537438161794516
0.3975615269251612
0.3047451498727037
0.3975615269251612
0.34244178781989004
0.40752082183200533
0.34244178781989004
0.42459389881516657
0.3047451498727037
0.4331304373067473
0.25596126547046255
0.4373987065525376
0.2071773810682214
0.43455319372201073
0.16726329383002408
0.42601665523043003
0.6129706013232272
0.3876022320183171
0.6462323406883917
0.38191120635726333
0.6972336743816439
0.3790656935267364
0.7371477616198411
0.3890249884335806
0.7814967474400603
0.39613877050989776
0.801453791059159
0.4146346039083226
0.7504524573659069
0.41605736032358603
0.6994511236726548
0.41605736032358603
0.6462323406883917
0.4132118474930591
0.6085357027412054
0.40609806541674187
0.2470914683064187
0.41605736032358603
0.679494080053556
0.3975615269251612
0.3490941356929229
0.5981701814773068
0.22935187397833104
0.6721535150710057
0.30696259916371466
0.6664624894099519
0.3890082229311202
0.6636169765794252
0.4688363974075148
0.6678852458252155
0.5508820211749204
0.6721535150710057
0.5397947747198655
0.6963403741304843
0.47327129598953666
0.7176817203594359
0.39122567222213117
0.7219499896052264
0.3091800484547256
0.7205272331899628
0.24487401901540773
0.6963403741304843