0.1082966599727597
0.5668141572211872
0.13845908859159023
0.6425827611338191
0.17804727615380528
0.7169737540662213
0.23271667802543566
0.7789662481765564
0.3024672942064813
0.8326930764055135
0.3703327585988499
0.8822870716937816
0.4476239819346032
0.9429019548238871
0.5305706606363871
0.9856078952110069
0.6399094643796477
0.9828526732505475
0.7247412948701087
0.9332586779622795
0.7888364556851234
0.8671333509112552
0.8529316165001384
0.8065184677811499
0.9113713219491225
0.7293722528882883
0.9471892059339837
0.6591140928965752
0.9302228398358916
0.5695693791816466
0.9094861701604456
0.4869127203678663
0.8849791969076457
0.4083888944947751
0.049856954523775567
0.5075768850713114
0.09887090102937515
0.5020664411503927
0.14411454395762097
0.4855351093876367
0.18181757973115908
0.46211572272373225
0.21009485656131274
0.4359411140993686
0.4080357943723881
0.3326202905821433
0.5004082320175566
0.33813073450306197
0.5890103660853713
0.31746656979961696
0.6794976519418628
0.2968024050961719
0.7662146342210007
0.30782329293800925
0.17616212436512838
0.5461499925177421
0.2006690976179282
0.5282410497747565
0.23083152623675873
0.5144649399724597
0.26664941022162
0.5048216631108521
0.29869699062912747
0.4951783862492444
0.3024672942064813
0.5172201619329191
0.2817306245310352
0.5392619376165938
0.2553384994895585
0.5544156583991202
0.22140576729337416
0.5654365462409575
0.18935818688586675
0.5557932693793499
0.5098339909609411
0.4152769493959235
0.5513073303118331
0.3918575627320191
0.6022064286061096
0.37808145292972245
0.6587609822664168
0.3698157870483444
0.7096600805606933
0.3615501211669664
0.7190858395040779
0.3849695078308708
0.6870382590965705
0.4152769493959235
0.6436797679570015
0.44007394704005753
0.5871252142966944
0.4414515580202872
0.532455812425064
0.4345635031191389
0.2741900173763276
0.5172201619329191
0.6794976519418628
0.38910234077155975
0.3646773032328192
0.6591140928965752
0.4250021604704803
0.8484652669062769
0.4325427676251879
0.8195354363214536
0.4777864105534337
0.8112697704400756
0.5286855088477102
0.8126473814203053
0.5720439999872791
0.8209130473016834
0.5720439999872791
0.8230497995439058
0.5286855088477102
0.8147841336625278
0.4777864105534337
0.8134065226822981
0.4325427676251879
0.8216721885636761
0.4250021604704803
0.8506020191484993