0.13495324048447283
0.42849035227193444
0.14399365108633552
0.5086440238736941
0.17111488289192367
0.5903693360950962
0.2018522789382569
0.6610931639790019
0.24886241406794302
0.7302453512432652
0.29948871343837424
0.7946826166486013
0.35553925916992296
0.8544049601950107
0.41701405126258945
0.901554178784281
0.5001858287997264
0.9251287880789163
0.5923980169387262
0.9078407412628504
0.6611051375128827
0.8606915226735801
0.7135395190036865
0.7962542572682438
0.7659739004944902
0.7286737106236229
0.8075597892630587
0.6642364452182866
0.8364891031890195
0.5840827736165269
0.8527618422723723
0.4976425395361977
0.861802252874235
0.4237754304130074
0.13676132260484536
0.35933816500767113
0.21631693590123724
0.35933816500767113
0.2958725491976291
0.3530516025291018
0.3591554234106682
0.33262027447375125
0.4152059691422169
0.299615821461262
0.5869737705776085
0.2917576183630502
0.6502566447906475
0.31061730579875846
0.7171556832444316
0.3200471495166125
0.7912870501797058
0.3216187901362549
0.8563780065131174
0.31376058703804316
0.22897351074384506
0.42220378979336504
0.26694323527166847
0.39862918049872986
0.31395337040135457
0.39077097740051814
0.3645796697717858
0.38762769616123344
0.4097817227810993
0.40491574297729926
0.4007413121792366
0.4347769147505038
0.36277158765141326
0.45677988342549675
0.31937761676247217
0.4709246490022779
0.27055939951241353
0.4662097271433508
0.23078159286421762
0.45049332094692734
0.6032465096609614
0.3813411336826641
0.6448323984295299
0.36876800872552523
0.691842533559216
0.3750545712040946
0.7406607508092745
0.3829127743023064
0.7894789680593333
0.3891993367808758
0.7858628038185882
0.42220378979336504
0.7460849971703923
0.4410634772290732
0.6972667799203336
0.4473500397076427
0.6538728090313926
0.4347769147505038
0.6159030845035692
0.412773946075511
0.3284180273643349
0.4347769147505038
0.6846102050777259
0.412773946075511
0.5164585678830794
0.6689513670772136
0.42069256316265774
0.7503093539910012
0.47545874711214875
0.7385677365709988
0.5332176187091531
0.7376284071773987
0.5903779527766547
0.7263564544541964
0.6409543740196273
0.7484306952038009
0.6499324369621668
0.7775499064054069
0.5966625968364324
0.7817768886766078
0.5353125000624123
0.7813072239798077
0.47426167205314357
0.7841252121606083
0.417101337985642
0.7897611885222093