0.14655548955602457
0.33356146214933685
0.16372711875631335
0.4025005022672752
0.1929188883968044
0.4871970372693137
0.2375651243175554
0.5600754511082771
0.2856456860783642
0.6250751175051903
0.34746355119940403
0.6802263495995411
0.3989784388002706
0.7393169554149167
0.45392765224119486
0.7944681875092673
0.5191798432022926
0.8299225509984928
0.6050379892037367
0.8121953692538801
0.6617043655646899
0.7531047634385043
0.7149364160855853
0.6821960364600534
0.7595826520063363
0.6073479357605777
0.811097539607203
0.5324998350611018
0.854026612607925
0.4556820475011134
0.8746325676482716
0.36113707819651225
0.8763497305683006
0.258713361449861
0.13796967495588014
0.18583494761089764
0.18433307379665997
0.1503805841216722
0.24958526475775758
0.13265340237705955
0.3199889444789419
0.12477465493500942
0.3818068095999817
0.12871402865603443
0.5758462195632457
0.08932029144578399
0.6256439442440834
0.05780530167758363
0.690896135205181
0.04401749365399598
0.7561483261662786
0.055835614817071125
0.8059460508471162
0.07750217028270885
0.24443377599767097
0.32962208842831187
0.2753427085581909
0.28234960377601126
0.33200908491914405
0.25280430086832345
0.3886754612800973
0.25477398772883597
0.4041299275603572
0.25280430086832345
0.41786723092058836
0.3197736541257492
0.39726127588024174
0.3808339468016374
0.35433220287951955
0.420227684011888
0.2959486635985375
0.4025005022672752
0.2530195905978154
0.36113707819651225
0.6012056454683081
0.24526035671161434
0.6245825631897608
0.1992923004437592
0.678015517981653
0.1897156220546227
0.7314484727735452
0.2012076361215865
0.7765325283792043
0.23568367832247783
0.778202308216451
0.28356707026816036
0.7448067114715183
0.3276197908581882
0.6997226558658592
0.358265161703425
0.6446199212367204
0.3410271406029793
0.6162336640035277
0.29314374865729687
0.33716057367923075
0.35128864389394965
0.690896135205181
0.30598584610216156
0.5449372870027257
0.5738632591318648
0.5140283544422058
0.7058322787862038
0.527765657802437
0.6841657233205661
0.5552402645228991
0.6802263495995411
0.5827148712433612
0.6821960364600534
0.6033208262837078
0.6920444707626161
0.6050379892037367
0.7117413393677414
0.5878663600034479
0.7274988342518417
0.5621089162030146
0.7334078948333791
0.5363514724025813
0.7334078948333791
0.5174626802822636
0.7196200868097914