0.06832755571662988
0.4809620740173784
0.1181190719593637
0.560042713816066
0.1501279038296926
0.6508390039552998
0.20525422538414795
0.722597362291146
0.2586022785013628
0.7943557206269922
0.34218089505166605
0.8587917974999968
0.43820739066265274
0.9100477677398869
0.5449034968970825
0.9276212432507064
0.6355951871963477
0.8895453796439308
0.7067259246859675
0.8353604968189041
0.7778566621755872
0.7767822451161727
0.8436525943534857
0.7123461682431679
0.8934441105962194
0.6449811787850267
0.909448526531384
0.5512559760606562
0.9272312109037888
0.4575307733362858
0.909448526531384
0.3638055706119152
0.884552768410017
0.29936949373891053
0.0558796766559464
0.4297061037774883
0.08433197165179433
0.3769856772450299
0.14123656164349013
0.34330318251595926
0.20703249382138847
0.31694296924973003
0.27282842599928675
0.32280079442000315
0.44354219597437433
0.23493341686590588
0.49689024909158913
0.19539309696656204
0.5840254025163734
0.18367744662601576
0.669382287503917
0.19832200955169865
0.7333999512445749
0.22761113540306444
0.15901924601589507
0.4721753362619686
0.1999194200724265
0.4414217541180346
0.24081959412895787
0.41359708455923705
0.29238937880893223
0.39895252163355416
0.33151128442822303
0.4194549097295103
0.33151128442822303
0.4194549097295103
0.29238937880893223
0.39895252163355416
0.24081959412895787
0.41359708455923705
0.1999194200724265
0.4414217541180346
0.15901924601589507
0.4721753362619686
0.539568691585361
0.32426525071257145
0.5822471340791329
0.2876538433983642
0.6551561400059931
0.2935116685686374
0.7209520721838916
0.31108514407945687
0.7743001253011063
0.30522731890918375
0.7743001253011063
0.30522731890918375
0.7209520721838916
0.31108514407945687
0.6551561400059931
0.2935116685686374
0.5822471340791329
0.2876538433983642
0.539568691585361
0.32426525071257145
0.24473178469088686
0.4291203212604609
0.6544448326310971
0.3043486451336426
0.4257595116019693
0.5073222872836076
0.3795245322337164
0.629997554550227
0.4559900750350577
0.6270686419650904
0.5253425440874371
0.6109596227468392
0.5804688656418924
0.5831349531880418
0.6195907712611832
0.5509169147515394
0.6195907712611832
0.5541848886457927
0.5804688656418924
0.5864029270822951
0.5253425440874371
0.6142275966410926
0.4559900750350577
0.6303366158593438
0.3795245322337164
0.6332655284444804