0.11313465783664456
0.5327685554511845
0.1437982891832229
0.6037670932710171
0.1766521799116998
0.6765861064195632
0.2182671081677704
0.7439436935819685
0.27740411147902866
0.7949170027859508
0.34530215231788075
0.8404288860037922
0.41320019315673284
0.8822998185642064
0.48985927152317876
0.9168888498097657
0.5752793874172185
0.925991226453334
0.6366066501103753
0.8804793432354927
0.6826020971302429
0.8204036573879421
0.7395488410596025
0.7639689221978188
0.7855442880794701
0.7111751376651227
0.8052566225165563
0.6365356491878629
0.8008761037527594
0.556434734724462
0.8008761037527594
0.4763338202610612
0.794305325607064
0.41443765908479685
0.1284664735099338
0.5018204748630524
0.16570088300220753
0.45084716565907
0.21388658940397354
0.403514807112515
0.2730235927152318
0.3762076771818101
0.3212092991169978
0.403514807112515
0.4986203090507726
0.3379776952788233
0.5402352373068432
0.292465812060982
0.6190845750551877
0.29610676271840924
0.697933912803532
0.3215934173204004
0.7745929911699778
0.3379776952788233
0.2051255518763797
0.5371979009360075
0.23578918322295805
0.5117112463340163
0.2795943708609271
0.502608869690448
0.3277800772626931
0.5044293450191616
0.3693950055187638
0.5117112463340163
0.3693950055187638
0.5182047528214753
0.3277800772626931
0.5109228515066205
0.2795943708609271
0.509102376177907
0.23578918322295805
0.5182047528214753
0.2051255518763797
0.5436914074234664
0.5774696467991169
0.42068747989833355
0.6168943156732891
0.40976462792605156
0.6650800220750552
0.4115851032547652
0.7110754690949226
0.4170465292409062
0.7439293598233996
0.4279693812131881
0.7439293598233996
0.43446288770064706
0.7110754690949226
0.4235400357283651
0.6650800220750552
0.41807860974222416
0.6168943156732891
0.4162581344135105
0.5774696467991169
0.4271809863857925
0.2835368377483445
0.5167784749064595
0.6628897626931565
0.4206573775503784
0.44167356512141276
0.6110489945858716
0.4022488962472406
0.7403027429245412
0.452624862030905
0.720277514308691
0.5139521247240618
0.7111751376651227
0.5752793874172185
0.7038932363502681
0.6387969094922736
0.709354662336409
0.6409871688741722
0.7530460702255367
0.6059430187637969
0.7930965274572372
0.548996274834437
0.80948080541566
0.48328849337748336
0.80948080541566
0.43291252759381893
0.7858146261423825