0.054809452835829886
0.4706558271350337
0.048133870513811614
0.5593708063656556
0.06148503515784812
0.6412615564246911
0.0982007379289484
0.7135983856435058
0.1599498744076171
0.7750164481877824
0.23505017553032226
0.8282454357261556
0.3101504766530274
0.8773798857615769
0.3885885689367417
0.9237846441283636
0.47537113912297874
0.9620003274892469
0.5738359783727478
0.9674597108265159
0.6472673839149483
0.9224197982940463
0.7073476248131124
0.8637314274184044
0.7707656568722857
0.8064079023770794
0.819163628706918
0.7422601481641683
0.8475348535754955
0.66173424393945
0.8725682872830638
0.5812083397147317
0.905946198893155
0.5116012021645515
0.16662545672963533
0.4228862229339297
0.25173913133536785
0.4037783812534881
0.3385217015216049
0.3764814645671429
0.4236353761273374
0.34918454788079767
0.5154246330550881
0.3423603187092114
0.7690967612917812
0.34645485621216315
0.8208325242874225
0.34781970204648044
0.8642238093805411
0.3628330062239703
0.9076150944736596
0.3751166187328256
0.9510063795667781
0.38603538540736365
0.25841471365738605
0.4692909813007165
0.3168260589750456
0.4529128312889093
0.3785751954537144
0.4392643729457367
0.440324331932383
0.4310752979398332
0.482046721444997
0.45427767712322664
0.482046721444997
0.4952230521527444
0.44366212309339215
0.5348035813479449
0.3802440910342189
0.5429926563538484
0.3168260589750456
0.5348035813479449
0.2634214003988998
0.5102363563302343
0.6956653557495804
0.47338551880366825
0.7290432673596717
0.4474534479516404
0.7757723436137994
0.4392643729457367
0.8241703154484316
0.43789952711141955
0.8592171226390274
0.4570073687918611
0.8492037491559999
0.48839882298115805
0.8208325242874225
0.5184254313361378
0.7791101347748085
0.5334387355136276
0.7307121629401763
0.525249660507724
0.6973342513300851
0.5047769729929652
0.39526415125875985
0.5034121271586479
0.7724345524527902
0.4924933604841098
0.6606185485589848
0.6944905439630641
0.4785132528231055
0.7678228334748084
0.5217954334825862
0.763070607975253
0.5652817753715926
0.7570786714758134
0.608972278490125
0.7512933534763546
0.6512336530019763
0.7508801164763933
0.6361257220170633
0.7798067064736873
0.6057056988177113
0.8048075449713487
0.5648734529125409
0.8155517069703436
0.5207746273349569
0.8089399149709622
0.48729218569271715
0.789517775972779