0.13761909662827287
0.2545597914909726
0.10441532225224374
0.3361118101952524
0.07121154787621453
0.4160955208475267
0.0608353683837054
0.5101940039678494
0.07121154787621453
0.6027241790361669
0.12101720944025827
0.6874128138444574
0.1874247581923167
0.7626916003407155
0.27873513772639696
0.82228730631692
0.38249693265148815
0.8693365478770813
0.5007853788660921
0.8912928606051567
0.6149233532836924
0.8646316237210653
0.7000080251222672
0.8050359177448607
0.7518889225848129
0.7250522070925864
0.7809422251638385
0.6372269561802852
0.8431993021188932
0.5713580179960592
0.8764030764949223
0.4882376912397741
0.8764030764949223
0.3910025920154406
0.2766599018278952
0.16516623252666598
0.3679702813619754
0.1761443888907036
0.4489044814035465
0.20594224187880586
0.5215377378511105
0.2420133270749296
0.6066224096896851
0.256128099542978
0.7290613277012928
0.28906256863509094
0.7809422251638385
0.28435764447907486
0.8307478867278821
0.28592595253108016
0.880553548291926
0.29063087668709636
0.9054563790739478
0.31415549746717697
0.34994089857086924
0.26884711611325507
0.39575512645419286
0.2690281664525192
0.4406639348141305
0.27065761950589706
0.48702141441148566
0.27699438138014415
0.5103812381148405
0.30053092548449045
0.5047676370698482
0.3115749961796068
0.4681886883250601
0.32388641924957257
0.42527180291657124
0.313566549911513
0.3794575750332477
0.30469508328756717
0.3398001999089478
0.29256471055686556
0.71453467641178
0.3314068860392362
0.7456632148893074
0.3282702699352255
0.7809422251638385
0.3314068860392362
0.8141459995398675
0.33768011824725774
0.8307478867278821
0.35649981487132226
0.8265974149308786
0.3800244356514029
0.7975441123518531
0.3831610517554137
0.7684908097728275
0.37531951149538684
0.7373622712953002
0.36747797123535997
0.7124594405132783
0.3517948907153061
0.4385283019110374
0.2921991847391017
0.7705660456713292
0.35493150681931696
0.7103842046147764
0.5070573878638387
0.3202398556964335
0.6074291031921829
0.42815212241852835
0.6027241790361669
0.5298386814451177
0.6105657192961937
0.6128481173851906
0.6356586481282799
0.6792556661372491
0.6701614252723982
0.6792556661372491
0.6701614252723982
0.6128481173851906
0.6356586481282799
0.5298386814451177
0.6105657192961937
0.42815212241852835
0.6027241790361669
0.3202398556964335
0.6074291031921829