0.12803423417167617
0.5150622786281717
0.148194809800498
0.5737257776824201
0.1756865038398006
0.6498297764554992
0.19584707946862248
0.7227627752796999
0.23616823072626625
0.7845972742828267
0.2893188392022512
0.8321622735160011
0.3534661252939572
0.8892402725958104
0.4176134113856632
0.9383907718034239
0.4890918158878499
0.9716862712666461
0.5788980164162383
0.9764427711899635
0.6558747597262854
0.9383907718034239
0.7126909274075107
0.8813127727236145
0.7640087562808756
0.8163072737716096
0.80982824634638
0.7528872747940437
0.8446510587961632
0.6847107758931604
0.8758083120407061
0.6117777770689596
0.895968887669528
0.5372592782703197
0.1390309117873972
0.44688577972728843
0.20501097748172337
0.4120047802896271
0.29115161880487145
0.4167612802129446
0.37362670092277905
0.44371477977841006
0.446937885027586
0.4785957792160713
0.608222490058161
0.4738392792927538
0.6668714373420065
0.44212927980397093
0.736517062241573
0.42310328011070114
0.80982824634638
0.4120047802896271
0.8849722100538069
0.41359028026406625
0.21784043470006453
0.5095085244563436
0.25083046754722765
0.5364620240218092
0.2929843984074916
0.5539025237406399
0.34613500688347654
0.5586590236639573
0.39562005615422113
0.5491460238173224
0.39562005615422113
0.5531142780147112
0.34613500688347654
0.5626272778613461
0.2929843984074916
0.5578707779380288
0.25083046754722765
0.5404302782191981
0.21784043470006453
0.5134767786537325
0.6357141840974636
0.5650010235617139
0.681533674162968
0.5523170237662006
0.7346842826389528
0.5475605238428832
0.7860021115123177
0.5396330239706875
0.8189921443594808
0.5142650243796612
0.8189921443594808
0.51823327857705
0.7860021115123177
0.5436012781680764
0.7346842826389528
0.5515287780402721
0.681533674162968
0.5562852779635895
0.6357141840974636
0.5689692777591028
0.3006820727384964
0.5435197510387088
0.7313852793542366
0.5457394510029238
0.5385768651585945
0.756058274742922
0.456354580227255
0.8315280735262255
0.49370957782916414
0.8274113044065481
0.5300196803932575
0.8217975283342607
0.5668522304762588
0.8214232765961081
0.600811319205267
0.831153821788073
0.6018562142430826
0.8468723947904777
0.5671134542357127
0.8569771917205953
0.5308033516716192
0.8640879747454926
0.49397080158861795
0.8584741986732052
0.46131783165687934
0.8457496395760205