0.05852342550344683
0.470571286943443
0.07995094625776834
0.5511803909412546
0.09423596009398269
0.6343485141135998
0.12994849468451858
0.7072805605878103
0.18530292329984918
0.7725355495384197
0.23351484499707256
0.839070048076296
0.281726766694296
0.9043250370269054
0.35136620914584094
0.9555054205175794
0.45850381291744857
0.9798161026756494
0.5584989097709491
0.9542259109303125
0.6388521125996547
0.9081635657887058
0.7192053154283604
0.8569831822980318
0.7959872647980125
0.7994052508710235
0.8602698270609771
0.7405478098567484
0.9013392418400934
0.667615763382538
0.9352661497011024
0.5882861689719933
0.9638361773735311
0.5166336320850496
0.04959529185581287
0.38612365418383093
0.13173412141404536
0.36949002954936183
0.21922983116085823
0.3707695391366287
0.3067255409076711
0.38612365418383093
0.3638655962525285
0.4117138459291679
0.5477851493937882
0.3912416925328983
0.6495658729768155
0.4117138459291679
0.7638459836665302
0.41555237469096845
0.8799117210857719
0.419390903452769
0.9709786842916382
0.4475401143726397
0.16744665600458125
0.45777619107077455
0.21922983116085823
0.4500991335471734
0.26744175285808164
0.4590557006580414
0.32279618147341227
0.4590557006580414
0.37636498335921603
0.46673275818164245
0.3710081031706357
0.4910434403397126
0.3192249280143587
0.5038385362123812
0.26387049939902807
0.5089565745614485
0.20851607078369744
0.5038385362123812
0.16387540254552763
0.4859254019906452
0.6370664858701279
0.4641737390071088
0.6942065412149853
0.4680122677689093
0.749560969830316
0.4769688348797773
0.8067010251751733
0.48464589240337835
0.8602698270609771
0.4961614786887801
0.8620554537905039
0.5153541224977828
0.8049153984456465
0.5243106896086507
0.7442040896417356
0.5268697087831844
0.6924209144854585
0.5153541224977828
0.6442089927882351
0.48976393075244573
0.22101545789038501
0.4769688348797773
0.7031346748626193
0.4961614786887801
0.40314938430211794
0.6919264455406081
0.3138680478257783
0.7712560399511529
0.37993623681826966
0.7738150591256865
0.44243317235170737
0.7827716262365545
0.5049301078851453
0.7917281933474225
0.5656414166890562
0.8006847604582905
0.5692126701481097
0.8109208371564253
0.506715734614672
0.8173183850927594
0.44243317235170737
0.8147593659182257
0.38172186354779647
0.8032437796328242
0.32279618147341227
0.7827716262365545