0.08700395703831608
0.48493777911382785
0.13937163326961163
0.5705547777335418
0.1742834174238086
0.6593427763021341
0.22665109365510414
0.7402032749985304
0.28289785701464376
0.8178927737460487
0.33914462037418336
0.8924112725446887
0.41284727581082153
0.9621732714200111
0.5311594332222669
0.9796137711388417
0.6436529599413461
0.9526602715733763
0.7289928767627166
0.8844837726724928
0.8065746193275989
0.8020377740016573
0.8725191005077488
0.7180062753563824
0.9345844945596545
0.6339747767111077
0.950100843072631
0.5340882783214415
0.9345844945596545
0.43420177993177517
0.9093704282260678
0.33748628149098725
0.8667004698153825
0.25186928287127336
0.0734271520894617
0.4294452800084578
0.09088304416656022
0.38188028077528335
0.1354925461413675
0.35334128123537867
0.19755794019327327
0.35175578126093954
0.25574424711693494
0.37078178095420933
0.3643586867077701
0.20588978361253807
0.4574567777856287
0.16942328420043765
0.5641316738123419
0.1551537844304854
0.672746113403177
0.1551537844304854
0.7774814658657679
0.1630812843026811
0.17234387385968655
0.45322777962504496
0.1820415916802968
0.421517780136262
0.20725565801388351
0.39932078049411396
0.2441069857322026
0.38822228067304
0.28289785701464376
0.4009062804685531
0.30423283621998637
0.4294452800084578
0.2848374005787658
0.44847127970172757
0.2615628778093011
0.4738392792927538
0.22471155009098204
0.4833522791393887
0.18592067880854093
0.47542477926719295
0.4729731262986053
0.2534547828457125
0.49624764906806995
0.23125778320356444
0.5524944124276095
0.22808678325468612
0.6145598064795154
0.226501283280247
0.6630483955825667
0.22967228322912525
0.6863229183520314
0.25662578279459075
0.6611088520184447
0.29309228220669115
0.6164993500436373
0.3184602817977175
0.5563734995558536
0.3137037818744
0.5098244540169243
0.29309228220669115
0.25186515998869086
0.42468878008514027
0.5369780639146331
0.26455328266678646
0.3022932926558643
0.5420157781936372
0.3759959480925025
0.7917275199065118
0.39539138373372296
0.7552610204944114
0.4496986035291406
0.7568465204688506
0.500126736196314
0.7647740203410462
0.5427966946069992
0.7806290200854378
0.5427966946069992
0.7845972742828267
0.500126736196314
0.7687422745384351
0.4496986035291406
0.7608147746662395
0.39539138373372296
0.7592292746918002
0.3759959480925025
0.7956957741039007