0.1159922720359112
0.2402127734892848
0.07862686940704584
0.3275615240703046
0.06461484342122135
0.4329824299439492
0.06461484342122135
0.544427387581802
0.08174065295945128
0.6498482934554466
0.11754916381211392
0.7432210958006746
0.16425591709819556
0.8305698463816944
0.23120226347491263
0.9088825193164017
0.3339571207042923
0.9269546746090267
0.4460533285908883
0.913400558139558
0.5534788611488761
0.8908103640237769
0.6624612854830667
0.8576780793206316
0.75587479205523
0.8049676263838094
0.8181504631033388
0.7311729922722581
0.8586296492846096
0.6438242416912383
0.885096809480056
0.5504514393460103
0.9395880216471512
0.4706327534702508
0.3557536055711304
0.17696022996509805
0.4024603588572121
0.1905143464345667
0.4616222463529155
0.21009251466824352
0.5254548091772271
0.2281646699608683
0.5924011555539442
0.23870676054823275
0.766773034488649
0.3064773428955757
0.8243780302081498
0.2974412652492633
0.8788692423752451
0.31099538171873187
0.9209053203327184
0.34111564053977317
0.9504862640805702
0.3772599511250228
0.2972180538474626
0.21107842779128114
0.35601487706460816
0.22545734902265147
0.4126928958414962
0.24171178171898317
0.4736085234988993
0.24733831611386722
0.5249895311751436
0.26421791929851934
0.5011529812222468
0.3036036600627078
0.4455343646654874
0.3186077517823986
0.3856781392282131
0.31735741080575763
0.33217832711171125
0.2911002502962987
0.29456954829714077
0.24921382757882857
0.7426966874116017
0.34799076473345975
0.7861321784368803
0.34799076473345975
0.8253300605816439
0.3717472432896368
0.8624091382861503
0.39987991526405714
0.894720906000077
0.4317636101684001
0.8857159871289827
0.4636473050727431
0.8406913927735108
0.4692738394676271
0.791429189537524
0.45864594116617946
0.7596471229336615
0.4273874167501569
0.7368699752008935
0.388626846474289
0.46619270795799805
0.28359820443645334
0.846518104984219
0.44114116749320686
0.6907859786252929
0.48552827216395883
0.3853345493189821
0.7188689407316924
0.4538377874719019
0.7038088113211717
0.5270117009534299
0.6992907724980154
0.5939580473301469
0.714350901908536
0.6375510170638231
0.7550132513169419
0.6375510170638231
0.7582812252111952
0.5939580473301469
0.7176188758027894
0.5270117009534299
0.7025587463922688
0.4538377874719019
0.707076785215425
0.3853345493189821
0.7221369146259458