0.07266024990155309
0.4889513741768527
0.10204506291705646
0.5580052521021186
0.13834394958326654
0.6242969749103738
0.17637135466215334
0.6864454650431132
0.22649838862977678
0.7472128776173471
0.2662543121213402
0.8065992126330758
0.31465282767628694
0.8687477027658151
0.3837935641833538
0.9060367968454587
0.4736765216425407
0.919847572430512
0.5583739238636976
0.8963692539359216
0.6188720683073811
0.8480315393882354
0.6724561391003578
0.794169514606528
0.7260402098933346
0.7347831795907993
0.7761672438609581
0.6795400772505866
0.8107376121144915
0.6187726646763526
0.8332083514792882
0.5497187867510867
0.8539505724314084
0.4848081415013367
0.07266024990155309
0.40194348799101765
0.14871506005932658
0.3908948675229751
0.23341246228048346
0.4047056431080283
0.3129243092636103
0.42542180648560807
0.3872506010087071
0.43923258207066124
0.5860302184665244
0.43370827183663996
0.6517139181482378
0.4212785738100921
0.713940581004598
0.4047056431080283
0.7778957622736347
0.3908948675229751
0.8297513146539349
0.40884887578354423
0.15217209688467992
0.4905820440652084
0.2022991308523034
0.5057738972087669
0.2558832016452802
0.523727905469336
0.31119579085093363
0.5154414401183041
0.3630513432312338
0.5085360523257775
0.3630513432312338
0.5110486151129378
0.31119579085093363
0.5179540029054643
0.2558832016452802
0.5262404682564963
0.2022991308523034
0.5082864599959271
0.15217209688467992
0.49309460685236867
0.5704735527524343
0.5126792850012934
0.6292431787834412
0.523727905469336
0.6880128048144478
0.5251089830278414
0.7312257651313647
0.5057738972087669
0.7727102070356047
0.4850577338311871
0.7727102070356047
0.4875702966183474
0.7312257651313647
0.5082864599959271
0.6880128048144478
0.5276215458150016
0.6292431787834412
0.5262404682564963
0.5704735527524343
0.5151918477884537
0.2569203126928861
0.5100685492310587
0.6783331017034586
0.511725842301265
0.46849096640451066
0.7002562406281664
0.3526802327551737
0.8220406581064846
0.4114498587861805
0.8096109600799368
0.4805905952932474
0.8068488049629262
0.5445457765622842
0.7985623396118943
0.5998583657679376
0.8054677274044209
0.5998583657679376
0.8079802901915811
0.5445457765622842
0.8010749023990545
0.4805905952932474
0.8093613677500865
0.4114498587861805
0.8121235228670971
0.3526802327551737
0.8245532208936449