0.15204421671366458
0.48411652850394216
0.19460254963168724
0.5569158411578627
0.2275509364069306
0.6389805208768277
0.2797192154677326
0.7117798335307481
0.34149744067131393
0.7766374029860592
0.414258461466643
0.8309059815098909
0.4897651811599091
0.8812036884344178
0.5652719008531751
0.9288541476260748
0.6558799644850943
0.9447376340232938
0.7382509314232027
0.9195887805610304
0.7986563071778155
0.8520839633728496
0.8494517367896491
0.7753137791196242
0.8975014675035456
0.6972199709999641
0.9359412520746629
0.616478915147434
0.9510425960133162
0.5251488683634247
0.953788294911253
0.43514244544585023
0.9345684026256945
0.36101950892549484
0.16851841010128626
0.4245534545143709
0.2138224419172459
0.3808738669220186
0.28246491436566956
0.3570486373261901
0.36620873075274646
0.35440138959332024
0.44034260099704403
0.3689612521241043
0.617440179913977
0.32263441679888216
0.6737270073216846
0.27895482920652986
0.7368780819742343
0.23924611321348233
0.8096391027695633
0.2246862506826982
0.8769087257690186
0.2511587280113966
0.2275509364069306
0.4364660693122851
0.2783463660187641
0.4377896931787201
0.32914179563059764
0.42190620678150104
0.38405577358933657
0.4272007022472407
0.4293598054052962
0.45234955570950414
0.4485796976908549
0.4682330421067232
0.4032756658748952
0.48808740010324697
0.35110738681409326
0.49867639103472633
0.2948205594063858
0.5000000149011612
0.25638077483526855
0.46955666597315815
0.6297958249546933
0.3702848759905392
0.6558799644850943
0.3305761599974917
0.7025568457500225
0.3080745542680981
0.7547251248108244
0.293514691737314
0.805520554422658
0.29748556333661874
0.805520554422658
0.3398415270625361
0.7780635654432885
0.3808738669220186
0.7327595336273288
0.4033754726514122
0.6805912545665269
0.41528808744932644
0.6352872227505673
0.4126408397164567
0.364835881303778
0.4682330421067232
0.7121667918928017
0.37293212372340906
0.6201858788119141
0.6535403834076118
0.5831189436897652
0.7700192836538846
0.6092030832201664
0.7408995585923165
0.6448971688933465
0.7250160721950974
0.6915740501582747
0.7263396960615323
0.7313866841783604
0.7223688244622275
0.7313866841783604
0.7223688244622275
0.6915740501582747
0.7263396960615323
0.6448971688933465
0.7250160721950974
0.6092030832201664
0.7408995585923165
0.5831189436897652
0.7700192836538846