0.06655024890507763
0.4113735005726761
0.06332838563481082
0.5137863304993513
0.06816118054021104
0.6148861754269664
0.09715794997261236
0.7002302003658623
0.13904217248608092
0.7803222853085185
0.1857591899049497
0.8525364602568151
0.22442154914815146
0.9300025752013513
0.28563695128322086
0.9917128701571685
0.39679123410742595
1.0048427201477677
0.507945516931631
0.981208990164689
0.5933248935937014
0.936567500196651
0.6770933386206386
0.8801091452370736
0.757639920377309
0.8249637752765564
0.8317427755934457
0.7698184053160391
0.8865144511879814
0.7015431853649222
0.9332314686068502
0.622764085421326
0.9686719645797851
0.5492369254739695
0.04721906928347676
0.2984567906535215
0.1325984459455473
0.30764768564694106
0.20831223279681738
0.34309828062155934
0.27274949820215366
0.3864267855905373
0.32752117379668944
0.4376332005538748
0.5691609190667003
0.4363202155548149
0.662594953904438
0.40874753057455626
0.7673055101881093
0.39036574058771706
0.8736269981069141
0.40480857557737643
0.9461189216879176
0.44157215555105467
0.12454378776988026
0.3969306655830168
0.17770453172928266
0.41006051557361617
0.22925434405355166
0.4231903655642155
0.27919322474268726
0.44157215555105467
0.32429931052642264
0.46520588553413356
0.3307430370669563
0.4927785705143923
0.27597136147242046
0.48490066052003256
0.21958875424275123
0.4809617055228528
0.17609360009414926
0.4586409605388338
0.13904217248608092
0.4258163355623354
0.5981576884991018
0.48358767552097265
0.659373090634171
0.477022750525673
0.7205884927692406
0.48490066052003256
0.7850257581745769
0.4901526005162723
0.8446302286745129
0.4862136455190925
0.8204662541475117
0.516412300497471
0.7689164418232427
0.53873304548149
0.7109229029584401
0.5466109554758497
0.6529293640936374
0.5334811054852503
0.5965467568639683
0.5137863304993513
0.24375272876975232
0.45995394553789376
0.7012573131476397
0.5137863304993513
0.40323496064795955
0.7199249753517614
0.26791670329675343
0.7735029472307451
0.32752117379668944
0.8023886172100637
0.40645682391822635
0.8128924972025433
0.47572688422896287
0.8339002571875023
0.5466078761748328
0.8312742871893825
0.5466078761748328
0.8328416852709161
0.47572688422896287
0.8354676552690359
0.40645682391822635
0.8144598952840769
0.32752117379668944
0.8039560152915973
0.26791670329675343
0.7750703453122787