0.13737921116854593
0.2751500670201907
0.09719877661640304
0.35366908586917023
0.07423852830089281
0.4407538158653111
0.06562843518257647
0.5378318755331404
0.078543574860051
0.6320546981519157
0.10724388525443874
0.7162841910990029
0.14742431980658166
0.7948032099479825
0.17755964572068883
0.871894610272435
0.22491515787142866
0.9404202994497262
0.2995359648968369
0.973255525513845
0.3942469891983166
0.9618345773176297
0.4731728427828829
0.9289993512535111
0.5492286653280105
0.8890260325667577
0.6166743947548219
0.8447698583064238
0.6683349534647199
0.7833822617517672
0.724300558733776
0.729132757819745
0.7860062260817098
0.6763108724122496
0.2808807631404848
0.2751500670201907
0.3583716012053318
0.27086721144661
0.43729745478989823
0.30370243751072873
0.5090482307758677
0.3493862302955895
0.5865390688407147
0.3765109822616006
0.7027753259379853
0.46216809373321466
0.7343456673718117
0.49214808274827954
0.7716560708845158
0.5178452161897638
0.8060964433577812
0.5492528237293555
0.8218816140746945
0.5935089979896894
0.303841011455995
0.31940624128052464
0.36124163224477057
0.3265443339031592
0.41577222199410735
0.33939290062390126
0.46169271862512784
0.36937288963896614
0.48608798246035745
0.42362239357098835
0.44447253238849516
0.4493195270124726
0.39281197367859716
0.46930618635584914
0.3397163994489798
0.4550300011105801
0.2981009493771175
0.4136290638993
0.28231577866020424
0.3608071784918047
0.6109343326759443
0.5264109273369251
0.6554198137872455
0.5249833088123982
0.6956002483393882
0.5364042570086134
0.7257355742534954
0.5649566274991514
0.7300406208126535
0.6063575647104316
0.7099504035365822
0.6363375537254965
0.6712049845041587
0.6463308833971848
0.6338945809914546
0.6263442240538082
0.6094993171562249
0.5935089979896894
0.595149161959031
0.5563909163519901
0.35119652360673487
0.39078716750686965
0.6453747051492097
0.572094720121786
0.5434886032491331
0.7162841910990029
0.3296712908109441
0.7434089430650139
0.3669816943236482
0.741981324540487
0.4014220667969135
0.7491194171631216
0.43299240823074003
0.7648232209329174
0.4459075479082146
0.7933755914234555
0.4286873616715819
0.8105070137177783
0.3942469891983166
0.8219279619139934
0.36124163224477057
0.8076517766687246
0.3325413218503828
0.7876651173253478
0.3081460580151532
0.7633956024083907