0.14804881433062012
0.26923076948151
0.1365551910369306
0.3593988796011453
0.11192599826473872
0.4434538975092799
0.11192599826473872
0.5351502806817904
0.12506156774324104
0.6253183908014256
0.13819713722174334
0.715486500921061
0.1513327067002457
0.8071828840935714
0.212084715538319
0.8667855331557033
0.29582397096377144
0.8958227211603316
0.3894149034981006
0.8881813558959557
0.47643805129317857
0.8560876217855771
0.5634611990882565
0.8194090685165729
0.6340648850352066
0.776617423036068
0.7063105171669696
0.7231278661854369
0.76542057982023
0.6574121249118043
0.8163209115494265
0.5779419261622952
0.8540856738001208
0.5076413657300372
0.19894914605981667
0.1454406521986208
0.25805920871307725
0.15155374441012148
0.3056756480726482
0.18976057073200087
0.33194678702965286
0.2417218545297568
0.3516501412474063
0.2952114113803879
0.5240544906527494
0.3074375958033893
0.5815226071211972
0.3441161490723935
0.6586940778073985
0.3716250640241467
0.7309397099391615
0.3991339789758998
0.8015433958861115
0.42358634782190263
0.20880082316869344
0.2646459503228844
0.24328169304976205
0.25394803895275825
0.28433034767008186
0.2615894042171341
0.3188112175511505
0.27840040779876096
0.33687262558409126
0.31049414190913965
0.3286628946600273
0.3441161490723935
0.2941820247789586
0.3593988796011453
0.24984947778901326
0.3548140604425198
0.2153686079079446
0.3334182377022673
0.20387498461425504
0.30132450359188867
0.5683870376426949
0.3861181868089129
0.614361530817453
0.4014009173376647
0.6603360239922113
0.4243250131307923
0.6964588400580927
0.4548904741882958
0.7112363557214079
0.4686449316641723
0.7112363557214079
0.47249108551390817
0.6964588400580927
0.45873662803803167
0.6603360239922113
0.42817116698052815
0.614361530817453
0.40524707118740055
0.5683870376426949
0.38996434065864877
0.29910786333339695
0.3196637802263907
0.6501559576463719
0.4289989815508355
0.2629850472675156
0.515282730994413
0.20715887698388064
0.6398115135861919
0.2810464553004563
0.6612073363264444
0.3697115492803471
0.6612073363264444
0.45345080470579946
0.6719052476965706
0.5289803292071878
0.6596790632735692
0.5289803292071878
0.663525217123305
0.45345080470579946
0.6757514015463064
0.3697115492803471
0.6650534901761802
0.2810464553004563
0.6650534901761802
0.20715887698388064
0.6436576674359278