0.13488718774169675
0.4639440877609793
0.14090765733271832
0.5583762705724925
0.14090765733271832
0.6562423509407878
0.16900318209081888
0.7472406361955186
0.21315329242497674
0.8262202800015115
0.2693443419411778
0.9069168725858953
0.35162409301847214
0.9635761822728033
0.46199936885386694
0.9601422847160209
0.562340528704226
0.9258033091481979
0.6586680421605706
0.8845965384668104
0.7449614396318791
0.8433897677854229
0.8272411907091735
0.7867304580985149
0.8854390634223818
0.7163355581844779
0.9315959969535469
0.6322050680433118
0.955677875317633
0.5394898340101898
0.9637051681056618
0.4399068048635032
0.9536710521206259
0.34547462205199014
0.10679166298359627
0.38153054639820416
0.1429144805297255
0.37809664884142197
0.18706459086388344
0.37809664884142197
0.2292078780010342
0.38496444395498647
0.2693443419411778
0.39698308540372457
0.44995842967182387
0.30255090259221146
0.49009489361196745
0.251042439240477
0.5563200591132044
0.21155261733748068
0.63057251740247
0.19781702711035146
0.7028181524947285
0.20811871978069837
0.17301682848483316
0.4673779853177616
0.1790372980758547
0.4416237536418943
0.20913964603096236
0.4364729073067209
0.23723517078906295
0.4416237536418943
0.2753648115321993
0.45879324142580585
0.28740575071424246
0.47596272920971733
0.2793784579262137
0.49828306332880234
0.2432556403800845
0.5137356023343225
0.20913964603096236
0.5103017047775402
0.18104412127286187
0.48969831943684655
0.46601301524788136
0.37809664884142197
0.496115363202989
0.3403237757168167
0.5543132359161972
0.31628649281934057
0.6105042854323982
0.297400056257038
0.6707089813426135
0.29568310747864684
0.6847567437216638
0.343757673273599
0.6546543957665563
0.38668139273337765
0.6004701694473623
0.4175864707444183
0.5442791199311613
0.4313220609715475
0.4860812472179531
0.4175864707444183
0.22720105480402703
0.472528831652935
0.5422722967341541
0.3763797000630308
0.23121470119804138
0.5618101681292748
0.21516011562198392
0.6798749244833574
0.2853989275172353
0.6798749244833574
0.36567185539752245
0.6627054366994459
0.43791749048978085
0.630083409910014
0.47805395442992443
0.5871596904502354
0.47805395442992443
0.5927152461403153
0.43791749048978085
0.6356389656000939
0.36567185539752245
0.6682609923895259
0.2853989275172353
0.6854304801734373
0.21516011562198392
0.6854304801734373