0.15258168388067173
0.5079770585861391
0.17887619937950835
0.5761445466789472
0.21831797262776334
0.6472127789459176
0.272785183303925
0.7182810112128878
0.317861495587645
0.790799615566939
0.3610596281928766
0.8618678478339092
0.42303955758299155
0.9169819871429882
0.5263394398998499
0.9329360801008795
0.6202484238242665
0.9082797546205021
0.6934974312853114
0.8546159873985041
0.7611118997108914
0.8009522201765062
0.8230918291010063
0.7414869646061842
0.8869499381696097
0.6747698486004571
0.9207571723823996
0.5949993838110006
0.9263917114178647
0.5065266864990581
0.9188789927039114
0.41805398918711556
0.8925844772050747
0.3484361290072263
0.1112617309539284
0.42530584962252066
0.13004352773881173
0.4006495241421432
0.16572894163009005
0.39049691953257604
0.21080525391381
0.389046547445495
0.24461248812659997
0.3991991520550622
0.3648159875498532
0.30492496639479555
0.4662376901882232
0.29042124552398535
0.5563903147556631
0.24691008291155456
0.6540556580370565
0.216452269082853
0.7648682590678682
0.20920040864744788
0.1863889180934617
0.4920229656282479
0.19953617584288003
0.4644658959737083
0.23334341005567
0.44561105884165503
0.27654154266090164
0.4311073379708447
0.30471423783822665
0.43545845423208784
0.31973967526613334
0.4644658959737083
0.3122269565521799
0.4963740818894909
0.2915669800888083
0.5253815236311113
0.24836884748357668
0.5311830119794355
0.21456161327078668
0.5166792911086252
0.45121225276031657
0.3658405940521986
0.48689766665159484
0.3368331523105781
0.5376085179707799
0.3223294314397679
0.5883193692899649
0.3063753384818766
0.6390302206091497
0.29767310595939045
0.6502992986800799
0.32813091978809195
0.6315175018951965
0.3687413382263606
0.5883193692899649
0.38759617535841395
0.5300957992568265
0.3919472916196571
0.4812631276161299
0.40209989622922426
0.26715064426845997
0.48477110519284267
0.5451212366847331
0.3658405940521986
0.2577597458760183
0.6022512442464057
0.3234960346231099
0.7575640238931975
0.3610596281928766
0.7358084425869822
0.41928319822601484
0.7372588146740633
0.4793849479376415
0.7445106751094682
0.5207049008643848
0.7590143959802786
0.5207049008643848
0.7617921738253186
0.4793849479376415
0.7472884529545082
0.41928319822601484
0.7400365925191033
0.3610596281928766
0.7385862204320222
0.3234960346231099
0.7603418017382375