0.035923397605652774
0.2817506326589153
0.033137603595834335
0.38719695412464405
0.01781573654183291
0.4926432755903729
0.020601530551651343
0.6017679571072317
0.03453050060074356
0.7084403985900039
0.08467479277747553
0.7991732798512124
0.13899777596893514
0.8911322811294643
0.2156071112389423
0.9610211221009356
0.32703887163168
0.979412922356586
0.45239960207350993
0.9757345623054559
0.5652242594711568
0.9426293218452853
0.6599412558049839
0.8788710809590305
0.7449079731044463
0.8126606000386893
0.8284817933989995
0.7439978790842613
0.8869834676051869
0.6544911178400962
0.9454851418113741
0.5625321165618443
0.9928436399782877
0.48160819543698263
0.058209749684200326
0.19469611144883692
0.13342618794929825
0.18120879126136
0.21978580225366998
0.1836610312954467
0.29918093153349556
0.21186179168744393
0.35768260573968286
0.2719416725225685
0.5735816415006121
0.27929839262482864
0.6766560198638945
0.27562003257369855
0.781123295232086
0.3050469129827391
0.8702687035462763
0.35041335361334336
0.9399135537917372
0.40558875438029446
0.1278545999296614
0.27929839262482864
0.17799889210639336
0.2952379528463923
0.23650056631258062
0.2952379528463923
0.29221644650894946
0.30749915301682584
0.33539625366113535
0.33937827345995314
0.3284317686365892
0.3675790338519504
0.27410878544512957
0.3761618739712539
0.2156071112389423
0.3761618739712539
0.16128412804748268
0.3602223137496902
0.12367590891493373
0.32589095327247625
0.5876882894590493
0.3584904192256164
0.6316611269130353
0.35649240092511625
0.6907496272418292
0.38013561748103525
0.7482349512051132
0.4047778431872044
0.8091556530944898
0.42908706584329015
0.7899175367083708
0.47071244710371096
0.7306000111845041
0.4823675538566288
0.6641827046133792
0.47670650200521153
0.6076134814303867
0.4460702213975418
0.5789853320462811
0.4014478126863707
0.18496337713093944
0.3246648332554329
0.6446193887509825
0.41417159449959795
0.27410878544512957
0.5564015164766275
0.22535739027330687
0.694953078402527
0.26993009443040195
0.7243799588115675
0.3284317686365892
0.7452239991013047
0.39389792786732264
0.7538068392206081
0.44822091105878226
0.763615799356955
0.44822091105878226
0.763615799356955
0.39389792786732264
0.7538068392206081
0.3284317686365892
0.7452239991013047
0.26993009443040195
0.7243799588115675
0.22535739027330687
0.694953078402527