0.07918589864857496
0.48031988720230706
0.1125493342988193
0.5564163521622979
0.1424008293543011
0.6338248251388404
0.18454411649145186
0.704673258032625
0.247759047197178
0.7689616508436519
0.31097397790290415
0.8306260276215756
0.3741889086086303
0.8909783963829475
0.4426717502065003
0.9513307651443198
0.5410060868598521
0.9670748613429385
0.639340423513204
0.9460827330781134
0.6920195324346423
0.887042372333293
0.7446986413560807
0.8161939394395082
0.8114255126565695
0.7505935386119299
0.8676165621727705
0.6849931377843517
0.9027359681203961
0.6102086808409122
0.9220516413915902
0.5288641838147151
0.9290755225811153
0.44883169480506946
0.0932336610276252
0.4120954703416256
0.19332396797835827
0.3845433019940427
0.31272994820028543
0.40553543025886774
0.41633219574578106
0.4462076787719663
0.4637433937750757
0.4947519753843744
0.5480299680493773
0.3845433019940427
0.6516322155948729
0.4002873981926615
0.7517225225456059
0.3858553100105942
0.8588367106858642
0.380607277944388
0.9273195522837342
0.3937273581099036
0.1898120273835957
0.4671998070367914
0.23195531452074647
0.45407972687127574
0.2846344234421849
0.45145571083817265
0.33906950266100466
0.44883169480506946
0.3864807006902993
0.45145571083817265
0.3777008492033929
0.4842559112519618
0.33731353236362344
0.5052480395167869
0.28990233433432877
0.5157441036491994
0.23897919571027162
0.5131200876160962
0.19507993827573952
0.4908159513347196
0.63407251262106
0.43571161463955377
0.6867516215424984
0.4330875986064507
0.7429426710586996
0.4317755905898991
0.7956217799801379
0.43439960662300225
0.8465449186041951
0.44489567075541475
0.83952103741467
0.4698238230698945
0.7973777502775192
0.4947519753843744
0.7446986413560807
0.49606398340092583
0.6955314730294049
0.48687992728506496
0.6481202750001103
0.4698238230698945
0.29692621552385395
0.48687992728506496
0.7359187898691744
0.4671998070367914
0.47427921555936337
0.6994252259664189
0.4180881660431624
0.8143071469585627
0.48481503734365106
0.8038110828261501
0.5603217601310461
0.8038110828261501
0.63407251262106
0.8064350988592532
0.6972874433267863
0.8129951389420111
0.6972874433267863
0.8148819314229567
0.63407251262106
0.8083218913401988
0.5603217601310461
0.8056978753070957
0.48481503734365106
0.8056978753070957
0.4180881660431624
0.8161939394395082