0.14600145441498483
0.3491203341253768
0.11059788720184736
0.4329423640608463
0.06553880165785421
0.5077374061571114
0.03657224666528716
0.5941385754752107
0.043009258885857625
0.6908563023238292
0.06232029554756897
0.786284459481133
0.09772386276070645
0.8713960591079174
0.15887547885612574
0.9423223921302377
0.261867674385253
0.9771407737957404
0.3857801596312342
0.9784303434870553
0.5048648857117876
0.9629555071912764
0.6191218526269131
0.9410328224389228
0.7140677828803271
0.8958978832429008
0.7993581948028857
0.8339985380597849
0.8782115945048737
0.7566243565808899
0.9506279819862913
0.6740918963367354
1.0085610919714254
0.5967177148578404
0.1765772624626945
0.2872209889422609
0.23772887855811375
0.27174615264648194
0.3069267599292461
0.2807731404856863
0.36485986991438024
0.3052749646206697
0.4163559676789438
0.30011668585541
0.6706179503914766
0.34267248566880226
0.7414250848177516
0.3826491460995646
0.8299340028505954
0.40844053992586293
0.8991318842217276
0.4561546185045148
0.939363210600293
0.512895684922371
0.240947384668399
0.34525162505143203
0.2843972171572496
0.3388037765948575
0.33428406186667053
0.34654119474274697
0.3777338943555211
0.3671743098037856
0.4050911962929455
0.40070312177797346
0.3841709065760916
0.4316527943695314
0.3391118210320984
0.4471276306653103
0.2892249763226774
0.44454849128268054
0.24738439688896946
0.42133623683901206
0.23129186633754337
0.3826491460995646
0.6690086973363341
0.46260246696108936
0.7044122645494716
0.4497067700479402
0.7494713500934647
0.4754981638742385
0.7945304356374578
0.5051582667744815
0.8379802681263084
0.5361079393660395
0.8154507253543118
0.5657680422662825
0.7655638806448908
0.5812428785620616
0.7044122645494716
0.5709263210315422
0.6641809381709063
0.5399766484399843
0.6464791545643375
0.49999998800922185
0.29083422937782005
0.37878043702561986
0.6979752523289011
0.49999998800922185
0.32301929048067224
0.5399766484399843
0.2522121560543973
0.6779606054106802
0.2892249763226774
0.6779606054106802
0.33750256797695577
0.6921458720151442
0.3793431474106638
0.7218059749153872
0.40026343712751766
0.7604930656548348
0.39865418407237513
0.7978905867029672
0.34554883325266883
0.800469726085597
0.29244348243296264
0.7849948897898181
0.24899364994411205
0.7592034959635198
0.23290111939268596
0.7179372658414426