0.04715005609990153
0.4913827312357773
0.05530084610996855
0.5631931490505373
0.06345163612003557
0.6407484002904781
0.08382861114520307
0.7096864013926478
0.12458256119553812
0.7728795690696365
0.16737420874838993
0.833200320034035
0.21424125130627525
0.8877762375732525
0.2774098738842946
0.9351711133309942
0.37521935400509876
0.9509694052502414
0.4689534391208694
0.9294262799058134
0.554536734226573
0.8963934877110239
0.6278938443171761
0.8561796537347581
0.7012509544077792
0.8130934030459022
0.7583064844782482
0.7613899022192749
0.809248922041167
0.7010691512548765
0.8479651745889853
0.6378759835778878
0.8744552421217031
0.5631931490505373
0.016832077821820276
0.37815049943111406
0.10065291492875232
0.36928871892620974
0.16561406368662462
0.39882798727589086
0.2326707333721703
0.43427510929550817
0.30601396584073587
0.47710704840254575
0.5056319941661709
0.48132927274171095
0.5769514067542573
0.5100534398676149
0.6727231893725446
0.4913827312357773
0.768494971990832
0.4727120226039397
0.8581536621015692
0.4583499390409877
0.11741708235013872
0.46381437764518924
0.17190062646964455
0.47119919473260946
0.22847969151682368
0.4800609752375138
0.2850587565640028
0.49778453624732244
0.33116021697281545
0.5184620240920992
0.3269691751174688
0.54061647535436
0.2745811519256363
0.5494782558592644
0.2138110450231106
0.5465243290242963
0.16770958461429794
0.5273238045970036
0.13208572884385184
0.4948306094123544
0.5490943934508388
0.539139511936876
0.6161510631363845
0.5273238045970036
0.68320773282193
0.5214159509270674
0.7481688815798023
0.5273238045970036
0.808938988482328
0.537662548519392
0.7858882582779217
0.568678780286557
0.7314047141584159
0.5937871583837859
0.6664435654005436
0.6026489388886903
0.6035779375703446
0.5937871583837859
0.5574764771615319
0.5642478900341049
0.2346182263314428
0.5143620649365005
0.6790166909665835
0.5524321826942324
0.3955963290302662
0.6996329428985814
0.3039184449130625
0.7961311465791014
0.32906469604514216
0.7784075855692928
0.37516615645395474
0.7798845489867767
0.4149810540797475
0.7946541831616174
0.4422228261395004
0.812377744171426
0.4547959517055402
0.8374861222686549
0.41288553315207416
0.8478248661910434
0.36259303088791495
0.8448709393560753
0.314396049551429
0.8404400491036229
0.3018229239853892
0.8227164880938145