0.10373313405427331
0.24825684832214506
0.07677513113135423
0.33436030126731753
0.061167866281243204
0.43651694035481037
0.05974902402214222
0.5518080044678378
0.061167866281243204
0.675855351931222
0.06968091983584924
0.7721744687851436
0.09096355372236428
0.8699529661974582
0.1448795595682024
0.9400032330003103
0.24845504448257558
0.9545970385842378
0.34919284487874674
0.9327063302083466
0.455606014311322
0.9108156218324553
0.5563438147074932
0.8801686301062075
0.6542439305854625
0.8495216383799595
0.7237672012814115
0.7867682743690712
0.7876151029409566
0.7065023436574698
0.8386934242685927
0.6247770323874755
0.8840963765598249
0.5401329600006959
0.16758103571381844
0.0775093229901929
0.22433472607785854
0.07896870354858564
0.28108841644189864
0.12275012030036826
0.32932905325133277
0.1825847231944712
0.3577058984333528
0.2570131316725016
0.5464119188937862
0.25993189278928713
0.6159351895897354
0.3241446373585683
0.7308614125769166
0.35916977075999434
0.8401122665276938
0.397113665278206
0.9025413259281378
0.48467649878177116
0.19170135411853548
0.20885357324554074
0.24136083318707055
0.20447543157036246
0.28818262773740366
0.22928490106303928
0.3264913687331307
0.26576941502285817
0.35344937165604984
0.30955083177464077
0.34351747584234277
0.3489541068512451
0.29669568129200974
0.3533322485264233
0.24703620222347455
0.32998215959213933
0.2115651457459495
0.29349764563232045
0.1874448273412325
0.2453380872053596
0.5634380260029982
0.37668233746070745
0.6187728741079374
0.3898167624862422
0.6769454067310785
0.4117074708621335
0.7294425703178156
0.443813843146774
0.7805208916454517
0.48029835710659297
0.7606571000180375
0.5138641099496263
0.7024845673948965
0.5153234905080191
0.6428931925126544
0.4963515432489132
0.5889771866668163
0.4627857904058799
0.5549249724483922
0.4117074708621335
0.28818262773740366
0.29349764563232045
0.6528250883263614
0.46716393208105816
0.23710430640976757
0.5372141988839103
0.11650271438618233
0.6860710158399712
0.1689998779729194
0.6641803074640799
0.22859125285516152
0.6962866797487205
0.27541304740549466
0.7356899548253248
0.3066275771057167
0.7896870354858567
0.29953336581021167
0.8290903105624611
0.24277967544617157
0.82325278832889
0.18176945830482844
0.8101183633033552
0.13069113697719234
0.7707150882267508
0.11082734534977833
0.7152586270078264