0.06309358773148613
0.41827985935867107
0.09669387509540613
0.4803871804021842
0.12238821249134497
0.5523009205578311
0.15005903737927911
0.6258490638988335
0.19749473718716612
0.6912251913130579
0.26271882442301075
0.741891690059082
0.33584886162683664
0.7860205760636834
0.40700241133866727
0.8285150588829293
0.486061911018479
0.8579343162193303
0.5690743856822813
0.8334182684389961
0.6283690104421401
0.7843861728783277
0.6896401226939942
0.7239132550201702
0.7410287974858719
0.6683435467180795
0.7746290848497919
0.6013330161184994
0.7943939597697448
0.5245160664067856
0.7963704472617401
0.44116150395364956
0.802299909737726
0.37251657016871387
0.14808254988728375
0.3545381351298022
0.18761229972718962
0.3234844746080456
0.24493043699505315
0.3022372331984226
0.31608398670688376
0.2989684268277114
0.3714256364827519
0.31858126505197876
0.5295446358423755
0.3022372331984226
0.5908157480942297
0.2809899917887997
0.6599928103140648
0.2744523790473773
0.7173109475819284
0.29243081408628896
0.7588171849138295
0.3202156682373343
0.20935366213913786
0.4379882146522124
0.2409774620110626
0.4249129891693674
0.27853072435897314
0.4151065700572338
0.318060474198879
0.41347216687187827
0.3556137365467896
0.42164418279865623
0.3556137365467896
0.42645187528544903
0.318060474198879
0.41827985935867107
0.27853072435897314
0.4199142625440266
0.2409774620110626
0.42972068165616023
0.20935366213913786
0.4427959071390052
0.5374505858103565
0.4151065700572338
0.5750038481582672
0.3824185063501216
0.620463060474159
0.3660744744965655
0.6639457852980554
0.38405290953547716
0.6975460726619754
0.4053001509451001
0.6975460726619754
0.4101078434318929
0.6639457852980554
0.38886060202226996
0.620463060474159
0.3708821669833583
0.5750038481582672
0.3872261988369144
0.5374505858103565
0.4199142625440266
0.2805072118509685
0.425028670953266
0.6188818704805626
0.392994368520296
0.48210893603448834
0.5882577906356545
0.3635196865147708
0.6552683212352345
0.4149083613066484
0.6421930957523897
0.47617947355850243
0.6340210798256115
0.5354740983183613
0.6340210798256115
0.5868627731102389
0.6519995148645233
0.5868627731102389
0.6944939976837692
0.5493095107623284
0.7304508677615926
0.4880383985104742
0.7402572868737263
0.4287437737506155
0.7304508677615926
0.3832845614347237
0.7043004167959028