0.1595382372744035
0.5866779493480905
0.2018861481222186
0.6417629855857248
0.24423405897003372
0.696848021823359
0.2885985370010781
0.7551733543102659
0.33497958221535173
0.8102583905479002
0.3954765977122305
0.852382241788444
0.4620233147587971
0.8880255005304426
0.5366363005382807
0.9188083148985324
0.621332122233911
0.931769499895623
0.697961675196624
0.9042269817768056
0.7584586906935027
0.857242686162353
0.8149225718239228
0.803777798049355
0.8613036170381966
0.7438323174378118
0.9036515278860116
0.6855069849509049
0.9258337669015337
0.6142204674669076
0.9238171997183044
0.5413138018582739
0.9177674981686167
0.46516684000036784
0.09500808741106623
0.4943295062438212
0.1272731623427349
0.47488772874818563
0.17365420755700853
0.47326758062354934
0.20390271530544787
0.45220565500327736
0.2220518199545115
0.42304298875982393
0.4378245085600455
0.35823706377437187
0.5104209271563
0.35985721189900816
0.5951167488519301
0.3517564712758266
0.6737628689978724
0.3371751381540999
0.7503924219605855
0.3242139531570095
0.1897867450228429
0.5542749868553645
0.22003525277128225
0.5234921724872746
0.2664162979855559
0.5089108393655479
0.3208636119327467
0.5008100987423664
0.36321152278056185
0.5202518762380021
0.3773274930631669
0.5542749868553645
0.34909555249795676
0.5866779493480905
0.3047310744669124
0.6044995787190899
0.25028376051972157
0.6028794305944535
0.2018861481222186
0.5882980974727268
0.530586598988593
0.46192654375109515
0.5608351067370323
0.42304298875982393
0.6233486894171403
0.4068415075134609
0.6878788392804775
0.40522135938882464
0.7544255563270442
0.41980269251055136
0.7665249594264198
0.45868624750182263
0.726193615761834
0.4943295062438212
0.6697297346314139
0.5186317281133659
0.6031830175848474
0.5137712837394569
0.5426860020879687
0.49918995061773014
0.30271450728368315
0.5623757274785459
0.6455309284326626
0.46192654375109515
0.39749316489545977
0.6757860962030872
0.48823868814077775
0.7632740949334474
0.5104209271563
0.7486927618117207
0.5487357036376566
0.7438323174378118
0.5890670473022424
0.7454524655624482
0.621332122233911
0.7551733543102659
0.6273818237835989
0.7746151318059015
0.6112492863177645
0.798917353675446
0.5769676442028666
0.8102583905479002
0.5386528677215101
0.8053979461739913
0.5144540615227586
0.7891964649276283