0.14677458656149978
0.45599512364838685
0.17319924474815127
0.5366707371227097
0.19797236179813707
0.6202800092688261
0.23595780794144852
0.6994887934072521
0.27064017181142863
0.7786975775456781
0.3185348647747344
0.8579063616841043
0.3746872634213689
0.9297809991430466
0.45561277911798903
0.9723190498840532
0.5530537061812663
0.9811200258994338
0.6339792218778866
0.9415156338302207
0.7016924084811809
0.8828424603943497
0.7594963482644811
0.8227024576225817
0.8156487469111156
0.7625624548508138
0.8503311107810955
0.6833536707123877
0.8784073101044126
0.6070785452457551
0.8932711803344041
0.5220024437637419
0.8998773448810671
0.4603956116560772
0.11539530496485116
0.375319510174064
0.16824462133815415
0.35038341146381874
0.24256397248811146
0.348916582127922
0.3053225356814087
0.3665185341586833
0.356520310918046
0.3929214622048253
0.5480990827712692
0.3709190221663737
0.630676139604555
0.388520974197135
0.7165562787111723
0.3958551208766189
0.8040879589544554
0.3958551208766189
0.853634193054427
0.3929214622048253
0.20788160861813135
0.4457273182971094
0.2491701370347743
0.4295921956022448
0.2970648299980801
0.43399268360993515
0.344959522961386
0.43252585427403833
0.391202674788026
0.4383931716176254
0.379641886831366
0.4677297583355611
0.3416564406880545
0.4911990277099095
0.2970648299980801
0.501466833061187
0.25247321930810573
0.488265369038116
0.2095331497547971
0.47359707567914816
0.6075545636912351
0.4295921956022448
0.6537977155178751
0.42372487825865773
0.7066470318911782
0.4207912195868641
0.7561932659911497
0.42665853693045125
0.8024364178177896
0.4457273182971094
0.8024364178177896
0.46479609966376745
0.7627994305378125
0.4853317103663224
0.7099501141645095
0.48093122235863206
0.6587523389278722
0.475063905015045
0.6174638105112293
0.4530614649765933
0.3433079818247202
0.461862440991974
0.7611478894011467
0.45452829431249003
0.43414274434133476
0.6833536707123877
0.37799034569470025
0.8623068496917947
0.39946038047135457
0.8417712389892399
0.45065815570799184
0.8491053856687236
0.4935982252613005
0.866707337699485
0.5233259657212834
0.8857761190661431
0.5233259657212834
0.8857761190661431
0.4935982252613005
0.866707337699485
0.45065815570799184
0.8491053856687236
0.39946038047135457
0.8417712389892399
0.37799034569470025
0.8623068496917947