0.04081347749170704
0.3116795006747795
0.03236406001906892
0.41038541957606495
0.011240516337473555
0.501298765932512
0.014056988828352938
0.6000046848337974
0.028139351282749834
0.6948143174626636
0.05348760370066427
0.7844289017283043
0.10277587229105341
0.8597571029950748
0.1661465033358395
0.9169026349905558
0.24078302434414306
0.9623593081687792
0.33795132527948163
0.9467741630791026
0.42948668123306144
0.9130063487181366
0.5153890922048826
0.8805372964479768
0.5900256132131861
0.8324830990881407
0.6688868429578089
0.7896239500915299
0.7308492377571552
0.7350759422776616
0.7801375063475443
0.6623452651925039
0.822384593710735
0.5935108743797655
0.04081347749170704
0.18699833995736642
0.12812412470896783
0.192193388320592
0.20135240947183172
0.23894882358962188
0.24641596932590176
0.3077832144023604
0.27880540297101464
0.37531884312429253
0.47314200484169183
0.41817799212090323
0.5604526520589527
0.4675309515715459
0.6604374254851707
0.48701238293364174
0.7618304351568284
0.5051950522049311
0.8252010662016144
0.5545480116555738
0.12812412470896783
0.3181733111288115
0.16755473958127914
0.3337584562184881
0.21121006318990954
0.346746077126552
0.25345715055310025
0.3662275084886478
0.27880540297101464
0.40129408494042024
0.26894774925293685
0.4246718025749352
0.22388418939886678
0.4220742783933224
0.17741239329935696
0.41298294375767775
0.1464311958996838
0.3831114156691308
0.1295323609544075
0.3428497908541328
0.5294714546592795
0.4883111450244481
0.5787597232496686
0.501298765932512
0.6308644643309371
0.5259752456578333
0.681560969166766
0.5467554391107355
0.7195833477936376
0.575328205108476
0.7040927490938012
0.5987059227429911
0.6505797717670929
0.6077972573786358
0.5984750306858243
0.5870170639257335
0.5562279433226337
0.5532492495647674
0.5196138009412017
0.518182673112995
0.24500773308046211
0.3935015123955819
0.6519880080125324
0.5636393462912185
0.2154347719262286
0.6532539305568592
0.11404176225457094
0.7229190610853388
0.17177944831759825
0.7462967787198537
0.22106771690798735
0.7826621172624325
0.2703559854983765
0.8190274558050115
0.29711247416173064
0.857990318529203
0.29711247416173064
0.8597571029950748
0.2703559854983765
0.8207942402708832
0.22106771690798735
0.7844289017283043
0.17177944831759825
0.7480635631857254
0.11404176225457094
0.7246858455512105