0.061030280042680754
0.3935821592093158
0.05708618529635686
0.48799796309216414
0.0630023274158427
0.5792132312501703
0.09061099064011006
0.6656276958209127
0.15568855395445455
0.7328389460426016
0.2424586383735806
0.7904485890897632
0.33317281753903055
0.8400568928248192
0.42980313882396637
0.8848643929726118
0.5343216496015499
0.9120689466337715
0.6467283498717814
0.9104686787713502
0.7394145764103932
0.8752627857980848
0.8064641870978997
0.8096518034388173
0.8321008029490051
0.7232373388680746
0.8577374188001106
0.6400234100221743
0.8873181293975398
0.556809481176274
0.9011224610096735
0.46719448088068904
0.9090106505023212
0.38718108775963117
0.20301769091034147
0.36157680196089254
0.2661232068515241
0.3247706411252059
0.356837386016974
0.3247706411252059
0.44755156518242384
0.33597251616215396
0.5303775548552261
0.3167693018131001
0.7374425290372313
0.30716769463857313
0.7906878081126041
0.31036823036341543
0.841961039814815
0.3087679625009943
0.8952063188901875
0.31036823036341543
0.9366193137265886
0.31996983753794234
0.313452343807411
0.3999832306590004
0.3607814807632979
0.3903816234844734
0.4081106177191847
0.3855808198972099
0.4613558967945575
0.3807800163099465
0.5106570811236065
0.3743789448602618
0.49685274951147285
0.39838296279657925
0.4593838494213956
0.41918644500805424
0.41205471246550873
0.4287880521825812
0.3627535281364599
0.43038832004500244
0.31542439118057297
0.4207867128704755
0.7275822921714216
0.3791797484475253
0.7611070975151748
0.37117840913541955
0.8005480449784138
0.36477733768573495
0.838016945068491
0.36157680196089254
0.8675976556659203
0.3743789448602618
0.8636535609195964
0.39838296279657925
0.834072850322167
0.41278537355836964
0.8005480449784138
0.41918644500805424
0.7630791448883367
0.41278537355836964
0.7295543395445835
0.40318376638384273
0.45543975467507164
0.39838296279657925
0.8261846608295192
0.3855808198972099
0.7177220553056117
0.6112185884985933
0.4810763705261771
0.7543448714146161
0.5461539338405217
0.7303408534782988
0.6112314971548661
0.7079371034044025
0.6802531552155346
0.693534692642612
0.7394145764103932
0.7079371034044025
0.7394145764103932
0.7120354638311265
0.6802531552155346
0.697633053069336
0.6112314971548661
0.7120354638311265
0.5461539338405217
0.7344392139050228
0.4810763705261771
0.7584432318413401