0.0585295301714064
0.5292080382834464
0.10490888887255218
0.6012092535273001
0.16056411931392706
0.6664179012953186
0.21807452410334777
0.7234754680923348
0.27929527758886014
0.7900426293555203
0.36834364629506
0.8321565477056989
0.46481271239344313
0.8674778985800422
0.5631369528398721
0.9027992494543855
0.6688818906784845
0.9218184383867243
0.7634957824288217
0.8837800605220468
0.8284268846104258
0.8212884397443624
0.8803717663557089
0.754721278481177
0.9248959507088088
0.6840785767324903
0.9545787402775421
0.6107188479934695
0.9638546120177712
0.5251324977979452
0.967564960713863
0.4409046610975881
0.9564339146255879
0.3621108783778991
0.13273650409323962
0.4735089849815973
0.1698399910541562
0.4300365531362517
0.22735039584357694
0.3960737157570754
0.3015573697654101
0.37569601332956964
0.37390916933919743
0.3661864188634003
0.5965300911046971
0.3240725005132217
0.6651715419823928
0.3009777710953818
0.7486543876444551
0.2941852036195466
0.8302820589584716
0.3036947980857159
0.8989235098361673
0.32543101400838875
0.2027053642027267
0.4867592305600407
0.241142657548359
0.45324501856764043
0.2921823421548544
0.4282736449262443
0.35078346151786755
0.41545938739973826
0.40497374393957863
0.42334508433912654
0.41631589607435543
0.44995931150956203
0.37283764622437787
0.4772306800916132
0.3173871246765805
0.49661635173427604
0.2581558857505241
0.5114020334956291
0.20081500551359727
0.5199448718466331
0.6305565475090272
0.3789880390550675
0.670884199543789
0.350402387649785
0.7263347210915864
0.34185954929878104
0.7849358404545995
0.3444881149452438
0.8391261228763107
0.35730237247174973
0.8611803075828212
0.392788008698997
0.8063599055980668
0.40395941269646374
0.74901902536114
0.4095451146951971
0.6904179059981268
0.41545938739973826
0.6349673844503293
0.4049451248138873
0.3539340593330833
0.44864502868633066
0.7320057971589748
0.39245943799318916
0.6113714858890636
0.6188699289644718
0.47801643602919
0.727029718515737
0.5408812578162464
0.6949624813623752
0.612871618249811
0.6734000287937354
0.6885797907245457
0.6631716859086113
0.7629360315479458
0.6706356117977559
0.7615840998966111
0.716801375630613
0.7223780820079093
0.7651786730602537
0.6564714140053501
0.79392860981844
0.5811012244434491
0.7925464013204503
0.5131666589638882
0.763243581163068