0.10051932099204464
0.18844928389370744
0.06339336812039507
0.2724807825389822
0.042178537908023915
0.3691962809797702
0.031571122801838325
0.47066827934387556
0.03510692783723354
0.5721402777079809
0.054553855531907114
0.6704412761232081
0.10228722350974222
0.7592292746918002
0.18007493428843652
0.8289912735671229
0.2737737677264092
0.8733852728514189
0.3869195288590554
0.8828982726980537
0.4965294849563064
0.8686287729281015
0.5884604158765815
0.8258202736182444
0.669783931690671
0.7687422745384351
0.7475716424693652
0.6973947756886736
0.8200556456949667
0.637145776659986
0.8766285262612898
0.5562852779635895
0.9102186740975442
0.4674972793949973
0.16239590911146054
0.11075978514618925
0.24548732744324758
0.1250292849161416
0.3144355256334539
0.17259428414931596
0.37984791878826496
0.2169882834336121
0.4558677270492617
0.2534547828457125
0.6468011989606022
0.30419078202776517
0.7122135921154132
0.33748628149098725
0.8041445230356884
0.3311442815932306
0.8854680388497779
0.35809778115869617
0.9402730168984033
0.4056627803918706
0.252558937514038
0.23125778320356444
0.2896848903856875
0.2407707830501993
0.33565035584582503
0.2407707830501993
0.371008406199777
0.25504028282015156
0.3904553338944506
0.2851647823344954
0.3869195288590554
0.30101978207888686
0.3533293810228011
0.30101978207888686
0.3179713306688491
0.2819937823856171
0.28261328031489713
0.26613878264122565
0.24548732744324758
0.2502837828968342
0.6768555417614613
0.3644397810564527
0.7122135921154132
0.3802947808008442
0.7458037399516676
0.3961497805452357
0.7776259852702243
0.4167612802129446
0.8041445230356884
0.43737277988065354
0.8041445230356884
0.4548132795994841
0.7652506676463412
0.4500567796761667
0.7298926172923893
0.43261627995733604
0.69983827449153
0.4120047802896271
0.6733197367260662
0.38822228067304
0.3091318180803611
0.2582112827690299
0.7228210072215988
0.4072482803663097
0.4063664565537289
0.5657982778102244
0.20964564398675306
0.608112691081535
0.2813940371992436
0.6184000048691751
0.35274820847100613
0.6420608265807471
0.4209486042169449
0.6739514993224313
0.4729859003930369
0.7161294858517555
0.4639187957562937
0.7490488899722036
0.39768950971399475
0.7217875084349574
0.33264288949387966
0.6909255670720373
0.26601938151085275
0.6626354541560272
0.19505943217981817
0.6446326550276572