0.22497564027768804
0.22052447318028617
0.1763281863389979
0.29829158316282867
0.12432573557694981
0.3728183968960986
0.07400078322658073
0.45382580312791365
0.0521933038747541
0.5494145424814556
0.04883830705139615
0.6644450593306329
0.03709581816964338
0.7746151318059015
0.06896828799154382
0.8621031305362619
0.1411007196937395
0.9188083148985324
0.2451056212178357
0.9398702405188044
0.35917551321200575
0.931769499895623
0.47492290361785466
0.9204284630231686
0.5789278051419509
0.894506093028988
0.6644802241375782
0.836180760542081
0.739967652663132
0.7600337986841748
0.7986800970718959
0.6709256518291782
0.843972554187228
0.5866779493480905
0.2753005926280572
0.1832610663136512
0.34575552591857395
0.1540984000701978
0.4313079449142015
0.15895884444410668
0.4933753861463233
0.20108269568465054
0.5252478559682238
0.26912891691937524
0.6661577225492573
0.3387952862787363
0.739967652663132
0.3517564712758266
0.79197010342518
0.40036091501491566
0.8339075637171542
0.46192654375109515
0.8506825478339439
0.5315929131104562
0.31723805292003143
0.25027407931320367
0.3541430179769688
0.2551345236871126
0.3893704846222271
0.2632352643102941
0.4195654560324486
0.2794367455566571
0.43801793856091725
0.300498671176929
0.43801793856091725
0.3047721756613739
0.4195654560324486
0.28371025004110195
0.3893704846222271
0.26750876879473895
0.3541430179769688
0.25940802817155745
0.31723805292003143
0.2545475837976485
0.6443502431974306
0.423629928649288
0.6862877034894049
0.4301105211478332
0.7181601733113053
0.4527925948927415
0.736612655839774
0.4868157055101038
0.7517101415448847
0.509497779255012
0.7517101415448847
0.5137712837394569
0.736612655839774
0.49108920999454864
0.7181601733113053
0.45706609937718634
0.6862877034894049
0.43438402563227807
0.6443502431974306
0.42790343313373286
0.3836669900225187
0.2718526090510617
0.7074241834765599
0.4627060581332181
0.43969543697259633
0.4149422481366424
0.18454214407894318
0.48424691000771247
0.28451719309682205
0.49806715028949383
0.3709662060711056
0.5632197116178913
0.46388419280536947
0.6224493128255255
0.5297501074524426
0.704383594496086
0.4668246354235423
0.7665746757641018
0.36273296674022143
0.7803949160458831
0.2562889439623621
0.7537415955024478
0.17924934736623196
0.6767431139325234
0.15984242608629073
0.5770399518996726