0.14382794526195264
0.47485327064012106
0.16148464870876997
0.5653814393387436
0.18090702250026902
0.6616574282721996
0.22151744042794885
0.7493116868534055
0.279784561802446
0.824033349906237
0.3415830238663066
0.8973180579003602
0.40867849696421243
0.9720397209531916
0.5146187176451164
0.997904912009941
0.6170275976366567
0.9591071254248169
0.7106081259047884
0.891570237665527
0.7988916431388751
0.824033349906237
0.8765811383048714
0.7507486419121139
0.9366139300240502
0.6717161136831575
0.97722434795173
0.5797509899258266
0.9807556886410935
0.47485327064012106
0.9701616665730031
0.3699555513544154
0.9419109410580954
0.2779904275970844
0.09968618664490936
0.37857728170666516
0.11557721974704495
0.3699555513544154
0.14382794526195264
0.3656446861782905
0.17207867077686034
0.3713925064131237
0.19503238525772287
0.37857728170666516
0.3203949797301258
0.31104039394737526
0.39102179351739513
0.2406295960706687
0.48283665144084514
0.18027748360492027
0.5940738831557941
0.1357318767849631
0.7176708072835155
0.12567319137400498
0.15265629698536132
0.4734163155814127
0.13853093422790744
0.4403663492311219
0.15971897836408824
0.4202489784092058
0.20386073698113155
0.41737506829178916
0.23387713284072095
0.4216859334679141
0.24623682525349308
0.4461141694659551
0.2409398142194479
0.4806010908749542
0.22328311077263058
0.5079032369904118
0.1967980556024046
0.5222727875774948
0.1685473300874969
0.5007184616968704
0.4281008707557114
0.3254099445344582
0.470476959028073
0.2823012927732093
0.5340410914366154
0.25499914665775164
0.6011365645345211
0.2305709106597106
0.6647006969430634
0.2075796297203779
0.6682320376324269
0.2506882814816268
0.6505753341856096
0.30672952877125037
0.5870112017770673
0.3311577647692914
0.516384387989798
0.3455273153563743
0.45635159627061916
0.37282946147183194
0.2197517700832671
0.46192067511174634
0.5481664541940692
0.30529257371254204
0.1915010445683594
0.6185487765109507
0.30803528731735375
0.7435638666185724
0.3380516831769432
0.722009540737948
0.38219344179398645
0.7090769452095733
0.4281008707557114
0.7033291249747402
0.4793053107514817
0.7018921699160319
0.4881336624748904
0.7191356306205314
0.45635159627061916
0.7421269115598641
0.41397550799825755
0.7564964621469471
0.36983374938121427
0.7665551475579052
0.32392632041948927
0.7593703722643637