0.05126484224128703
0.4514121069248033
0.05126484224128703
0.5347056115677304
0.06400274601610784
0.6166108911332754
0.09129825410500957
0.6915750453119098
0.12041346273317143
0.7651509744131619
0.1640862756754142
0.8303975530501215
0.21685759131395754
0.894255906609699
0.28418651126658184
0.9497849097049837
0.38063063984736795
0.9650553855561871
0.4770747684281541
0.9372908840085447
0.5644203943126397
0.9025852570739917
0.648126619118605
0.858162054597764
0.7318328439245703
0.8165153022763004
0.8100799671127552
0.7651509744131619
0.8628512827512985
0.6957397205440562
0.9047043951542814
0.6221637914428039
0.9374590048609635
0.5583054378832264
0.005772328759784118
0.33480120042470546
0.09493765518352983
0.35423635150805505
0.17682417945023501
0.38477730321046166
0.24779250048137952
0.42920050568668944
0.29692441504140266
0.4750119332402994
0.48981267220297486
0.45696500723433187
0.5935356029408015
0.4361416310736001
0.7081767369141888
0.4361416310736001
0.820998170348316
0.44169453138312853
0.9119831973113218
0.4639061326212424
0.09857705626205003
0.4264240555319252
0.1404301686650327
0.4541885570795676
0.1895620832250558
0.46945903293077085
0.24051369832433905
0.4805648335498278
0.28782591234510213
0.4999999846331775
0.2823668107273217
0.5222115858712915
0.23505459670655873
0.5319291614129662
0.18046358052875522
0.5249880360260556
0.13679076758651249
0.5041646598653239
0.10767555895835063
0.4750119332402994
0.5626006937733795
0.5152704604843807
0.6190114104904432
0.5097175601748524
0.6808812288252871
0.5152704604843807
0.7463904482386513
0.5152704604843807
0.806440566034235
0.5166586855617629
0.790063261180894
0.55414076265108
0.7300131433853102
0.5624701131153729
0.6699630255897264
0.5707994635796656
0.6044538061763622
0.5694112385022835
0.5589612926948593
0.5402585118772589
0.20048028646061652
0.49583530940103115
0.6517660201971253
0.5402585118772589
0.28964561288436225
0.706845521163113
0.2678092064132408
0.7831979004191296
0.3114820193554836
0.7998566013477151
0.36061393391550667
0.8095741768893898
0.4097458484755298
0.8165153022763004
0.458877763035553
0.8220682025858289
0.45523836195703277
0.8331740032048858
0.4079261479362697
0.8387269035144143
0.3551548322977264
0.8331740032048858
0.3060229177377032
0.8206799775084468
0.27144860749176103
0.798468376270333