0.1134079180711317
0.4669157416183526
0.1366724546044802
0.49054737237670665
0.17067446953783563
0.5756212431067811
0.20109732500452207
0.6591196717862985
0.24941597780455355
0.7331654481624744
0.32457832660460245
0.7788532676286255
0.39974067540465147
0.8229656450442197
0.48921966207137624
0.8702289065609277
0.5786986487381012
0.9017377475720663
0.6771255340714986
0.8891342111676108
0.7487087234048785
0.8355691814486751
0.8202919127382585
0.7694006153252839
0.872189725004959
0.695354838949108
0.9008230007383108
0.6118564102695905
0.911560479138318
0.5204807713372883
0.907981319671649
0.4275296903544292
0.8954542615383073
0.3424558196243548
0.16888488980450111
0.3960208493432906
0.21899312233786708
0.3534839139782534
0.2923658914045815
0.32985228321989934
0.36752824020463043
0.315673304764887
0.4426905890046793
0.31882418886600083
0.6305964610048016
0.2999188842593176
0.682494273271502
0.2810135796526344
0.7379712450048715
0.2715609273492928
0.7988169559382444
0.26841004324817896
0.8471356087382759
0.26841004324817896
0.2637326156712295
0.40862438574774607
0.2959450508712505
0.3786909867871643
0.34247412393794746
0.35663479807936727
0.39437193620464794
0.3597856821804811
0.4373218498046758
0.384992754989392
0.45879680660468986
0.42280336420275844
0.40689899433798943
0.4354069006072139
0.36036992127129247
0.45431220521389715
0.30847210900459204
0.4669157416183526
0.26910135487123304
0.44485955291055557
0.6628088962048226
0.3534839139782534
0.6932317516715091
0.32985228321989934
0.7379712450048715
0.31409786271433005
0.7880794775382375
0.31409786271433005
0.825660651938262
0.31882418886600083
0.818502333004924
0.3519084719276965
0.793448216738241
0.3834173129388351
0.7522878828715476
0.39759629139384756
0.7021796503381816
0.4007471754949614
0.6663880556714916
0.384992754989392
0.36215950100462696
0.4165015960005307
0.7272337666048646
0.35505935602881034
0.5858569676714391
0.5283579815900731
0.5250112567380663
0.6843267445952095
0.5500653730047493
0.646516135381843
0.5930152866047771
0.6197336205223752
0.6431235191381431
0.624459946674046
0.6860734327381711
0.646516135381843
0.7039692300715161
0.6937793968985511
0.6663880556714916
0.7252882379096898
0.6162798231381257
0.7363163322635883
0.5625924311380908
0.7441935425163729
0.5232216770047318
0.7221373538085759