0.1591823649762894
0.32643618606185276
0.1409836621620987
0.41971718057700425
0.1355240513178415
0.5160565683549474
0.14280353244351776
0.6123959561328908
0.1646419758205466
0.7026185573852504
0.20467912201176602
0.7867243721120262
0.26655471158001426
0.8585966137876347
0.35572835536954855
0.9105892992550962
0.4521814802847591
0.9396440352516187
0.5650134377327413
0.9457608217772023
0.666926173492209
0.9182352824120757
0.748820336156067
0.8570674171562388
0.7815780012216101
0.7714324057980669
0.803416444598639
0.6812098045457075
0.8743913855739824
0.6261587258154542
0.8980496992324305
0.5405237144572823
0.914428531765202
0.4564178997305064
0.26655471158001426
0.2790310904885791
0.33207004171110066
0.2591515342804321
0.4085045935307015
0.2713851073315995
0.48129940478746414
0.2866770736455588
0.555914086325646
0.2866770736455588
0.7415408550303908
0.3203193995362691
0.7815780012216101
0.34784493890139573
0.8325343691013439
0.3585493153211672
0.8853106072624971
0.363136905215355
0.9253477534537163
0.38148726479210604
0.3357097822739388
0.32184859616766504
0.38302640959083456
0.32643618606185276
0.4285231666263112
0.3294945793246446
0.4740199236617879
0.3340821692188324
0.5104173292901693
0.35702011868977124
0.4976782373202358
0.3738412816351265
0.4594609614104353
0.3845456580548979
0.41760394493779684
0.383016461423502
0.3739270581837393
0.3692536917409387
0.3411693931181961
0.3493741355327917
0.7124229305276857
0.3784288715293142
0.7433607253118099
0.3692536917409387
0.7815780012216101
0.3768996748979183
0.8125157960057343
0.3937208378432735
0.8398138502270204
0.41207119742002457
0.8343542393827631
0.4319507536281716
0.8052363148800581
0.445713523310735
0.7688389092516766
0.4395967367851512
0.7433607253118099
0.42124637720840014
0.7160626710905238
0.402896017631649
0.42488342606347307
0.3524325287955835
0.7797581309401911
0.41512959068281646
0.6505473409594374
0.566520057191013
0.39030589071651084
0.6552134618119767
0.4631007019732736
0.629217119078246
0.5449948646371314
0.629217119078246
0.6196095461753133
0.649096675286393
0.6723857843364661
0.6934433775968748
0.6614665626479518
0.7546112428527119
0.6014108433611226
0.7439068664329404
0.5249762915415218
0.7240273102247933
0.44490199915908285
0.7194397203306055
0.3684674473394821
0.708735343910834