0.09024535376726595
0.45600756370641343
0.0698892589325443
0.517029322750114
0.04546194513087835
0.5780510817938146
0.029177069263101034
0.6419110621883849
0.03731950719698969
0.708609263933825
0.04342633564740619
0.7767265763547
0.06785364944907213
0.8377483353984007
0.11670827705240408
0.8831598770123174
0.189990218457402
0.9101229798455804
0.28566386418059375
0.9101229798455804
0.38540872887072974
0.9129612011964501
0.48718920304433794
0.9143803118718851
0.5767560203171131
0.9044465371438408
0.6520735712055833
0.8803216556614475
0.7273911220940533
0.8533585528281845
0.7986374540155792
0.819299896617747
0.8576701290362719
0.7795647977055699
0.12281510550282057
0.3424787096716217
0.18184778052351333
0.3694418125048848
0.22052436070948447
0.41059602209249674
0.25105850296156695
0.46026489573271817
0.2693789883128164
0.5113528800483744
0.4362989659575339
0.5383159828816374
0.5360438306476699
0.5652790857149005
0.6256106479204452
0.6050141846270777
0.7151774651932203
0.6518448369164291
0.7619964833130802
0.6887417144777365
0.13706437188712572
0.4503311210046739
0.16759851413920818
0.46026489573271817
0.19406143742434634
0.49006621991685095
0.2184887512260123
0.515610212074679
0.24495167451115044
0.5482497576096818
0.2184887512260123
0.5780510817938146
0.18184778052351333
0.5624408643640307
0.1492780287879587
0.5368968722062026
0.12485071498629273
0.5070955480220697
0.12485071498629273
0.47161778113619734
0.48311798407739365
0.6291390661094708
0.5238301737468369
0.6490066155655594
0.5726848013501689
0.6702932756970829
0.623575038436973
0.6929990465040412
0.6765008850072494
0.7057710425829553
0.6398599143047503
0.7327341454162183
0.5808272392840576
0.7355723667670881
0.5279013927137812
0.7199621493373042
0.4810823745939215
0.6972563785303458
0.4668331082096163
0.6617786116444735
0.1838833900069855
0.5283822081535932
0.5421506590980865
0.6929990465040412
0.1452068098210144
0.6603595009690386
0.11060144860198759
0.7526016948723069
0.13502876240365355
0.751182584196872
0.1614916856887917
0.7724692443283954
0.18591899949045768
0.7951750151353537
0.21441753225906798
0.8235572286440517
0.20627509432517932
0.8320718926966612
0.16556290465573603
0.8207190072931819
0.12892193395323706
0.8079470112142678
0.10042340118462677
0.7880794617581792
0.10245901066809893
0.7611163589249162