0.15131164193956795
0.4522605653467433
0.16933093832807863
0.5290180869817006
0.18534809067342156
0.6132641473127514
0.20737167514826796
0.6881495342736853
0.24341026792528953
0.7574185172125494
0.29546601304765385
0.8210710961293433
0.3455196141268504
0.8734908670019971
0.4135925115945576
0.9221663685266042
0.4956804173644399
0.9390155805928144
0.5777683231343221
0.9184220991785575
0.6418369325156936
0.8734908670019971
0.6998991097675618
0.8173268267812965
0.7499527108467582
0.7536742478645027
0.7899955917101155
0.6900216689477088
0.8080148880986262
0.6095198779647046
0.8200277523576334
0.5290180869817006
0.824032040443969
0.45038843067271983
0.16933093832807863
0.3811194477338559
0.22539097153677876
0.3661423703416692
0.27744671665914317
0.3848637170819026
0.3275003177383396
0.41107360251822955
0.3755517747743683
0.43353921860650974
0.5717618910048187
0.42043427588834625
0.6158090599545115
0.39422439045201946
0.6738712372063795
0.3811194477338559
0.7359377025445831
0.3755030437117859
0.7980041678827868
0.37924731305983256
0.2273931155799466
0.4532555975553777
0.2614295643138002
0.4644884055995178
0.30347458922032533
0.48320975233975133
0.3495239022131861
0.49257042570986803
0.3875646390333754
0.5019310990799848
0.3875646390333754
0.5084246055674437
0.3495239022131861
0.499063932197327
0.30347458922032533
0.4897032588272103
0.2614295643138002
0.47098191208697676
0.2273931155799466
0.45974910404283664
0.5897811873933295
0.48133761766572797
0.6318262122998545
0.4644884055995178
0.6738712372063795
0.4532555975553777
0.7119119740265688
0.43827852016319085
0.7539569989330939
0.42891784679307415
0.7539569989330939
0.4354113532805331
0.7119119740265688
0.4447720266506498
0.6738712372063795
0.45974910404283664
0.6318262122998545
0.47098191208697676
0.5897811873933295
0.4878311241531869
0.30587716207212673
0.48233780930062947
0.6722695219718452
0.4565023507991071
0.47565897693276127
0.6713003222074754
0.3935710711628791
0.7378200680069269
0.4316118079830684
0.7677742227913006
0.49367827332127207
0.7715184921393473
0.5557447386594756
0.7696463574653241
0.5917833314364972
0.743436472028997
0.5917833314364972
0.7499299785164559
0.5557447386594756
0.776139863952783
0.49367827332127207
0.7780119986268063
0.4316118079830684
0.7742677292787595
0.3935710711628791
0.7443135744943858