0.07006786087688226
0.48478228703067183
0.08184122373134091
0.5574890622400388
0.08772790515857024
0.6335775479242599
0.09361458658579956
0.7045934678961997
0.11323685800989726
0.7739185326307123
0.1465947194308634
0.8415527421277976
0.18191480799423929
0.9041143859126017
0.2407816222665325
0.9531491877979887
0.323195162247743
0.9666760296974058
0.4056087022289534
0.956530898272843
0.47821110649811505
0.9244046487617275
0.5468890564824571
0.8905875440131846
0.6175292336092089
0.8516978735523605
0.6783582750239118
0.8026630716669736
0.7234894992993365
0.7434831383570238
0.7489984521506637
0.6775397840973655
0.7745074050019908
0.6149781403125615
0.08380345087375067
0.40700294610902366
0.1622925365701416
0.3900943937347523
0.23489494083930315
0.42052978800844065
0.28983730082677683
0.47463715560610914
0.31927070796292334
0.5169085365417874
0.5213801036311301
0.4763280108435362
0.5998691893275209
0.4661828794189734
0.6803205021663216
0.45772860323183767
0.7588095878627125
0.47970972131839057
0.8137519478501861
0.5236719574914961
0.13482135657640476
0.4661828794189734
0.18191480799423929
0.46449202418154634
0.2211593508424348
0.47801886608096333
0.2505927579785813
0.5033816946423704
0.27217725654508884
0.5304353784412046
0.287875073684367
0.5659433384271745
0.2466683036937618
0.5777793250891644
0.2015370794183371
0.5625616279523202
0.16817921799737093
0.5371987993909131
0.1426702651460439
0.5050725498797975
0.5527757379096864
0.5693250489020287
0.5998691893275209
0.5574890622400388
0.6489248678877652
0.5524164965277574
0.7019050007328291
0.5557982070026116
0.7254517264417464
0.5879244565137273
0.7176028178721072
0.6115964298377071
0.6783582750239118
0.6352684031616871
0.6293025964636675
0.6301958374494057
0.582209145045833
0.6183598507874156
0.5429646021976374
0.5963787327008628
0.21331044227279564
0.5219811022540688
0.6214536878940284
0.5946878774634358
0.2761017108299084
0.6893757707593554
0.25451721226340096
0.8111173478541093
0.27413948368749863
0.806044782141828
0.30161066368123546
0.8144990583289635
0.3251573893901527
0.8263350449909534
0.34870411509907
0.844934452602652
0.3467418879566602
0.8618430049769233
0.3212329351053332
0.8686064259266318
0.287875073684367
0.8669155706892048
0.26629057511785953
0.8550795840272148
0.25647943940581064
0.8347893211780891