0.16983684731772114
0.40257952900161537
0.17357456501336527
0.4828081506428125
0.19600087118723028
0.5548501782389896
0.22777147160020578
0.6268922058351667
0.26701750740446956
0.6956595958133358
0.31373897860002165
0.7627896669825008
0.3791490382737946
0.8119092312526215
0.45203453333885585
0.8430182886236981
0.5417397580343161
0.8593914767137383
0.6389204181210644
0.8593914767137383
0.7267567839687024
0.838106332196686
0.8052488555772299
0.7971733619715853
0.8575769033162484
0.7267686531844123
0.8874786448814017
0.653089306779231
0.9024295156639783
0.5712233663290299
0.9211181041421992
0.4942693823058408
0.9398066926204202
0.4205900359006596
0.21655831851327326
0.3616465587765147
0.29131267242615666
0.3338121390234463
0.3679358851868621
0.35837192115850675
0.4557722510345001
0.381294384484563
0.5305266049473836
0.3518226459224906
0.6351827004254201
0.3616465587765147
0.7248879251208803
0.36819583401253086
0.8052488555772299
0.3403614142594624
0.8856097860335796
0.31580163212440204
0.9566264222508188
0.3305375014054383
0.30252582551308915
0.4042168478106194
0.3399030024695308
0.39766757257460333
0.3828867559694388
0.3960302537655992
0.4258705094693468
0.3960302537655992
0.46511654527361057
0.4009422101926113
0.45950996873014427
0.42713931113667575
0.4277393683171688
0.44187518041771195
0.38662447366508296
0.44514981803572007
0.34550957901299706
0.44187518041771195
0.31000126090437746
0.4287766299456797
0.7005927600991931
0.39111829733858716
0.7342322193599907
0.381294384484563
0.7716093963164324
0.3845690221025711
0.8089865732728742
0.39111829733858716
0.8463637502293159
0.39766757257460333
0.8463637502293159
0.4156780794736475
0.8145931498163403
0.42713931113667575
0.7753471140120766
0.4304139487546837
0.7361010782078129
0.42550199232767166
0.7080681954904816
0.4107661230466354
0.3978376267520155
0.42222735470966366
0.7828225494033649
0.40749148542862745
0.5959366646211564
0.6236175682171586
0.46137882757796633
0.7125199615858098
0.5249200284039173
0.6961467734957695
0.5959366646211564
0.6895974982597535
0.6669533008383957
0.6977840923047736
0.7155436308817699
0.7239811932488379
0.7155436308817699
0.7284059719934163
0.6669533008383957
0.7022088710493519
0.5959366646211564
0.6940222770043318
0.5249200284039173
0.7005715522403478
0.46137882757796633
0.7169447403303881