0.11753298672895021
0.4927785705143923
0.12431585693586023
0.5860005054476478
0.13618587979795274
0.6779094553818434
0.18705740634977785
0.74749766033202
0.24132036800505796
0.8170858652821966
0.29558332966033807
0.8853610852333136
0.34645485621216315
0.9510103351863104
0.43124073379853833
0.9890869001590485
0.544853809764281
0.9838349601628088
0.6347268400058388
0.939193470194771
0.716121282488759
0.8827351152351937
0.787341419661314
0.8183988502812567
0.8534744041786867
0.7566885553254397
0.9009544956270569
0.6792224403809033
0.9297816940064243
0.5912524454438876
0.9416517168685169
0.4993434955096919
0.9196073886960593
0.41268648557173604
0.05479143731503259
0.41268648557173604
0.10057581121167518
0.37067096560181806
0.1701002308325028
0.3483502206177991
0.25149467331542297
0.3641060406065183
0.2989747647637931
0.4034955905783165
0.4363278864537208
0.3325944006290798
0.5363752220056436
0.30896067064600097
0.6296396873506562
0.28007500066668234
0.7330784580060339
0.26957112067420286
0.8127771829372267
0.3023957456507013
0.17179594838423032
0.4625799155360137
0.2023188643153254
0.4428851405501146
0.24132036800505796
0.4297552905595153
0.28540902434997306
0.41925141056703574
0.3176276578327956
0.43238126055763504
0.33119339824661564
0.4586409605388338
0.3057576349707031
0.48358767552097265
0.265060413729243
0.49671752551157206
0.22266747493605543
0.5019694655078117
0.18366597124632283
0.4901526005162723
0.5177223289366409
0.371983950600878
0.5685938554884662
0.35754111561121865
0.6262482522472012
0.3536021606140388
0.6872940841093913
0.3536021606140388
0.743252763316399
0.3549151456130988
0.746644198419854
0.3838008155924174
0.7059469771783938
0.41006051557361617
0.6499882979713864
0.42056439556609565
0.5957253363161062
0.4113735005726761
0.5397666571090985
0.3995566355811367
0.268451848832698
0.477022750525673
0.6228568171437463
0.3995566355811367
0.29727904721206555
0.622764085421326
0.3098682882081667
0.7710016185419363
0.3346403827181445
0.7858872042870926
0.3627600575673085
0.79422313230438
0.39065656039386015
0.7992842314577331
0.42056161142392345
0.8058338891856017
0.426810428057071
0.8111927000538581
0.39645903298178287
0.8082155829048269
0.36633080992910716
0.8073224477601175
0.33687210294426867
0.8010705017471519
0.3158939328187018
0.7858872042870926