-0.003096929718565875
0.41282003082199686
0.005759448481133775
0.4991697182690685
0.023472204880533074
0.580537692978809
0.054469528579481896
0.6602450967761059
0.11425008142745453
0.7200256496240784
0.19838567432460122
0.769842776997389
0.2891635508715227
0.8146781916333685
0.3799414274184441
0.8561924644444606
0.4751474930652154
0.8927250245182218
0.5836381260115361
0.8894038826933344
0.6699878134586077
0.8512107517071297
0.7209119881068807
0.7897696279467132
0.7607656900055293
0.7183650787116348
0.8006193919041776
0.6469605294765564
0.8227603374034268
0.5655925547668158
0.8338308101530513
0.47924286731974425
0.8537576611023755
0.4028566053473347
0.10760779777767975
0.39455375078511634
0.1806729179252019
0.3480577652366931
0.30023402362114726
0.3513789070615805
0.41979512931709256
0.3447366234118057
0.4884320603647648
0.2915983542136078
0.6987710426076317
0.26502921961450887
0.7231260826568056
0.28163492873894574
0.7674079736553039
0.28163492873894574
0.816118053753652
0.28163492873894574
0.8537576611023755
0.2915983542136078
0.2338111871233998
0.43108631085887733
0.28473536177167286
0.41780174355932787
0.34451591461964554
0.40949888899710946
0.3998682783677683
0.39621432169756
0.4463642639161915
0.3862508962228978
0.43529379116656697
0.4194623144717716
0.40651056201754304
0.45765544545797626
0.35558638736927006
0.47592172549485684
0.2935917399713725
0.47592172549485684
0.2470957544229493
0.4609765872828637
0.687700569858007
0.3845903253104542
0.7142697044571059
0.37130575801090465
0.7496952172559046
0.3630029034486863
0.7917630137044779
0.35968176162379895
0.8139039592037272
0.3746268998357921
0.8139039592037272
0.3995354635224473
0.7939771082544028
0.4227834562966589
0.7629797845554541
0.43440745268376474
0.7253401772067306
0.4261045981215464
0.6965569480577066
0.41282003082199686
0.3799414274184441
0.43108631085887733
0.7519093118058296
0.39455375078511634
0.7031992317074814
0.5988039730156896
0.5482126132127375
0.7884611401074777
0.5725676532619115
0.7618920055083787
0.6057790715107852
0.7419651545590545
0.6412045843095839
0.723698874522174
0.6766300971083825
0.7153960199599554
0.6766300971083825
0.7200256496240784
0.6412045843095839
0.728328504186297
0.6057790715107852
0.7465947842231776
0.5725676532619115
0.7665216351725017
0.5482126132127375
0.7930907697716008