0.10823604045949758
0.3198176405333994
0.08877244214095567
0.414512012929452
0.06577000776449705
0.5092063853255048
0.0480758274749135
0.6012703584883337
0.08346418805408061
0.6854431339514916
0.16839625344408168
0.7617247117149786
0.24448122868929095
0.8366910898618536
0.32056620393450025
0.9103422683921166
0.4054982693245013
0.9655806522898142
0.5205104412067945
0.9945150438552747
0.6089813426547122
0.9471678576572483
0.6850663178999216
0.874831878743597
0.7629207111740892
0.7972351013634982
0.83723626839034
0.7275295216830706
0.8903188092590907
0.64861754468636
0.892088227288049
0.5499775734404718
0.9168600796934661
0.46843519721053756
0.29225551547116657
0.2514272604695836
0.403728851295543
0.24748166161974805
0.508124515004086
0.2711552547187612
0.612520178712629
0.28825284973471516
0.7080687522763801
0.264579256635702
0.8106949979559647
0.2921984485845507
0.8390056864192984
0.3303392374662941
0.8743940469984656
0.3579584294151428
0.9257071698382578
0.37374082481448495
0.9699426205622167
0.3921536194470507
0.3187967859055419
0.31324164245034014
0.378956998890126
0.3079808439838928
0.4479643020195019
0.31587204168356386
0.5152021871199194
0.3277088382330704
0.5735929820755451
0.34743683248224805
0.5558988017859615
0.3829472221307678
0.48866091668554407
0.381632022514156
0.4214230315851265
0.3724256251978731
0.3506463104267923
0.3724256251978731
0.29579435152908323
0.34743683248224805
0.7699983832899225
0.44810669381165297
0.8071561618980481
0.4494218934282648
0.8531610306509654
0.4507370930448766
0.8850105551722157
0.4691498876774424
0.8991658994038825
0.47967148461033715
0.8991658994038825
0.481587193376656
0.8850105551722157
0.4710655964437613
0.8531610306509654
0.45265280181119544
0.8071561618980481
0.45133760219458363
0.7699983832899225
0.4500224025779718
0.4408866299036684
0.3448064332490244
0.8428984060830068
0.4603752648976743
0.8160032520428399
0.5328799784245178
0.29402493350012493
0.631519949670406
0.3860346710059594
0.6052159573381692
0.49573858880137744
0.6196831531208995
0.6072119246257538
0.6341503489036298
0.7098381703053385
0.6617695408524784
0.6744498097261714
0.7091167270505049
0.5647458919307533
0.7038559285840574
0.45150313807741854
0.6999103297342218
0.34002980225304213
0.7091167270505049
0.2657142450367912
0.6617695408524784