0.16941703995742607
0.4678746128664114
0.18085509127219476
0.5431398143072134
0.19229314258696334
0.6184050157480153
0.21707558710229552
0.6808200608452657
0.2685468180187545
0.7230420031169351
0.3219243908210083
0.7615924721475896
0.38292733116644123
0.8038144144192592
0.43821124585448984
0.8442006200704211
0.497307844314128
0.8717366693780315
0.5716551778601243
0.8643937228960022
0.6326581182055572
0.8295147271063622
0.6879420328936059
0.7836213115936781
0.7394132638100649
0.7358921594604867
0.7908844947265238
0.6753128509837437
0.8232923067850351
0.6073905960249711
0.849981093186162
0.5376326044456913
0.8557001188435464
0.46236740300488927
0.23041998030285893
0.3962808846666242
0.30667365573465005
0.36690909873850636
0.4000844081385943
0.36690909873850636
0.4934951605425384
0.3760877818410432
0.5430600495732026
0.32101568322582225
0.6936610585509901
0.3136727367437927
0.7336942381526804
0.3412087860514032
0.7851654690691395
0.3485517325334327
0.8385430418713933
0.3393730494308959
0.8900142727878523
0.3283586297078517
0.3600512285369039
0.466038876245904
0.401990750024389
0.45502445652285983
0.44393027151187414
0.4476815100408304
0.49158881865674364
0.4421743001793083
0.531621998258434
0.4476815100408304
0.5220902888294601
0.47888903258945564
0.49158881865674364
0.5027536086560513
0.44964929716925855
0.5192752382406177
0.4058034337959786
0.5100965551380808
0.367676596080083
0.4917391889330072
0.6593469046066842
0.43850282693829357
0.6898483747794005
0.4238169339742347
0.7260688706095014
0.41463825087169787
0.764195708325397
0.4091310410101757
0.7889781528407291
0.43299561707677153
0.7908844947265238
0.4586959297638746
0.7680083920969866
0.48623197907148497
0.7317878962668858
0.4954106621740218
0.6917547166651955
0.4917391889330072
0.6612532464924789
0.4715460861074261
0.45918100659823247
0.47888903258945564
0.7146308192947327
0.45318871990235243
0.6574405627208894
0.6275836988505521
0.4992141861999227
0.7884628917645583
0.5220902888294601
0.7682697889389772
0.5564044427737661
0.7572553692159331
0.5964376223754565
0.7535838959749183
0.6288454344339677
0.7609268424569479
0.6288454344339677
0.7670996820091119
0.5964376223754565
0.7597567355270823
0.5564044427737661
0.7634282087680971
0.5220902888294601
0.7744426284911413
0.4992141861999227
0.7946357313167224