0.1602415897366543
0.5768066730665277
0.20144056427323181
0.6527304988424214
0.2446013947401225
0.7304199949851964
0.2720673777645075
0.8081094911279713
0.3171900641617114
0.8752049650694588
0.38781687765298717
0.9246437353421336
0.45648183521394964
0.9793795167154523
0.5310323605658517
1.0270526166212461
0.6212777333602597
1.0235212758874834
0.6997519705727883
0.9829108574492148
0.7703787840640639
0.9281750760758961
0.8272726060431472
0.8646109428681711
0.8802427161616039
0.7904527874591588
0.9155561229072418
0.7127632913163838
0.9292891144194343
0.6280111137060839
0.9234035466284947
0.5379619249951402
0.9037849873253625
0.4673351103198903
0.1563178778760279
0.507945528758159
0.18574571683072608
0.46910078068677163
0.23675397101886964
0.44791273628419653
0.29953336078889253
0.4408500548166716
0.3387704793951568
0.4073023178459279
0.49179524195958746
0.3402068439044405
0.5761550469630558
0.33314416243691547
0.6507055723149578
0.308424777300578
0.7291798095274864
0.2925337439986468
0.7939210552278225
0.32784715133627174
0.2661818099735679
0.5467902768295465
0.27991480148576037
0.5044141880243966
0.3211137760223379
0.4920544954562278
0.3623127505589153
0.4885231547224654
0.4015498691651797
0.5097111991250404
0.41135914881674573
0.5467902768295465
0.4015498691651797
0.585635024900934
0.36427460648922855
0.6085887396703902
0.31522820823139824
0.6015260582028652
0.28383851334638677
0.5821036841671715
0.5879261825449351
0.43731871408290907
0.6075447418480672
0.39141128454399665
0.6624767078968371
0.3808172623427092
0.7213323858062336
0.3861142734433529
0.7723406399943772
0.4020053067452842
0.7880354874368829
0.44438139555043416
0.7625313603428111
0.49028882508934657
0.7115231061546675
0.5132425398588029
0.6546292841755844
0.5044141880243966
0.6075447418480672
0.47792913252117775
0.3623127505589153
0.5697439915990028
0.6997519705727883
0.4655694399530091
0.47806225044739503
0.620948432238559
0.4878715300989611
0.7745617541572276
0.50552823347178
0.7463110282871276
0.5467272080083575
0.7374826764527213
0.5918498944055613
0.7410140171864839
0.6271633011511993
0.756905050488415
0.6389344367330786
0.7851557763585151
0.6153921655693201
0.813406502228615
0.5800787588236821
0.827531865163665
0.5369179283567915
0.8257661947967838
0.50552823347178
0.8010468096604463