0.025671699556874084
0.5118814937032496
0.06183093748183308
0.5859660782717024
0.09618221351054417
0.6628463075408516
0.14318922281299085
0.7341352474086079
0.19923604159667732
0.7984350755246234
0.27336247934284325
0.8543479695385502
0.35833668846649697
0.9032717518007359
0.4541586689676383
0.9438085999608327
0.5517886113650277
0.9773563363691886
0.6584583632436567
0.9577868234643143
0.7325848009898227
0.9004761071000396
0.7940555054622529
0.8389719236847204
0.8537182480384353
0.7690808061673121
0.9007252573408822
0.6935983992485112
0.9224208000958575
0.6055355911765767
0.9350765333695931
0.5132793160535978
0.9296526476808493
0.4182273962299226
0.023863737660626126
0.43220561973340427
0.09256628971804824
0.40005570567539644
0.16850068936046217
0.3720992586684332
0.25709082227661173
0.36371232456634417
0.3420650314002654
0.370701436318085
0.5590204589500194
0.3315624105083364
0.6259150491111937
0.31199289760346205
0.7054653725461033
0.30220814115102496
0.7868236578772612
0.30360596350137303
0.8591421337271791
0.3105950752531139
0.15765291798297446
0.4853228690466346
0.20104400349292526
0.45736642203967126
0.2534748984841158
0.4405925538354933
0.3131376410602982
0.4363990867844488
0.3637605741552408
0.45177513263827856
0.3673764979477367
0.48951633609767903
0.32940929812652975
0.523064072506035
0.27336247934284325
0.5342466513088203
0.21008381297416504
0.539837940710213
0.1630768036717183
0.5188706054549905
0.6042195063562182
0.4224208632809671
0.6439946680736731
0.39027094922295935
0.7000414868573596
0.38048619277052215
0.757896267537294
0.38328183747121847
0.8103271625284846
0.39586223862435194
0.8121351244247326
0.43779690913479696
0.7759758864997734
0.46994682319280473
0.721737029612335
0.4783337572948937
0.6602663251399047
0.4755381125941974
0.613259315837458
0.45457077733897494
0.26070674606910765
0.4909141584480272
0.7072733344423513
0.43220561973340427
0.5463647256762838
0.6740288863436368
0.44873478327889443
0.7765507477876877
0.5120134496475727
0.7751529254373395
0.5698682303275071
0.7667659913352506
0.6259150491111937
0.7597768795835097
0.6674981727248964
0.7471964784303762
0.6674981727248964
0.7495112932624377
0.6259150491111937
0.7620916944155712
0.5698682303275071
0.7690808061673121
0.5120134496475727
0.777467740269401
0.44873478327889443
0.7788655626197493