0.020402702502906354
0.47707590467253375
0.028429995290935057
0.558074376474918
0.04247775766998531
0.6360163021715519
0.06856645923107865
0.7063168626038099
0.10468927677720789
0.7735608769303176
0.14281891752034429
0.8408048912568253
0.1809485582634807
0.9065206325304578
0.25319419335573917
0.9447274588523371
0.35554217640310526
0.9508405510638379
0.4398287506774068
0.9202750900063343
0.5221085017547012
0.8759551714729543
0.6003746064379811
0.8362200720981997
0.6826543575152756
0.7934284266176947
0.7589136390015484
0.7460519619785645
0.8171115117147565
0.6879775859693079
0.8512275060638786
0.6161487524841747
0.8753093844279648
0.5489047381576669
-0.021740584634244435
0.35787060654827
0.020402702502906354
0.37468161012989704
0.06053916644304994
0.3991339789758998
0.1107097463682294
0.4205298017161523
0.16288714949041608
0.41594498255752677
0.419760518707335
0.4220580747690274
0.5221085017547012
0.4342842591920288
0.6304769543930888
0.4266428939276529
0.7388454070314766
0.4342842591920288
0.8010569261386992
0.45720835498515644
0.0625459896400571
0.46637799330240753
0.1006756303831935
0.4648497202495323
0.1347916247323156
0.47707590467253375
0.17292126547545197
0.48471726993690967
0.20101679023355248
0.4908303621484103
0.207037259824574
0.5244523693116642
0.17292126547545197
0.5351502806817904
0.1307779783383012
0.5275089154174145
0.0926483375951648
0.5183392771001634
0.06655963603407146
0.49541518130703577
0.4498628666624427
0.46790626635528265
0.508060739375651
0.47096281246103305
0.5682654352858664
0.48013245077828404
0.6324837775900961
0.4831889968840344
0.6826543575152756
0.5015282735185366
0.6766338879242539
0.53209373457604
0.6224496616050602
0.5519612842634173
0.5622449656948448
0.5534895573162925
0.5060539161786438
0.5382068267875406
0.4619038058444858
0.5106979118357875
0.13679844792932278
0.5000000004656613
0.5481972033157946
0.5091696387829124
0.1408120943233371
0.6650534901761802
0.1588735030964017
0.7788843613978328
0.2030236134305597
0.7849974536093335
0.24717372376471758
0.7941670919265845
0.28530336450785404
0.8109780955082114
0.30336477328091865
0.8308456451955888
0.30336477328091865
0.8346917990453246
0.28530336450785404
0.8148242493579473
0.24717372376471758
0.7980132457763204
0.2030236134305597
0.7888436074590693
0.1588735030964017
0.7827305152475686