0.08694665323283256
0.35935405054035574
0.10243707217770827
0.43715820103782255
0.13186886817297216
0.5428920465856621
0.16439874795721116
0.6426409574798504
0.22481138184222638
0.7204451079773172
0.291420183305192
0.8082241495642027
0.3580289847681576
0.8740584307543671
0.4401282051759989
0.9179479515478098
0.529972635056278
0.9099680386762748
0.6136208973586068
0.8620885614470645
0.692622033977473
0.8022392149105516
0.7514856259680007
0.722440086195201
0.8211925112199414
0.6446359356977341
0.8707618518435438
0.5568568941108485
0.8939974802608573
0.45511300499877644
0.9110369411002205
0.3394042683615181
0.9187821505726584
0.2256905099421435
0.014141684191916694
0.16384618518774682
0.08384856944385738
0.16384618518774682
0.1520064128013106
0.1738210762771656
0.21706617236978856
0.1857909455844682
0.26663551299339083
0.22369553172425977
0.45716766601536213
0.1518763158804442
0.5609534729460295
0.12793657726583899
0.670935447454647
0.10998177330488516
0.7840155057522397
0.11397172974065263
0.8723108937380313
0.16983111984139812
0.09469186270527045
0.3334193337078668
0.13186886817297216
0.2596051396461675
0.20932096289735067
0.2476352703388649
0.27902784814929144
0.2975097257859591
0.30691060225006767
0.3334193337078668
0.334793356350844
0.43915317925570635
0.30226347656660496
0.4990025257922193
0.226360423736714
0.49700754757433546
0.15355545469579815
0.4670828743060791
0.1101822816501461
0.39526365846226347
0.47575616874921306
0.2895298129144239
0.5377178445287158
0.22170055350637594
0.6198170649365572
0.20374574954542213
0.7050143691333736
0.2157156188527246
0.7607798773349261
0.27955492182500513
0.7700741287018515
0.35935405054035574
0.7220538299727368
0.4471330921272414
0.6291113163034825
0.4790527436133817
0.551659221579104
0.4630929178703115
0.4896975457996011
0.36334400697612323
0.2186152142642761
0.3653389851940071
0.6074247297806565
0.3214494644005642
0.33944048203430666
0.5488769812393134
0.3812646131854711
0.7068844155221331
0.40759832539175983
0.6989045026505981
0.4370301213870237
0.6929195679969468
0.4695600011712627
0.6929195679969468
0.497442755272039
0.6929195679969468
0.497442755272039
0.7004953257984795
0.4695600011712627
0.7004953257984795
0.4370301213870237
0.7004953257984795
0.40759832539175983
0.7064802604521309
0.3812646131854711
0.7144601733236658