0.06114790435041617
0.7579296246627407
0.11412803808362873
0.8123039734543653
0.18653422085235252
0.8694667503891501
0.2660044214521714
0.9112931725365536
0.3560706487986327
0.9322063836102554
0.4567329028917366
0.9349948117534156
0.5556291525270667
0.9489369524692168
0.6509933932468494
0.9656675213281781
0.7428256250510844
0.9670617353997583
0.8116997989042607
0.9224468851091946
0.852317901433057
0.856918823744929
0.8823399772152108
0.7872081201659232
0.9088300440818171
0.711920560300597
0.9194260708284595
0.6324503582205304
0.9211920752862334
0.5515859420688836
0.9088300440818171
0.4735099540603971
0.8894039950463059
0.39682818012349064
-0.0006622516716651381
0.45538517112985555
0.10353201133698624
0.43028931784141344
0.2024282609723163
0.39961660826665085
0.3136865418120626
0.3814918253361094
0.42141281373626155
0.38428025347926964
0.6403973665002068
0.17793657088541237
0.6916114957756456
0.1388985768811691
0.7534216517977268
0.1124085095211469
0.8152318078198083
0.09288951251902526
0.8858719861307582
0.09149529844744515
0.10883002471030749
0.6031718627173479
0.16181015844352004
0.5474032998541432
0.25011038133220764
0.5041826636351596
0.34194261313644275
0.4916347369909385
0.43024283602513036
0.5083653058499
0.4584989073495103
0.5711049390710052
0.44613687614509406
0.6491809270794917
0.3596026577141802
0.6742767803679339
0.2607064080788502
0.6686999240816133
0.16181015844352004
0.6561519974373923
0.6792494645712293
0.4344719600561538
0.6810154690290031
0.3717323268350486
0.7181015626422519
0.31596376397184395
0.7852097320376544
0.28250262625392114
0.838189865770867
0.292262124754982
0.8646799326374732
0.35779018611924734
0.8576159148063782
0.42471246155509296
0.8258278345664507
0.48326945256145787
0.7551876562555008
0.5223074465657012
0.7022075225222881
0.48326945256145787
0.3843267201230128
0.6212966456478893
0.7710816963754644
0.45259674298669533
0.7534216517977268
0.6101429330752484
0.7922737498687494
0.7063437040142766
0.7799117186643332
0.713314774372177
0.774613705291012
0.7272569150879783
0.7763797097487857
0.7439874839469397
0.7763797097487857
0.7509585543048402
0.7763797097487857
0.7509585543048402
0.7763797097487857
0.7439874839469397
0.774613705291012
0.7272569150879783
0.7799117186643332
0.713314774372177
0.7922737498687494
0.7063437040142766