0.049668874542247415
0.33220232989449905
0.09920488995506081
0.4339519831748725
0.1447244716857542
0.5410568813647394
0.18221118605220754
0.6499468611911039
0.22639195655552766
0.7481263511984819
0.291993706696821
0.8338102697503751
0.36161189052023446
0.9177091066657708
0.43256888557102124
0.9801869639431932
0.5209304265776613
0.9998228619446689
0.595903855310568
0.9516256577592288
0.6561503605423682
0.8784373106628196
0.7150580545467949
0.8052489635664107
0.7699493148691016
0.7195650450145172
0.8181465190545416
0.6231706366436373
0.8422451211472617
0.5124955751807748
0.8743765906042218
0.4071757586274059
0.8984751926969418
0.30364102371053464
-0.0012059520979393274
0.1447687580622322
0.0884944001360741
0.1269179416972544
0.18488880850695422
0.14833892133522775
0.279944405650461
0.18225547242868553
0.3696447578844745
0.22688251334113005
0.5530618960346214
0.19296596224767226
0.6333905696770215
0.12334777842425883
0.7217521106836615
0.07336549260232099
0.8221629527366616
0.06265500278333432
0.9011528151516884
0.08229090078480988
0.1139318134561675
0.2590139827980901
0.17283950746059423
0.2179571051586412
0.24915174742087431
0.219742186795139
0.3254639873811544
0.24830349297910342
0.3696447578844745
0.3232769217120102
0.38704930384032776
0.4071757586274059
0.34822377824650114
0.4839342689968104
0.2692339158314743
0.47679394245081924
0.19559929832594095
0.42859673826537925
0.14740209414050087
0.3625487177149614
0.611969590039048
0.24651841134260563
0.6481174931781282
0.20189137043016112
0.7204132994562882
0.19296596224767226
0.7940479169618216
0.1876107173381789
0.8542944221936216
0.23045267661412563
0.8529556109662483
0.3125664318930235
0.803419595553435
0.3786144524434414
0.7378178454121416
0.4178862484463925
0.6668608503613548
0.41431608517339696
0.6240188910854082
0.3393426564404902
0.30672063019792767
0.35005314625947687
0.7632552587322349
0.28936037061855235
0.4486346202995012
0.5464121262742326
0.46603916625535463
0.731243021827331
0.48478252343858125
0.7098220421893576
0.515575181668168
0.7116071238258554
0.5423514062156346
0.7223176136448421
0.5557395184893681
0.7330281034638289
0.5557395184893681
0.7392009430159929
0.5423514062156346
0.7284904531970062
0.515575181668168
0.7177799633780195
0.48478252343858125
0.7159948817415217
0.46603916625535463
0.7374158613794951