0.07837657469775008
0.3399952715309028
0.13184276518923851
0.4310548746887446
0.18085343980643626
0.5221144778465864
0.229864114423634
0.6157757839517951
0.274419273166541
0.7081362385833204
0.3312271005637475
0.7887890299516945
0.40140147558382605
0.8577341580569176
0.48271464028963135
0.9175733258463565
0.5751665946811635
0.9605014244779104
0.6631630331984049
0.9253784346884573
0.734451287187056
0.8590350095306011
0.7968285094271258
0.77578051521486
0.8536363368243324
0.6834200605833347
0.9015331324729573
0.5858562000570757
0.943860533278719
0.48048723068871585
0.9650242336815998
0.3621097465835215
0.9583409598701639
0.2411305595309603
0.024910384206261647
0.1786896887941545
0.1184762175663664
0.17999054026783792
0.20424489814646243
0.2073084212151905
0.2900135787265585
0.2372280051099099
0.36464346962092775
0.26844844047831284
0.5139032514096663
0.20210501532045666
0.6130384796126345
0.15267265932048538
0.7166292236898932
0.10063860037314722
0.8269032415785882
0.05640965026790979
0.943860533278719
0.03689687816265797
0.13963991796924724
0.277554400794097
0.19421998742930838
0.24893566837306103
0.2699637572922503
0.25804162868884517
0.3434797692180469
0.28145695521514735
0.3991737176466807
0.33088931121511866
0.4169957811438435
0.3985335878466582
0.37021286446379115
0.4453642408992626
0.2944690946008492
0.4466650923729461
0.2242947195807706
0.4180463599519101
0.17417016599500018
0.3556054892151042
0.6052413268326257
0.2372280051099099
0.64868260660696
0.1890965005836221
0.721084739564184
0.15267265932048538
0.8023979042699894
0.15527436226785232
0.8625473685729138
0.19690160942572285
0.8736861582586405
0.27105014342567973
0.8280171205471607
0.3425969744782697
0.7545011086213643
0.37902081574140645
0.6787573387584223
0.3985335878466582
0.6330883010469426
0.3256859053203848
0.32120218984659343
0.334791865636169
0.7923729935528353
0.23072374774149265
0.41365414423812547
0.5663434279518238
0.4648925767924686
0.6782166546886009
0.49273955100678546
0.6352885560570469
0.5528890153097099
0.6092715265833778
0.6219495113612159
0.6196783383728455
0.6520242435126781
0.6860217635307017
0.6620491542298321
0.7458609313201405
0.645340969701242
0.8122043564779967
0.5851915053983175
0.8421239403727161
0.5261559200639657
0.8265137226885148
0.49385342997535814
0.7653737034253923