0.10418068728579903
0.44457313099085316
0.1290418164409215
0.5463156250948202
0.15390294559604398
0.6495766638869063
0.18870852641321542
0.7437264345502786
0.2364418943910505
0.8211722136443432
0.29610860436334446
0.8849510905453374
0.3547808691694334
0.945692878070094
0.41941980497275183
0.9942863080898992
0.4940031924381192
1.0033975762186125
0.5556587927428229
0.9654339590156398
0.6183088382137315
0.9122848949314779
0.681953328850845
0.8545801967829593
0.741620038823139
0.7923198645700839
0.7843811809699497
0.7163926301641383
0.8261478779505553
0.6267984935651225
0.8539923426042925
0.5205003653967987
0.8728868007621856
0.4126836925403561
0.06937510646862759
0.2304583299660867
0.12108625511128229
0.15908672962449785
0.1797585199173713
0.09986348678786033
0.2553363525489436
0.07860386115419557
0.3259419593494914
0.13023438055023856
0.5238365474242661
0.04215878863934169
0.5994143800558386
0.00723226081260674
0.6799644385184352
0.02849188644627148
0.7535533808175977
0.07556677177795773
0.8181923166209161
0.13023438055023856
0.17776962958496148
0.42752785033759927
0.2155585459007477
0.3895642331346265
0.26030857837996807
0.3713416968771995
0.30903639152400814
0.37589733094155625
0.34682530783979426
0.40778676939205344
0.34682530783979426
0.4111651478522372
0.30903639152400814
0.37927570940174
0.26030857837996807
0.3747200753373832
0.2155585459007477
0.39294261159481025
0.17776962958496148
0.430906228797783
0.5894699283937895
0.3424893478029402
0.6342199608730099
0.3242668115455133
0.681953328850845
0.33489662436234563
0.7296866968286801
0.3576747946841293
0.7664811679782614
0.38500859907026974
0.7664811679782614
0.3883869775304535
0.7296866968286801
0.36105317314431307
0.681953328850845
0.33827500282252937
0.6342199608730099
0.32764519000569703
0.5894699283937895
0.34586772626312395
0.26189969064589597
0.39611276536669887
0.6803622165849171
0.35055642472313153
0.39754201131624406
0.49316656101065837
0.3846142241555804
0.6753919235849277
0.4015197919810637
0.6100945019958145
0.46218094711956254
0.5994646891789821
0.5168754312608319
0.6055388679314577
0.5397476700835446
0.6662806554562142
0.5307976635877005
0.7437264345502786
0.5138920957622173
0.8257278477086999
0.4751087342802262
0.8849510905453374
0.4323475921334155
0.8363576605255322
0.4045031274796784
0.75587479205523