0.08845352040394057
0.34269478585813656
0.12059520979393398
0.4500858394725138
0.15840896201745566
0.5529392429341708
0.18960530760186106
0.6588177464976415
0.2368724978812631
0.7571334998065783
0.29170243860536954
0.8418363026573548
0.3559858173853564
0.9144387051008774
0.4221598837765193
0.9809909073407731
0.49873273202915075
1.009729358308001
0.5715242050594299
0.9537650064244523
0.6405343028673569
0.8887253542354632
0.6972549312026395
0.8115853016392203
0.7520848719267459
0.7253699487375371
0.79840671840056
0.6315918455813204
0.8371658144296696
0.5226882419160365
0.8570180343470185
0.39412148758896504
0.8475645962911381
0.27614258361824073
0.04402236154130261
0.1158122782221282
0.10830574032128944
0.12791267862938202
0.17258911910127628
0.15816367964751646
0.23781784168685113
0.18538958056383742
0.30021053285566196
0.2262284319383189
0.4164878209429911
0.1430381791384492
0.4958967006123866
0.12337502847666182
0.5705788612538419
0.08707382725490047
0.6490423971176493
0.058335376287672804
0.7199431825367525
0.032622025422258505
0.10736039651570141
0.22169078178559876
0.16029964962863172
0.20051508107290464
0.2226923407974425
0.22320333183650545
0.28035831293831304
0.2579919830073601
0.3332975660512434
0.3139563348909088
0.32762550321771516
0.3699206867744575
0.2954838138277217
0.4455481893197936
0.23781784168685113
0.4440356392688869
0.18771461999068492
0.3895838374362449
0.14706483635039916
0.32303163519634914
0.506295482473855
0.2111029314292517
0.5592347355867854
0.1490883793420761
0.6310808648114765
0.1400130790366358
0.7019816502305797
0.12942522868028872
0.7672103728161547
0.1475758292911694
0.75492090334351
0.2534543328546399
0.7171071511199885
0.35025753611267013
0.6509330847288255
0.39412148758896504
0.5819229869208984
0.37445833692717767
0.5299290776135561
0.2973182843309348
0.2538886863818479
0.3305943854508827
0.6707853046461744
0.24891668270191977
0.3332975660512434
0.5756274936977717
0.3935003121490637
0.7215541974727493
0.4084465904562544
0.7152977404439987
0.42627536529411764
0.7146274057623468
0.44314330795509
0.7197666383216778
0.45979773235453103
0.7273637647137319
0.4639613384543913
0.7392063440895812
0.44698663666265326
0.7470269153755192
0.4295848983478527
0.7481441398449391
0.412503437425349
0.7447924664366797
0.3968098452027988
0.7333967768485984