0.07490246454932244
0.592505027379668
0.12866008136766838
0.6834682759131916
0.18363946220461308
0.763639274620704
0.2471711911717492
0.8361015234524941
0.32169879630627424
0.8885210226074058
0.3974481654593981
0.9424822717374624
0.48419341077991085
0.9686920213149184
0.5807127682492138
0.9748590212154962
0.6772321257185168
0.9717755212652073
0.7664208990762269
0.9424822717374624
0.8372832121549557
0.8900627725825504
0.8873755369175055
0.8068082739247492
0.9289155135498637
0.7127615254409365
0.9619031420520304
0.6110060270814016
0.9570160859776354
0.490749529020133
0.9447984457916477
0.372034780934009
0.9435766817730489
0.25794528277331835
0.041914836047155596
0.24715303294730706
0.14209948557225485
0.15927328436407232
0.27038470752512583
0.15310628446349447
0.3913393453664042
0.1808577840160949
0.4756410626497194
0.10531203523401592
0.6161439247885782
0.04672553617852613
0.6955585859974983
0.01280703672534782
0.7493162028158442
-0.0642804620318756
0.8128479317829802
-0.1321174609382322
0.8971496490662956
-0.1382844608388101
0.15798241781403888
0.46608152941782155
0.1995223944463971
0.3674095310085756
0.26427588743213204
0.2795297824253409
0.36323877293863244
0.25640353279817385
0.42066168181277475
0.3350327815305418
0.44509696218475014
0.4537475296166658
0.44631872620334895
0.5770875276282232
0.3754564131246202
0.6402992766091465
0.28260234771111353
0.6032972772056793
0.1995223944463971
0.5477942781004783
0.6479097892721462
0.25177828287274046
0.6601274294581339
0.13923053468719426
0.7163285743136775
0.06060128595482635
0.8067391116899865
0.051350786103959545
0.8727143686943201
0.11610428506002721
0.8885973009361041
0.21785978341956216
0.8763796607501164
0.3288657816299638
0.8238438079503693
0.41674553021319866
0.7370985626298565
0.4182872801883431
0.6772321257185168
0.3304075316051083
0.3546864248084411
0.4768737792438329
0.7749732472064184
0.29494728217678556
0.6955585859974983
0.4552892795918103
0.39256110938500294
0.7913907741733044
0.46342342246373175
0.6325905267334242
0.6149221607699794
0.5817127775536568
0.7432073827228503
0.5308350283738893
0.8714926046757214
0.48304077914441074
0.9374678616800549
0.6880935258386252
0.8519443803781409
0.8515190232039388
0.7224373944066712
0.9594415214640516
0.5599427799330347
0.9779425211657851
0.42066168181277475
0.9270647719860178