0.22285123597049297
0.737271216366991
0.27070425740272536
0.7771487342271848
0.3265327824069964
0.8250017556594171
0.3823613074112676
0.8748486529846591
0.4481592118805871
0.9187139226308721
0.5279142476009745
0.9326710538819399
0.6176386627864101
0.9286833020959206
0.7013814502928168
0.912732294951843
0.7651854788691266
0.8728547770916496
0.8130385003013589
0.8130385003013589
0.844940514589514
0.7412589681530106
0.8708609011986398
0.6634978083256329
0.8808302806636882
0.5757672690332069
0.8768425288776689
0.486042853847771
0.8608915217335913
0.40230006634136434
0.8429466386965042
0.3205511547279674
0.8110446244083493
0.25076549847262847
0.08527379935282482
0.631595794037478
0.10321868238991197
0.573773393140197
0.1311329448920475
0.523926495814955
0.17499821453826056
0.4900306056337905
0.22484511186350264
0.5079754886708776
0.31648419107332665
0.21396140111494005
0.38825014404419733
0.15244772713990806
0.4784701992075776
0.09503496476321158
0.5891948123626352
0.07863131836986971
0.6814653233251832
0.10323678795988253
0.26727325189330114
0.697868969718525
0.29392917728248164
0.6712130443293444
0.32468601426999766
0.6404562073418284
0.3656951302533523
0.6138002819526479
0.4087547020358747
0.5953461797601384
0.4087547020358747
0.5953461797601384
0.3656951302533523
0.6138002819526479
0.32468601426999766
0.6404562073418284
0.29392917728248164
0.6712130443293444
0.26727325189330114
0.697868969718525
0.4601224672386452
0.4222388252714612
0.42622657705748057
0.34248378955107395
0.46809797081068394
0.25076549847262847
0.5797550208192261
0.20091860114738644
0.6734671877906813
0.20690022882641554
0.7352773404739815
0.2627287538306866
0.7492344717250492
0.37837355562524827
0.7113508297578652
0.47607347438272263
0.6276080422514586
0.5159509922429163
0.5299081234939841
0.47407959848971293
0.32468601426999766
0.6404562073418284
0.5850939007642997
0.38619968824502965
0.4272088042283843
0.6609607653335058
0.5338325057851063
0.7655340110910601
0.5112774919942613
0.7183735277102024
0.5645893427726224
0.67531395592768
0.6138002819526479
0.6343048399443252
0.6630112211326734
0.6507084863376672
0.6876166907226864
0.689667146521854
0.7101717045135314
0.7491303646977183
0.7183735277102024
0.8147449502710857
0.6548093979360026
0.8229467734677566
0.6014975471576416
0.8024422154760793