0.06911788680712255
0.38280363366215003
0.07868493741502926
0.4852273504088012
0.10260256393479601
0.5876510671554523
0.14246527480107393
0.6644688547154408
0.20146208688316528
0.7274988342518417
0.2620534073999078
0.7964378743697799
0.3306172700899058
0.8594678539061807
0.40555916651850826
0.9047706516979687
0.483690079816413
0.9382553283266816
0.577766077460829
0.9461340757687317
0.6574914991933849
0.9067403385584814
0.7228663450140805
0.8417406721615679
0.7786741402268698
0.7728016320436296
0.8376709523089609
0.6999232182046662
0.8536160366554721
0.5896207540159649
0.8615885788287277
0.47340922924572604
0.8823171884791924
0.38477332052266255
0.0802794458496804
0.13659277609808457
0.15841035914758514
0.07553248342219634
0.2508918483573499
0.024320625048870708
0.3465623544364169
0.020381251327845695
0.4342603183422284
0.061744675398608694
0.6718420751052449
0.07750217028270885
0.7467839715338473
0.05977498853809613
0.8201313595277987
0.07553248342219634
0.8807226800445411
0.1188655943534719
0.9237744077801214
0.18189557388987262
0.14724880010502733
0.3079555329626741
0.22378520496828097
0.21931962423961054
0.333806286959208
0.175986513308335
0.4358548267768795
0.2035621293555104
0.4613669617312974
0.2961374117995989
0.4645559786005996
0.4497729869195758
0.42309875929967056
0.5620451379687895
0.31307767730874353
0.6053782489000652
0.22856873027223426
0.5324998350611018
0.16638290132084074
0.41628831029086283
0.647924448585478
0.35719770447548715
0.6814091257131515
0.27250116947344866
0.7531620052724519
0.250834614007811
0.82172586796245
0.2981070986601114
0.8488325113515187
0.38477332052266255
0.8376709523089609
0.46356079494316343
0.7978082414426831
0.5443179562241769
0.7292443787526851
0.5876510671554523
0.6654640413666405
0.5443179562241769
0.647924448585478
0.4556820475011134
0.3226447279166502
0.44583361319855075
0.7356224124912895
0.420227684011888
0.6208178051964091
0.60143887517904
0.5219582822480399
0.7452260159964543
0.5299308244212955
0.7452260159964543
0.55065943407176
0.7432563291359418
0.5713880437222244
0.7452260159964543
0.5905221449380379
0.7393169554149167
0.5905221449380379
0.7393169554149167
0.5713880437222244
0.7452260159964543
0.55065943407176
0.7432563291359418
0.5299308244212955
0.7452260159964543
0.5219582822480399
0.7452260159964543