0.07470463941215022
0.2930714516400896
0.12288131555809617
0.3965357332706254
0.16570502768782588
0.5099212473862811
0.20210518299809616
0.6289760372077194
0.24171711671809618
0.7423615513233752
0.3080938705191773
0.8302353247630082
0.38624714515593406
0.8982666332324016
0.4665416053991773
0.9549593902902295
0.557541993674853
0.9889750445249262
0.6410482323278259
0.9549593902902295
0.7234838781775558
0.8940146764530646
0.795213595994853
0.8188967733514427
0.87015509222188
0.7324403188382552
0.9376024388262044
0.6303933561341651
0.984708522168907
0.5269290745036295
1.0029085998240421
0.3922837764912883
1.0007674142175558
0.26047311633183856
-0.006660413634336283
0.13858368865750875
0.08112819623160968
0.11732390476082336
0.1764109557202583
0.14141832651040018
0.267411343995934
0.18535521323021673
0.3359292834035016
0.23212673780292473
0.5254242095775556
0.13858368865750875
0.615354005049988
0.08897752623190942
0.715989728554853
0.05496187199721272
0.8209078232726909
0.03795404487986439
0.9204729539743125
0.04362332058564716
0.10361064509971779
0.21653622961202204
0.16035206367160967
0.19102448893599952
0.232081781488907
0.19952840249467368
0.3016703136997178
0.22645746209714188
0.3530587682553935
0.28740217593430684
0.35412936105863674
0.35826812225659166
0.31879979855160967
0.43055138750532207
0.24492889512782592
0.42488211179953933
0.18925806935917722
0.36818935474171155
0.14001080040998803
0.30157536519876377
0.5896597777721503
0.17259934289220547
0.6571071243764746
0.132914412951726
0.7341898062099882
0.12582781831949755
0.8176960448629611
0.13858368865750875
0.8894257626802584
0.18393789430377105
0.8712256850251233
0.2746463055962956
0.8219784160759341
0.3653547168888201
0.7491781054553935
0.4022050089764082
0.680660166047826
0.35118152762436317
0.6314128970986368
0.26755971096406705
0.26419956558620433
0.3001580462723181
0.7673781831105286
0.24629992706738166
0.41408255804025834
0.5680313233705546
0.4536944917602584
0.6884971607957554
0.4847416830543125
0.704087668986658
0.5190006527580963
0.7012530311337666
0.5564714008716097
0.6998357122073209
0.5875185921656637
0.6984183932808752
0.5875185921656637
0.70125930245645
0.5564714008716097
0.7026766213828957
0.5190006527580963
0.7040939403093414
0.4847416830543125
0.7069285781622328
0.4536944917602584
0.6913380699713302