-0.1681876696041541
0.35268471225732506
-0.14537268607780998
0.45240582979868815
-0.09213772451634032
0.5521269473400513
-0.026734771740820482
0.6458043607879984
0.05083617224874954
0.7258834400257599
0.13297011294358843
0.7968969631233971
0.22270904814720868
0.8573340040575567
0.318531978957854
0.9117273408983001
0.4204389053755245
0.9555441955755656
0.5299508263019763
0.9812299379725834
0.6303367538178904
0.9404349353420259
0.7033447011021916
0.8558230780342025
0.7672266549759552
0.7606347385629014
0.8143776209303997
0.6609136210215383
0.8356716055549875
0.5491050952933433
0.8463185978672817
0.43427471751844043
0.8752175770006508
0.3300208219070153
-0.006961786017988902
0.11093654852068727
0.12688611733656333
0.0731633979368376
0.27442301080692205
0.04747765553981981
0.4295648987860622
0.05049950758652777
0.5329928241054889
0.12302395670751914
0.7520166659583926
0.12906766080093507
0.8052516275198622
0.08525080612366948
0.8736965780988946
0.0701415458901296
0.9467045253831958
0.07920710203025351
0.9999394869446655
0.10942562249733324
0.12164958879895278
0.2224630892017546
0.21013077908433592
0.16933647874519842
0.31245596512865664
0.1397469741871165
0.41718880260931424
0.14512688410676777
0.4882145199812544
0.20161593826310598
0.45209974843620016
0.2971093393369158
0.40334480685037677
0.38856780797098717
0.3052330108196457
0.4121049138694614
0.2017039990571566
0.38587785301116156
0.1379012359942272
0.3105591141360439
0.7127280164196758
0.26213992485918264
0.7440274850920561
0.2123757581024085
0.7951900781142165
0.17269892244498047
0.8607985797543986
0.1827862535443266
0.8770502269496729
0.2352403752609263
0.8692253597815778
0.2897119631973953
0.8433431068409556
0.3522534160133412
0.7921805138187953
0.38453287553124876
0.728377750755866
0.37780798813168465
0.7018935849561594
0.32737133263495405
0.3413477823647001
0.33880364121421297
0.7741231280462681
0.32468137767512845
0.74897466815488
0.5627034295035293
0.5842504870946752
0.706023547272279
0.5983197269359207
0.6944526649585473
0.6146704651298006
0.685742000744839
0.6324661522803491
0.6813216636811663
0.6438736440435212
0.6943226550449098
0.6435694442631699
0.707193636495016
0.6319338026647344
0.7216247369087715
0.6140620655690981
0.7250049946633447
0.595734028802935
0.7277352028497309
0.5780143915974745
0.7242249351815202