0.13803585486382955
0.5039291020147671
0.15902694515571014
0.5809394923772422
0.16882278729192107
0.6720946483164983
0.19541150166163648
0.7491050386789734
0.249988336420526
0.8041124603664555
0.3129616072961678
0.8559766008146529
0.38013309623018565
0.9046974600235657
0.45150280322257963
0.9408451942753397
0.5298695403122672
0.9471317567539091
0.606836871382496
0.9251287880789163
0.6796059843943487
0.892124335066427
0.7467774733283666
0.8481183977164413
0.811150150223467
0.7993975385075285
0.8657269849823566
0.7396751949611192
0.906309759546659
0.6642364452182866
0.9217032257607048
0.5730812892790303
0.9259014438190809
0.4803544927201319
0.08905664418277487
0.23832183729521042
0.1254412006887012
0.16602636879166244
0.18841447156434296
0.12516371268096135
0.2583847725372782
0.1565965250738083
0.2933699230237459
0.22574871233807162
0.6054374653630373
0.11887715020239198
0.6614137061413855
0.09058761904882973
0.7201887589586512
0.12516371268096135
0.7733661876980819
0.17388457188987416
0.825144210418054
0.22103379047914457
0.15482872709733403
0.38762769616123344
0.19121328360326037
0.30904566517911597
0.27517764477078266
0.2901859777434079
0.34514794574371804
0.340478477571963
0.38013309623018565
0.43320527413086146
0.39132834438585523
0.521217148830833
0.3661390360355986
0.6123723047700891
0.2849734869069937
0.6233737891075856
0.21780199797297578
0.5589365237022492
0.17022219331137978
0.4740679302415625
0.5970410292462851
0.37033964934516755
0.620830931577083
0.268183009068415
0.7159905409002749
0.2618964465898456
0.8055525261456322
0.3121889464184008
0.868525797021274
0.3923426180201605
0.8643275789628979
0.4709246490022779
0.8125495562429258
0.571509648659388
0.7327834131337796
0.6265170703468702
0.644620833907881
0.5793678517575999
0.6040380593435786
0.4834977739594166
0.30316576515995686
0.5039291020147671
0.7047952927446054
0.4756395708612049
0.42351468283340554
0.6155155860093738
0.45904270634466315
0.7503970734674463
0.4621913698884453
0.7410110894878148
0.46555718264214335
0.735927014832181
0.4706601890751695
0.7447263748130857
0.47315740498920356
0.7541123587927172
0.4738088526189516
0.7615429294432587
0.47239738275449755
0.7719066200874352
0.4674029509264294
0.7775773187417959
0.4616484968636552
0.7697556654254364
0.4587169825297892
0.7603696814458049