0.07599797871819067
0.20640175831535007
0.08517292380398733
0.3319769019125313
0.09893534143268243
0.45401471752105954
0.1234018616614736
0.5689778771522818
0.19068479229064936
0.6609484048572597
0.24726362031972893
0.7476129405792581
0.3176048659775036
0.8201281643466444
0.3925335841781766
0.8873373961310512
0.4781664049789458
0.9474719719381522
0.5699158558369126
0.9810765878303557
0.6570778341519813
0.9403973159608462
0.7304773948383548
0.8625761002104805
0.785527065353135
0.7670682445168496
0.8390475783536158
0.6715603888232188
0.8803348312397009
0.5778211971239144
0.9002138789255937
0.4628580374926921
0.9246803991543849
0.36735018179906126
0.21820962754803938
0.09851325466143371
0.32066318100610247
0.0649086387692303
0.43687915209286066
0.05783398279192432
0.5454493356081215
0.08436394270682174
0.6356696289517889
0.13742386253661668
0.860455783553808
0.1904837823664116
0.8986847214112942
0.16925981443449364
0.9491469193831761
0.1798717984004526
0.9873758572406623
0.20463309432102358
1.0133715349837529
0.23116305423592096
0.2732592980628196
0.16572248644584062
0.35430464632069036
0.13211787055363716
0.4399374671214595
0.12681187857065765
0.5255702879222286
0.15334183848555513
0.5668575408083137
0.2293943902415945
0.5393327055509237
0.30014095001465435
0.47969556249324513
0.36735018179906126
0.3925335841781766
0.34966354185579623
0.31148823592030583
0.3089842699862869
0.2594968804341245
0.234700382224574
0.7901145378960334
0.3142902619692663
0.8222268456963218
0.26830499811677744
0.874218201182503
0.24531236619053293
0.9277387141829837
0.2718423261054304
0.9491469193831761
0.33020823791820486
0.9200929266114866
0.3956488057082852
0.8956264063826953
0.45401471752105954
0.8359892633250169
0.4522460535267331
0.7839979078388355
0.4292534216004886
0.7671771751815416
0.3655815178047348
0.4521707272358551
0.266536334122451
0.8390475783536158
0.3691188457933877
0.7962311679532311
0.5424479172373844
0.6050864786658
0.6902975885826627
0.6249655263516929
0.688528924588336
0.6463737315518852
0.6938349165713156
0.6647236217234785
0.7009095725486215
0.6815443543807724
0.706215564531601
0.6815443543807724
0.712239660692728
0.6647236217234785
0.7069336687097486
0.6463737315518852
0.6998590127324427
0.6249655263516929
0.6945530207494631
0.6050864786658
0.6963216847437897