0.10620086414001621
0.472090555533606
0.14198511540910883
0.5600476484062842
0.18543742052157844
0.6446217761684745
0.23527977050352886
0.7224299737096898
0.2838441115115832
0.7934722410299297
0.34774456020639133
0.8526741304634632
0.41292301787509583
0.9034186071207774
0.4768234665699041
0.9473971535571164
0.5471139601341931
0.9829182872172364
0.6199604716462745
0.9575460488885793
0.6787488844454982
0.8932697117893145
0.7311472523752409
0.8120785491376118
0.777155575435503
0.7376533167068842
0.8193298715740764
0.649696223834206
0.855114122843169
0.5549732007405527
0.8755622664255077
0.4517927648706804
0.8742842574516114
0.3519952941112956
-0.016487997354015668
0.26572968379386136
0.051246478262481084
0.25050634079666706
0.12664900772235482
0.2589637535728861
0.19821751026054008
0.2792615442358118
0.26083994998145216
0.3181656430064194
0.37458274865821084
0.25050634079666706
0.46532138580483856
0.18284703858691465
0.5739521485860126
0.13717700959533183
0.685138929314979
0.10334735849045565
0.7950477010700493
0.10503884104569947
0.1087568820878085
0.37736753243995275
0.14837516027858966
0.3384634336693451
0.2084415820517094
0.32831453833788227
0.2633959679292445
0.3435378813350765
0.30812628201561026
0.3993568056581222
0.32346238970236424
0.4687075904231184
0.30173623714612946
0.5296009624118956
0.24039180639911353
0.5312924449671393
0.1828814025737861
0.4991542764175069
0.1394290974613165
0.45010128231543656
0.47937948451769646
0.2877189570120308
0.5304998434735431
0.2268255850232537
0.6033463549856244
0.2234426199127661
0.685138929314979
0.2268255850232537
0.7477613690358911
0.2437404105756918
0.7464833600619949
0.33338898600361366
0.7068650818712138
0.4247290439867793
0.6416866242025094
0.46532462531263075
0.5701181216643241
0.43826090442872984
0.5100516998912044
0.37736753243995275
0.24678185126859434
0.46701610786787456
0.6250725075418592
0.365527154553246
0.37713876660600315
0.6293984331712803
0.4512632870919808
0.756259624814566
0.4755454575960079
0.7494936945935907
0.5011056370739312
0.7461107294831032
0.5292218344996469
0.7478022120383468
0.5509479870558817
0.7613340724802974
0.5586160408992586
0.7799403805879794
0.5381678973169199
0.7968552061404174
0.5087736909173083
0.800238171250905
0.48065749349159265
0.7985466886956613
0.46148735888315007
0.7833233456984671