0.06773028498059078
0.4480232626675663
0.10562997839719912
0.5396664250070521
0.1359497331304858
0.6354130125259179
0.17384942654709418
0.7243205580791505
0.2160805134970292
0.8036534448804964
0.2756371745802709
0.8638370141780691
0.3449394711134976
0.9185493499031353
0.418573161180051
0.9582157933038082
0.4976210931632627
0.9759973024144547
0.5734204799964795
0.9322274338344018
0.639474231379711
0.8693082477505758
0.7055279827629428
0.8200671455980162
0.7715817341461745
0.7475733007623035
0.8246413049294262
0.6682404139609576
0.8625409983460346
0.5765972516214719
0.8722866337960197
0.46306915499195955
0.8690380886460246
0.3563801003280805
0.026582046413987422
0.21959926101541516
0.06989598174725413
0.17172596725598227
0.12512124929716914
0.13069171546218267
0.1922578490637325
0.11291020635153615
0.25398020691363754
0.13616294903468926
0.519278060829896
0.05272663705396336
0.6037402347297661
0.03768074472957017
0.6882024086296362
0.03768074472957017
0.7596704019295263
0.08965746366838302
0.8148956694794413
0.14847322457282913
0.10454713001386748
0.34406982478994064
0.13270118798049083
0.2811506387061146
0.2128319683470342
0.2510588540573282
0.29079705194691424
0.27978283031298795
0.32869674536352256
0.3563801003280805
0.3384423808135076
0.44528764588131303
0.3081226260802209
0.5246205326826588
0.23665463278033086
0.5492410837589388
0.16735233624710416
0.5095746403582657
0.12836979444716415
0.42477051998441323
0.5431007252631928
0.29893214781676103
0.5690890864631528
0.21549583583603518
0.6427227765297062
0.196346518332262
0.7174393149795912
0.2223348778016685
0.7780788244461645
0.28388625549236784
0.7813273695961596
0.3796328430112337
0.7445105245628828
0.46443696338508617
0.6622140474296762
0.5027355983926325
0.5896632057464544
0.480850664102606
0.5560949058631727
0.39604654372875353
0.2334060876303359
0.42203490319815995
0.6524684119796912
0.36869037586622044
0.37092783231345766
0.5724938264420918
0.389336254830096
0.6891008122345109
0.4196560095633826
0.6945720458070175
0.45105861268000097
0.6932042374138908
0.48029551902995604
0.6877330038413841
0.49978678992992603
0.6795261534826244
0.49978678992992603
0.6819184978922243
0.48029551902995604
0.690125348250984
0.45105861268000097
0.6955965818234907
0.4196560095633826
0.6969643902166174
0.389336254830096
0.6914931566441108