0.15326151284775044
0.5772219648231646
0.18669640566312223
0.6169361148080307
0.24193666335808434
0.677242787007272
0.2782789381574015
0.7610837703086563
0.3364265778363089
0.833157598058969
0.4120185094188886
0.8846389035949067
0.4948788959613317
0.9302366313553085
0.5806466644877202
0.9684798868962909
0.6765902699579174
0.9684798868962909
0.7507285105485245
0.9199403702481211
0.8190519871712407
0.8522792258294601
0.8771996268501481
0.7699091369719598
0.919356665617356
0.6860681536705757
0.9513378674407552
0.5992853814814235
0.9702358503364001
0.5095608204045036
0.9833190692641542
0.40953999822039605
0.9731432323203454
0.3109900704801725
0.048595761425717046
0.4021855260009764
0.1314561479681602
0.3963019482254407
0.21722391649454864
0.3948310537815568
0.30299168502093715
0.40365642044486033
0.3727688526356261
0.4242489426592354
0.5152305698489493
0.3271699093628958
0.5980909563913924
0.2624505538320028
0.6896734888856717
0.21096924829606506
0.7885244763398144
0.1771386760867346
0.8844680818100117
0.17125509831119884
0.15035413086380509
0.5154443981800393
0.19396486062298568
0.4669048815318695
0.26519571922964724
0.4463123593174944
0.34078765081222695
0.4463123593174944
0.38294468957943484
0.47425935375128914
0.419286964378752
0.5404496037260662
0.39021314453929834
0.5963435925936557
0.3160749039486913
0.6022271703691914
0.2404829723661116
0.5948726981497717
0.1721594957433954
0.5683965981598609
0.5791929734957475
0.39777284266932467
0.61844263027901
0.3374661704700833
0.6954882528535625
0.2977520204852171
0.7681728024521967
0.27274681493919023
0.845218425026749
0.277159498270842
0.8481258070106945
0.3536460093528066
0.8117835322113773
0.42719073154700327
0.7536358925324699
0.48014293152682486
0.6736828879739721
0.5007354537412
0.6111741753191466
0.456608620424682
0.32479704990052743
0.5360369203944144
0.7187473087251253
0.3918892648937889
0.43673125628242426
0.6478248981295933
0.5195916428248674
0.7654964536403082
0.563202372584048
0.764025559196424
0.6024520293673105
0.7507875092014686
0.6387943041666276
0.7331367758748615
0.6635070510301633
0.7198987258799061
0.6635070510301633
0.7198987258799061
0.6387943041666276
0.7331367758748615
0.6024520293673105
0.7507875092014686
0.563202372584048
0.764025559196424
0.5195916428248674
0.7654964536403082