0.09276182065156545
0.4872395663107793
0.11511058974736259
0.5743107084680674
0.134830091890713
0.6673867569810306
0.1716398292249671
0.7499542193715624
0.23474223608368847
0.8160081892839879
0.30441781032352655
0.8700523464850634
0.37935191846825816
0.9090842377969511
0.45560066008921307
0.9406099961642451
0.5344786686626147
0.9616271684091078
0.6159859441884632
0.9436124493420825
0.6948639527618649
0.9030793314412761
0.7671687939541497
0.8565413071847944
0.8223833999555308
0.7979934702169628
0.8723394720520184
0.7289370471266998
0.8973175081002623
0.6433671315583305
0.9065199424338259
0.5487898564564485
0.9196662771960594
0.4647211674769979
0.08618865327044863
0.2695617109175589
0.14666179317672323
0.1945003814716209
0.24131540346480523
0.18399179534918958
0.32808121289554704
0.17498443581567705
0.40038605408783196
0.1344513179148705
0.6107274102835697
0.09391820001406395
0.6817176179996313
0.13745377109270798
0.7750565948114898
0.12844641155919542
0.8578785038135615
0.15847094333757067
0.9052053089576025
0.22752736642783367
0.15219307575110907
0.44136487473312236
0.20657734716032386
0.37105510200234343
0.28964782766450914
0.33231298233436324
0.3763040843055657
0.35670616879198036
0.42351680344103787
0.4334729614674227
0.4336765024955066
0.5260235806742642
0.4008068879075196
0.614269519917997
0.31952929547177
0.6343580264125052
0.24303273788518215
0.5927461201024524
0.17789113806535342
0.5131095407849375
0.6362728542287354
0.3897087151758154
0.6476278119954945
0.2978755426294919
0.7301006631435345
0.2806568227770563
0.8125735142915747
0.3064849025557097
0.865762526988499
0.37607722862597043
0.8735317086183868
0.4499742346593402
0.8227332133460432
0.5260235806742642
0.7563963548139241
0.5862891001577891
0.6763140210904649
0.5855716534972709
0.6506159587762206
0.4958908209325019
0.3326771413069648
0.49015124764835666
0.7169528173083397
0.4722150811354029
0.5327746064997471
0.5631968603697473
0.2533322111885596
0.6959868691122456
0.3968622319423689
0.6606137812077691
0.5388033594775012
0.7204359151638692
0.6823333802313105
0.641886852317164
0.8258634009851199
0.6652955134304205
0.8380449156616423
0.7963840156646569
0.7077556717301402
0.8915792375252333
0.5610478645389773
0.9529619488888835
0.41169190198335287
0.9212302082686915
0.2723989298126818
0.8395599906068855