0.05746318261338513
0.45454210501624714
0.10729081537286699
0.5485929752130545
0.15711844813234885
0.6363737873967416
0.21716713376557062
0.7163170270640279
0.2887145038817497
0.7899902087181937
0.35642897917027627
0.8542583033526788
0.4330868757233254
0.9106888254707632
0.5148552987132443
0.9545792315626068
0.6055671429676857
0.9765244346085286
0.6975566188313443
0.9514442025560464
0.7627158309014361
0.8746359918953205
0.8240421481438754
0.7884226942149136
0.8713145176849223
0.6881017660049856
0.9083658343522293
0.5815107797819372
0.9313632033181439
0.465514706539208
0.9377513613642313
0.34324857528335834
0.9505276774564063
0.23979261806687013
-0.02813813520418625
0.24919770508655084
0.08046055157929986
0.23979261806687013
0.1928921331904384
0.2350900745570297
0.3014908199739245
0.23822510356358997
0.39220266422836586
0.27741296614559313
0.5646829314727261
0.17082197992254466
0.6528395125087325
0.1049863707847794
0.7524947780276963
0.05325839217653533
0.8521500435466599
0.01250301509125208
0.9594710987209286
0.01093550058797198
0.09962502571756211
0.34168106078007815
0.16733950100608874
0.32130337223743655
0.24144213434070277
0.29622314018495455
0.32193292572140425
0.3071957417079154
0.38325924296384345
0.352653662303039
0.39348029583758337
0.4247593294539248
0.36409476882558117
0.49843251110809067
0.28488160905409726
0.5109726271343316
0.2133342389379181
0.48432488057856943
0.14689739525860898
0.4294618729637652
0.6400631964165577
0.22725250204062908
0.6707263550377773
0.15514683488974343
0.7461066199816088
0.12536405932742106
0.8278750429715278
0.1206615158175807
0.8943118866508369
0.15201180588318317
0.8955895182600543
0.23822510356358997
0.8674816228572698
0.32600591574727694
0.7972118843503081
0.377733894355521
0.7154434613603893
0.37930140885880115
0.6643381969916898
0.31973585773415647
0.305323714801577
0.4012466119047229
0.8099882004424831
0.23038753104718934
0.5250763515869841
0.5658356347491359
0.5250763515869841
0.7230879476994982
0.5646829314727261
0.7042777736601368
0.6106776694045556
0.6917376576338958
0.6515618808995151
0.6744949980978144
0.6873355659576046
0.6886026286273355
0.6873355659576046
0.692804309514826
0.6515618808995151
0.678696678985305
0.6106776694045556
0.6959393385213863
0.5646829314727261
0.7084794545476273
0.5250763515869841
0.7272896285869888