0.016234829907160714
0.18572644306775962
0.005320658541002242
0.3063280294753958
0.014870558486390904
0.43118614246212494
0.05443442968871533
0.5290862537812648
0.09672684373257935
0.6284052072934359
0.1540262434049113
0.7135357388752966
0.21541845733955264
0.8000851126501884
0.28636057121958264
0.873864906687801
0.3559384136788429
0.9504823851114759
0.4568944988158086
0.9632519648487549
0.5496649554281555
0.9121736458996385
0.6342497835158837
0.851163431599305
0.7188346116036117
0.7901532172989713
0.7856839112213323
0.7078603701031725
0.8375262252105851
0.6198921541352497
0.8839114535167584
0.5262485693952029
0.9343894960852414
0.44395572219940405
0.11582664362335668
0.04100453937859629
0.2317897143887903
0.04100453937859629
0.3422956994711448
0.0637060144670925
0.4446160560288803
0.10343359587196087
0.5278366126958386
0.15025538824198428
0.7693126541720946
0.226872866665659
0.8538974822598226
0.224035182279597
0.9384823103475507
0.23254823543778305
1.0094244242275807
0.25950623710537235
1.0612667382168335
0.30207150289630275
0.15948332908799054
0.1601872835932014
0.24679670001725826
0.13322928192561218
0.33820288520883535
0.13464812411864316
0.4214234418757936
0.16728149455835647
0.4800871129688954
0.225454024472628
0.4364304275042615
0.30349034508933376
0.37367394214885036
0.36308171719663634
0.283632028378043
0.35882519061754325
0.20450428597339415
0.3190976092126749
0.1581190576672207
0.23964244640293814
0.680635011822057
0.3190976092126749
0.7338415972320795
0.27227581684265145
0.8143336110574982
0.2765323434217445
0.8784543678336793
0.30349034508933376
0.9262038675606225
0.35740634842451224
0.8961898963036867
0.43118614246212494
0.8402547680521246
0.47517025044608635
0.7638555684890155
0.47517025044608635
0.6915491831882156
0.4524687753575901
0.6628994833520496
0.3843643500921015
0.28499629979881286
0.2694381324565894
0.7652198399097853
0.38862087667119455
0.6465282263028119
0.5659761508000712
0.40641645624732575
0.652525524574963
0.44598032744965016
0.6582008933470871
0.4841799272312048
0.6681327886983042
0.5210152555919896
0.6809023684355834
0.5564863125320045
0.6936719481728624
0.5414793269035366
0.7163734232613586
0.5073725413842916
0.7333995295777307
0.4678086701819671
0.7333995295777307
0.4350661560834917
0.7121168966822656
0.411873541930405
0.6809023684355834