0.08993076727978436
0.438189856085112
0.09695464868517897
0.5223203462262783
0.1110024114959682
0.6012999900322711
0.13558599641484928
0.6768457362814816
0.17772928484721687
0.7438067386387364
0.23040839538767632
0.8073338434392088
0.2865994466308331
0.8605592555693343
0.3533263199820818
0.9120677189210687
0.42532110438737636
0.9515575408240652
0.5060957405494143
0.961859233494412
0.586870376711452
0.9446897457105006
0.6588651611167468
0.9120677189210687
0.7291039751706927
0.8760117945748547
0.7870509967651983
0.8227863824447291
0.8239263741435199
0.7558253800874744
0.86255772187319
0.6922982752870019
0.8994330992515117
0.6322050680433118
0.2110927215228412
0.18579838566161339
0.32523079436050334
0.17377974421287543
0.44639274860356015
0.20983566855908953
0.5552629103871765
0.2647780294676062
0.6096979912789846
0.32143733915451406
0.7993427892246386
0.49484916577202004
0.8572898108191441
0.4879813706584554
0.9169928027649983
0.4845474731016731
0.9696719133054578
0.5017169608855845
1.0012793796297335
0.5377728852317987
0.2883554169821817
0.38324749517659534
0.3656181124415223
0.34204072449520784
0.44814871895490876
0.34204072449520784
0.527167384765598
0.39354918784694226
0.5201435033602034
0.4708118828745439
0.49029200738727646
0.5463576291237544
0.4358569264954683
0.6116016827026179
0.3515703496307332
0.6098847339242268
0.30591512049566827
0.5412067827885809
0.2848434762794845
0.4570762926474147
0.7291039751706927
0.5721118607996215
0.7642233821976657
0.5377728852317987
0.8309502555489144
0.5343389876750163
0.8888972771434198
0.5497915266805367
0.8994330992515117
0.5927152461403153
0.8660696625758874
0.6322050680433118
0.8239263741435199
0.6768457362814816
0.7677353229003631
0.6991660704005666
0.7168121827112522
0.6716948899463081
0.7150562123599037
0.6150355802594003
0.40249348981984395
0.5154525511127137
0.7659793525490144
0.6047338875890534
0.6974965088464171
0.6819965826166551
0.4516606596576061
0.7764287654281681
0.5060957405494143
0.718052506962869
0.5851144063601035
0.6991660704005666
0.6746688942788847
0.7266372508548248
0.6816927756842792
0.8056168946608177
0.6184778430357278
0.8742948457964635
0.5587748510898738
0.9343880530401537
0.4815121556305332
0.9670100798295855
0.4077614008738899
0.9309541554833713
0.42005319333333047
0.8348050238934672