0.06606749041215669
0.3376713371064686
0.11729563731354786
0.442399505513492
0.16256702294733544
0.5523640823408665
0.20664705632760227
0.6658195981151418
0.2543011464684313
0.7653113581018139
0.3091033501303847
0.8543303012477838
0.37462772407402456
0.922403610712349
0.45325697280639243
0.9834950422831126
0.537842982806364
1.0149134928052195
0.6188549360457734
0.990476920176914
0.685570662242934
0.9293854886061504
0.7510950361865738
0.8578212401946845
0.807088592102048
0.7757841749425163
0.8404464552006283
0.667565067588592
0.8630821480175219
0.5436367349736144
0.9035881246372267
0.4441449749869424
0.9274151697076414
0.34290774552681974
0.05891937689103231
0.17708814554903282
0.15065350041212822
0.15090610344727698
0.24596168069378624
0.1317059392393227
0.3484179744965686
0.1264695308189715
0.42942992773597793
0.1404332866065747
0.6105154702711283
0.12472406134552114
0.6962928325246205
0.10377842766411649
0.7868356037921955
0.08981467187651339
0.8785697273132914
0.10203295819066611
0.9452854535104521
0.13868781713312425
0.173289193229022
0.2940346002702089
0.23643086266562044
0.25388880238084993
0.3091033501303847
0.24865239396049876
0.3829671898486697
0.2556342718543003
0.42585587097541583
0.31498023395161356
0.42228181421485367
0.402253707624133
0.38415854210219036
0.4842907728763013
0.3114860546374262
0.4947635897170037
0.2507270897078691
0.4441449749869424
0.19711623829943647
0.3725807265754764
0.6486387423837915
0.2957800697436593
0.685570662242934
0.23992504659324684
0.754669092947136
0.22945222975254448
0.823767523651338
0.24167051606669723
0.8857178408344158
0.28356178342950655
0.8666562047780842
0.36559884868167486
0.8225761713978175
0.43716309709314083
0.7558604452006568
0.465090608668347
0.6879533667499754
0.4755634255090494
0.6629349694260402
0.38305354341617875
0.3233995771726334
0.3219621118454151
0.7856442515386749
0.2940346002702089
0.5783489594260687
0.5698187770753703
0.4973370061866594
0.7333153625333446
0.524738108017636
0.7350608320067951
0.550947857595092
0.7315698930598943
0.5783489594260687
0.7298244235864438
0.5997932999894418
0.7298244235864438
0.5997932999894418
0.7356383770531573
0.5783489594260687
0.7356383770531573
0.550947857595092
0.7373838465266077
0.524738108017636
0.7408747854735085
0.4973370061866594
0.739129316000058