0.07506990615919926
0.4968877513389254
0.10417954630483661
0.5809177108166563
0.12949227686626041
0.666503780655086
0.15860191701189771
0.7505337401328169
0.20416483202246055
0.8252270374463556
0.26744665842601995
0.8781347897101122
0.32946284830150824
0.9263742108917724
0.3990728573454237
0.9559403077450482
0.47754232208583736
0.9652769699092405
0.5471523311297527
0.9357108730559647
0.6116997940613834
0.8968081140384968
0.676247256993014
0.8423442514140416
0.7319352642281464
0.7863242784288875
0.7787638157667802
0.72252375364024
0.8167329116089159
0.6462743459660026
0.8344518230019126
0.5560199450454769
0.836983096058055
0.4642094337642522
-0.03377483525492299
0.22301232785595046
0.026975718092494074
0.14831903054241188
0.12696100381011802
0.14831903054241188
0.21682119730317242
0.12186515441053358
0.3041501177400845
0.1280895958533285
0.42058867832263386
0.09696738863935404
0.5306990562648273
0.0782940643109694
0.6471376168473767
0.006712987718828236
0.7699043600702818
0.03316686385070648
0.836983096058055
0.13898236837821953
0.09911700019255185
0.3786233639258226
0.13835173256275873
0.3101545080550789
0.2218837434154572
0.27592008011970703
0.29529066204358617
0.3132667287764763
0.32946284830150824
0.38640391572931626
0.33832230399800656
0.47977053737123954
0.3193377560769387
0.5700249382917653
0.24972774703302333
0.6042593662271372
0.18391464757332152
0.560688276127573
0.13455482297854512
0.47354609592844465
0.5231052370964002
0.32415950130136734
0.5433554215455392
0.23390510038084153
0.6395437976789495
0.21367566569175817
0.7268727181158615
0.24635398326643132
0.7850919984071363
0.31793505985857246
0.7850919984071363
0.4066333504183996
0.7458572660369294
0.5046683031424191
0.6711847108807293
0.5715810486524641
0.5876527000280308
0.5451271725205858
0.5509492407139662
0.4439799990751689
0.24339956439266738
0.48755108917473305
0.642075070735092
0.42686278510748293
0.37249449025592873
0.5995910351450411
0.3433848501102913
0.7635525936737789
0.39527594776121006
0.7293181657384071
0.4484326819402
0.7199815035742148
0.5129801448718306
0.7402109382632981
0.5572774233543223
0.7728892558379713
0.5572774233543223
0.7769876162646953
0.5129801448718306
0.744309298690022
0.4484326819402
0.7240798640009387
0.39527594776121006
0.7334165261651311
0.3433848501102913
0.7676509541005029