0.1552003206585816
0.6924777921092581
0.2058372235456302
0.751170567222041
0.25647412643267875
0.8098633423348238
0.31171438412764085
0.8616510850813971
0.3761613514384299
0.8927237307293411
0.4528839315703217
0.9099863116448653
0.5357443181127648
0.9220701182857325
0.6170702530525701
0.9289751506519421
0.6983961879923754
0.923796376377285
0.7689809617137158
0.904807537370208
0.8211523162034022
0.8599248269898446
0.8610480578719858
0.7908745033277471
0.8963404447326561
0.7149191472994398
0.9224261219774994
0.6320587589049227
0.9331672831959641
0.5422933381441959
0.9331672831959641
0.44734914310881174
0.9270294767854129
0.35930998043963736
0.09842561136098173
0.4249077879186301
0.1843549011087005
0.35067868998187524
0.30864548092236516
0.3316898509747984
0.4298671575307541
0.35930998043963736
0.5572266405496944
0.37312004517205694
0.7367574780583213
0.2850808825028825
0.7720498649189915
0.2471032044887289
0.8104111549849373
0.20739926838302283
0.8487724450508832
0.16424281609421182
0.8794614771036399
0.11590758953074351
0.28409425528015975
0.5889023066161118
0.3132488357302786
0.49913688585538496
0.3822991578489813
0.4456228850172594
0.46822844759669996
0.4335390783763922
0.5326754149074892
0.45943294974967885
0.5418821245233162
0.5509246286019581
0.5250031568943
0.63723753317958
0.47436625400725135
0.7166454053909922
0.3930403190674462
0.7062878568416776
0.32705890015401917
0.6545001140951044
0.7551708972899752
0.46458216481043974
0.7781876713295427
0.42660448679628615
0.8027388969717482
0.3886268087821324
0.8380312838324184
0.3679117116835032
0.8763925738983642
0.37309048595816047
0.8763925738983642
0.37829881944671423
0.8380312838324184
0.37312004517205694
0.8027388969717482
0.39383514227068617
0.7781876713295427
0.4318128202848399
0.7551708972899752
0.4697904982989935
0.4467461251597703
0.5975335970738739
0.8101042646644098
0.4067672983503814
0.7797221229321807
0.5733659837921398
0.4728318024046135
0.8271259232503483
0.5173308988811107
0.7321817282149642
0.6047946402314675
0.7339079863065167
0.6907239299791862
0.7459917929473836
0.767446510111078
0.6734889531021813
0.8150145097928508
0.7787906966868801
0.758239800495251
0.8720086336307118
0.6615693495290673
0.908260053553313
0.5541577373444189
0.9168913440110752
0.47436625400725135
0.8702823755391592