0.10158909761498042
0.4360534059408117
0.1306544278603508
0.5254034544885682
0.16896781772924807
0.6147535030363247
0.20860235897293497
0.6988476663753898
0.25352150571578
0.7741820210333021
0.3024041065829938
0.847764413954984
0.35657131294936584
0.9125869981955133
0.41734427618968567
0.9616419268099677
0.4939710559274802
0.9686497737548898
0.5600286246669584
0.9318585772940489
0.6168381337829094
0.8722918782622112
0.669684188774492
0.8022134088129904
0.7159244868921265
0.723375130682617
0.7542378767610238
0.6340250821348605
0.7833032070063942
0.5411711101146429
0.8031204776282377
0.44130929114950335
0.8136896886265541
0.3449513956568247
0.05931225362171447
0.2608572323177597
0.12140636823682387
0.25034546190037665
0.18746393697630193
0.25735330884529867
0.25352150571578
0.2661131175264513
0.3129733175813103
0.2923925435699091
0.4781172394300055
0.1855228776598474
0.5507805650434314
0.1417238342540844
0.6379765557795425
0.1189483316830876
0.7278148492652327
0.11544440821062658
0.8097262345021855
0.1417238342540844
0.12933327648556123
0.34845531912928573
0.16368321223008983
0.30640823745975326
0.22445617547040964
0.3046562757235228
0.2812656845863608
0.3221758930858279
0.32750598270399545
0.35721512781043835
0.32750598270399545
0.4325494824683508
0.30768871208215204
0.5026279519175715
0.2482369002166218
0.5113877605987242
0.20331775347377667
0.47634852587411364
0.16104090948051072
0.4220377120509676
0.4992556614266384
0.27662488794383444
0.542853656794694
0.22932192106561036
0.6115535282837512
0.2275699593293799
0.681574551147598
0.2328258445380714
0.7436686657627074
0.2520974236366072
0.7383840602635492
0.3379435487119026
0.6987495190198623
0.4080220181611234
0.6353342530299633
0.4307975207321202
0.5679555329156957
0.4185337885785066
0.5230363861728506
0.3537112043379773
0.26805417083846517
0.4325494824683508
0.6287284961560154
0.3502072808655162
0.3671405239476823
0.5832181917841754
0.4028116110670005
0.7058555133203118
0.4292346385627917
0.7005996281116204
0.45962112018295165
0.6988476663753898
0.488686450428322
0.6953437429029287
0.5203940834232714
0.6953437429029287
0.5151094779241132
0.7216231689463865
0.4926499045526907
0.7373908245724612
0.46490572568210986
0.7461506332536137
0.4358403954367395
0.7461506332536137
0.4147019734401065
0.7251270924188475