0.15087653285000266
0.5688267634181511
0.17574726116064424
0.6426409574798504
0.23280363787329258
0.7144601733236658
0.28400807851284876
0.7882743673853653
0.35276832737168135
0.8501186921397618
0.4288434963218791
0.8979981693689723
0.4946777771441656
0.9498676030339502
0.5736789141309094
0.9758023198664392
0.6526800511176534
0.9917621456095093
0.7009585237206635
0.9239328862014612
0.7492369963236736
0.8441337574861106
0.7902005488353185
0.7563547158992249
0.8238491812555984
0.6625907396586879
0.8545718456393321
0.5668317852002673
0.8633497497489704
0.4630929178703115
0.8648127337672433
0.3513741376688207
0.8545718456393321
0.24165033568521357
0.03237482736988688
0.3513741376688207
0.1025980602469925
0.32543942083633176
0.18013621321546333
0.3234444426184479
0.25328541412911504
0.33740929014363436
0.3191196949514016
0.36932894162977453
0.4171396241756949
0.24165033568521357
0.5078446333086231
0.18778592380235193
0.6014756104780972
0.12793657726583899
0.6936436036292984
0.07606714360086111
0.7755707086525883
0.03217762280741828
0.14209862874036444
0.5069824386637544
0.16989532508755212
0.42718330994840376
0.23280363787329258
0.4012485931159148
0.30741582280521734
0.40922850598744986
0.35276832737168135
0.44314313569147384
0.3820280077371421
0.5309221772783594
0.3630092154995926
0.6246861535188966
0.3001009027138521
0.6506208703513855
0.22695170180020038
0.6226911753010128
0.1742842771423712
0.5728167198539186
0.5254004415278993
0.34139924657940185
0.5444192337654488
0.2476352703388649
0.6102535145877354
0.20574072776330585
0.6834027155013872
0.1917758802381195
0.7521629643602197
0.21771059707060847
0.7594778844515848
0.3014996822217265
0.7360701401592163
0.39127370202649603
0.6790137634465679
0.451123048563009
0.6073275465511894
0.4630929178703115
0.5458822177837219
0.41122348420533367
0.292785982622487
0.5309221772783594
0.6614579552272916
0.3274343990542155
0.42738051230360613
0.6705706525302231
0.5005297132172578
0.806229171346319
0.5283264095644455
0.7942593020390164
0.5619750419847253
0.7922643238211327
0.5956236744050051
0.790269345603249
0.6234203707521926
0.7962542802569001
0.6234203707521926
0.7962542802569001
0.5956236744050051
0.790269345603249
0.5619750419847253
0.7922643238211327
0.5283264095644455
0.7942593020390164
0.5005297132172578
0.806229171346319