0.07157178136785297
0.44538573967292905
0.10243635261986425
0.5473323580808938
0.11915466204803704
0.6547404024749994
0.1513052571022155
0.7494051195681095
0.2104623520019038
0.8276855587027966
0.27604956591242785
0.8895817198790609
0.3480668988337876
0.931452652439475
0.4226562793594816
0.9715031096711755
0.501103731291677
0.9660416836850345
0.5692629928065353
0.925991226453334
0.6297061115083907
0.8586336392909288
0.6927212778145805
0.7894555767998098
0.7518783727142688
0.7184570389799773
0.8046053486031214
0.6438175505027174
0.8431860626681356
0.5509733087383211
0.8663344911071441
0.4417447890155017
0.8624764197006427
0.3434391212649643
-0.00044555155350672307
0.11405922984704377
0.02913299589633743
0.07218829728662968
0.07414382897218721
0.046701642684638466
0.1242987572567056
0.04488116735592483
0.16673754272822117
0.07764972327277062
0.4007938747226403
-0.018835469149053114
0.4972456598851756
-0.0516040250658989
0.6026996116628809
-0.02975832112133506
0.6940073016167476
0.023035463411360986
0.7660246345381073
0.09585447655990716
0.08057394798302296
0.3215934173204004
0.09986430501553001
0.23967202752828592
0.17316766173905684
0.1996215702965855
0.24004089945174803
0.2724405834451317
0.2811936611210964
0.3671053005382418
0.2979119705492692
0.44538573967292905
0.2889098039340992
0.5509733087383211
0.22332259002357524
0.6037670932710171
0.16159344751955262
0.5309480801224707
0.12044068585020423
0.43628336302936077
0.4959596360830084
0.22328774956986305
0.5075338503025126
0.12316160649061203
0.6039856354650479
0.08311114925891161
0.6965793492210819
0.13044350780546668
0.7583084917251045
0.23421060154214504
0.7595945155272716
0.3379776952788233
0.7300159680774275
0.46177001763135195
0.651568516145232
0.5309480801224707
0.5679769690043681
0.49089762289077044
0.5306822787415211
0.36892577586695546
0.2104623520019038
0.4490266903303563
0.612987802080218
0.392591955140233
0.3467808750316205
0.5655371113680303
0.3223464227904448
0.725738940294832
0.34935292263595474
0.672945155762136
0.4149401365464787
0.678406581748277
0.48309939806133706
0.6711246804334222
0.510105897906847
0.7384822675958275
0.511391921709014
0.8204036573879421
0.4933875884786742
0.9023250471800565
0.4445186839963228
0.9551188317127525
0.3930777319096374
0.9132478991523384
0.3544970178446233
0.8240446080453694