0.05414253800683891
0.5588193400762975
0.12461208520975235
0.6218400620855391
0.1824977846978598
0.6988653889857233
0.2391250994144867
0.774490255396813
0.30707787707443895
0.8431128193624317
0.3913896567636389
0.9019321599043905
0.47695982122431957
0.9439459745772183
0.5625299856850001
0.974756105337292
0.6619423826319673
0.9901611707173288
0.7236032364345165
0.9411450535990298
0.7802305511511435
0.8613188057206571
0.8242740181529644
0.774490255396813
0.8582504069829405
0.6764580211602151
0.8821597176410718
0.5686225634999573
0.8897100262699554
0.4537848033942282
0.8796429480981106
0.3431484247557819
0.8632839460688628
0.24231526954099533
-0.033944395996802885
0.4677894082851708
0.03274999689166877
0.4369792775250971
0.10321954409458221
0.4075696072541178
0.1824977846978598
0.3879631604067981
0.25674248621521506
0.38656269991770387
0.38509773290623595
0.2731254003010691
0.4731846669098777
0.21010467829182744
0.5738554486283256
0.15968810068443418
0.6883684628330599
0.12187566747888924
0.8041398618092748
0.11347290454432367
0.08434377252237324
0.4999999995343387
0.12587046998123297
0.46218756632879376
0.185014554240821
0.43978019850328565
0.25045056235781205
0.4341783565469086
0.30707787707443895
0.45658572437241673
0.3335039572755315
0.5028009205125272
0.3108530313888807
0.5700230239890516
0.2517089471292927
0.593830852303654
0.18627293901230163
0.599432694260031
0.12712885475271354
0.5658216425217688
0.4593424344235912
0.30953737301751966
0.5222616729976209
0.25631987443193793
0.6027982983723792
0.21150513878092167
0.6833349237471374
0.2017019153572619
0.7663883186648569
0.21290559927001593
0.8028814770377942
0.2717249398119747
0.7525460861785703
0.3431484247557819
0.6745262303467733
0.3823613184504211
0.593989604972015
0.41037052823230624
0.5235200577691016
0.36275487160310155
0.21521578875635533
0.4929976970888674
0.600281528829418
0.2955327681265772
0.4090070435643673
0.6820598631165922
0.48451012985320313
0.7704016228672117
0.534845520712427
0.7619988599326462
0.5738554486283256
0.739591492107138
0.612865376544224
0.7199850452598183
0.6430666110597583
0.7031795193906873
0.6430666110597583
0.7058676914311945
0.612865376544224
0.7226732173003255
0.5738554486283256
0.7422796641476452
0.534845520712427
0.7646870319731534
0.48451012985320313
0.7730897949077189