0.040672531502555745
0.3814918253361094
0.09026580411533748
0.4818752384898778
0.14469744478790275
0.5752875812857456
0.20033867747541395
0.6700941381531935
0.2668662382974382
0.7565354105911607
0.3466993112838673
0.8248519000985863
0.4325803443450259
0.8889857473912717
0.5208805614360762
0.940571668039736
0.6103903705420726
0.975427019829239
0.7011097716630147
0.9545138087555373
0.7676373324850391
0.879226248890211
0.8281169332323338
0.7941791905238238
0.871662245770386
0.6937957773700554
0.9091595982337088
0.5934123642162871
0.9357706225625185
0.4818752384898778
0.9490761347269232
0.36476125647714797
0.9684296069660576
0.2588009870370591
-0.0016631890205505914
0.2671662714665398
0.08905621210039155
0.20024399603069423
0.19550030941563037
0.15981178795487086
0.3140403268803281
0.14865807538222994
0.41927483218062106
0.1723597145990919
0.6551452750950707
0.11519693766430712
0.7313495720366622
0.06639944515900306
0.8281169332323338
0.042697805942141086
0.928513070472843
0.0440920200137212
1.0143941035340016
0.07755315773164398
0.13623030068328149
0.3006274091844626
0.19550030941563037
0.24764727446441814
0.2729141983721677
0.22394563524755617
0.3539568633735427
0.22115720710439596
0.4011309519564326
0.26298362925179947
0.4047597280012703
0.3438480454034462
0.37693911165751476
0.42750088969825323
0.30315399874581506
0.4512025289151152
0.22815929381916952
0.42610667562667304
0.16526050904198297
0.3689438986918883
0.6696603792744215
0.22394563524755617
0.7071577317377441
0.16399443016961118
0.778523660619552
0.1361101487380089
0.8510991815163058
0.1388985768811691
0.9236747024130595
0.16120600202645097
0.9115787822636006
0.24207041817809768
0.872871837785332
0.3131753358286836
0.8087634609931995
0.3480306876181866
0.7349783480814998
0.35081911576134683
0.6817562994238804
0.3006274091844626
0.29710603867108565
0.35081911576134683
0.7845716206942814
0.257406772965479
0.6478877230053953
0.5195190184225409
0.5535395458396155
0.6840362788689945
0.581360162183371
0.6742767803679339
0.6140191465869103
0.6645172818668731
0.6466781309904495
0.6561519974373923
0.6805467074089345
0.6575462115089724
0.6732891553192591
0.6798536366542544
0.6503069070352872
0.7077379180858566
0.6212766986765856
0.7230742728732379
0.5874081222581006
0.7188916306584976
0.5571683218844531
0.7035552758711162