0.03845839366978796
0.46860435766334474
0.10285969394429796
0.5444771385953143
0.1541794801005481
0.6281988278995567
0.20549926625679826
0.711920517203799
0.2658754852641514
0.7891014495311474
0.33430186680581825
0.858433473486223
0.41178468119858813
0.9094513779059957
0.49429884717530403
0.9552366767442534
0.581844364735966
0.9905567644194806
0.6522832869112114
0.939538859999708
0.7116532356017752
0.858433473486223
0.7649855623916039
0.7694791786004657
0.8142928079142755
0.668751521156299
0.8474997283683198
0.5575586525491022
0.8746690269216287
0.44898208673266293
0.8867442707230994
0.32863215835781456
0.875675297238418
0.20828222998296617
-0.07323761149381532
0.20043332161069347
0.009276554482900616
0.20566592719220864
0.09279699077640577
0.21613113835523887
0.17430488643633252
0.23444525789054194
0.23669364607726406
0.2763061025426631
0.4057470592978528
0.18342735347076922
0.5003364690760393
0.08662415021273903
0.6049885820221181
0.021216580443799694
0.7076281543346185
-0.037650232348245695
0.8142928079142755
-0.0677377144419578
0.03543958271942031
0.3456381264977388
0.09782834236035186
0.307701736031754
0.17430488643633252
0.29854467626410247
0.2558127820962592
0.32863215835781456
0.32524543395471534
0.36656854882379936
0.3534210028248134
0.43590057277887506
0.3121639198364555
0.5183141106877386
0.2336748351268964
0.5470934413860719
0.16222964263486186
0.5078488995247084
0.10185342362750874
0.4450576325465266
0.4661232783052059
0.22921265230902677
0.5073803612935639
0.16511323393546623
0.5798318241023876
0.11932793509720871
0.6623459900791036
0.11278717812031477
0.7368099935215059
0.14679911440016324
0.7428476154222411
0.23967786347205705
0.7106469652849862
0.3404055209162236
0.6502707462776329
0.4071212420805418
0.5717816615680739
0.39665603091751145
0.5154305238278777
0.3207832499855418
0.20549926625679826
0.4254353616158447
0.5939196085374366
0.2789224053334206
0.3735464091605978
0.6242743737134203
0.45907938608768134
0.7283827849200188
0.47719225178988733
0.7283827849200188
0.49832392844246093
0.7257664821292613
0.5164367941446669
0.7205338765477461
0.5285120379461375
0.7139931195708523
0.5285120379461375
0.7158449713899354
0.5164367941446669
0.7223857283668292
0.49832392844246093
0.7276183339483444
0.47719225178988733
0.7302346367391019
0.45907938608768134
0.7302346367391019