-0.00846861627273608
0.3127335862885692
0.013684580620649624
0.42702117217828006
0.03829924383552262
0.5371778814695676
0.08260563762229403
0.6321880432333031
0.15152669462393842
0.717559492934051
0.22290921794707014
0.790538312839529
0.3029068733954074
0.8552553795481606
0.38044306252225735
0.9117106930599456
0.46659438377431284
0.9571503356426017
0.5638223034730613
0.962658171107166
0.6475121584036294
0.9117106930599456
0.7250483475304793
0.8525014618158784
0.7915079382106365
0.7808996007765414
0.8518138630870754
0.7010359865403579
0.8924280573916158
0.6018949481781991
0.9231963864102071
0.498623033217617
0.951503249107311
0.39535111825703484
0.018607513263624226
0.15576027554848432
0.11952763244460352
0.10068192090284053
0.23521654955450666
0.06901186698159534
0.35582839930738436
0.04973444285562002
0.4629021842920819
0.0800275379107241
0.7348942128164286
0.11720542729653366
0.8050460029788166
0.10481279750126381
0.8764285263019483
0.107566715233546
0.9379651843391308
0.13510589255636793
0.979810111804415
0.16815290534375418
0.11706616612311622
0.2480165195799377
0.19460235524996622
0.1929381649342939
0.2856766091449963
0.1667759464776131
0.381673795683001
0.18605337060358842
0.42351872314828515
0.27417873803661846
0.4124421247015923
0.37194281753263625
0.3693664640755645
0.4600681849656663
0.2709078112160725
0.4614451438318074
0.18352575680327338
0.42426725444599783
0.13183496405204004
0.33751884587910885
0.6733575547792461
0.29207920329645276
0.7115102827622992
0.22736213658782123
0.7890464718891492
0.2122155890602692
0.8678133941767427
0.22873909545396237
0.9096583216420269
0.29207920329645276
0.8936587905523594
0.3802045707294828
0.8481216636048444
0.4600681849656663
0.7767391402817128
0.4820995268239238
0.6930492853511445
0.46419906156408963
0.6684346221362716
0.3912202416586115
0.2733692775375598
0.33614188701296777
0.7632010755135326
0.3595501877373664
0.6512043578858604
0.5358009226034266
0.480132448542493
0.701314656787077
0.5182851765255462
0.6971837801886537
0.5539764381871121
0.6916759447240893
0.5908984330094216
0.6958068213225126
0.6155130962242946
0.702691615653218
0.6155130962242946
0.7051668631387812
0.5908984330094216
0.6982820688080758
0.5539764381871121
0.6941511922096525
0.5182851765255462
0.6996590276742168
0.480132448542493
0.7037899042726402