0.12239072600297131
0.6616277739867593
0.17667330360139438
0.7194011056321069
0.23202024546645317
0.7854277703696471
0.2809810017316975
0.8555811016532834
0.33526357933012063
0.920232210875458
0.40551162092807985
0.965625542882517
0.48321021239248935
0.9931366531898254
0.572616810789892
1.0027655417973833
0.6630877734539304
0.9972633197359216
0.7397220006517042
0.9683766539132479
0.7897471211835844
0.8995988781449767
0.8365791489155572
0.8253188803152441
0.8791537195809871
0.7400344383625882
0.9174708331798739
0.6492477743484706
0.9313075686461386
0.539203333119237
0.9195995617131454
0.42778333637463806
0.9036340977136093
0.3287433392683278
0.08407361240408442
0.4704255573509661
0.11174708333661383
0.3755122267907521
0.16496529666840118
0.30260778447638487
0.23414897399972467
0.25033667489249894
0.31823375106394863
0.23520556422347935
0.568359353723349
0.10865445680986079
0.6290281169215866
0.061885569287436534
0.7003405227861815
0.031623347949397314
0.7822965713171341
0.02061890382647395
0.8536089771817291
0.0453789031030515
0.15964347533522244
0.5584611103343529
0.2000893174673808
0.4456655580743885
0.274594816131883
0.3768877823061175
0.36080832172937854
0.3741366712753867
0.4108334422612586
0.4415388915282923
0.44702182732687396
0.5433299996653332
0.4555367414599599
0.6616277739867593
0.37677378572891473
0.7111477725399143
0.28417409453160475
0.7070211059938182
0.20115368173401654
0.6533744408945668
0.6290281169215866
0.3383722278758858
0.6226419313217721
0.22832778664665226
0.6907612443864599
0.1595500108783813
0.7812322070504983
0.14717001124009252
0.8610595270481793
0.19118778773178596
0.8748962625144441
0.2916033403534615
0.8514802486484576
0.3975211150365988
0.8035838566498491
0.5034388897197362
0.7226921723855323
0.5006877786890053
0.6630877734539304
0.42640778085927267
0.3373923078633921
0.5460811106960641
0.7397220006517042
0.34800111648344373
0.6237062955884078
0.624487775071893
0.6255352893569369
0.762350427374656
0.630977616299614
0.7493370324060361
0.641065832095796
0.7421073685345807
0.6524814447072652
0.7399384693731441
0.6629678795480334
0.74463775088959
0.6682774668091818
0.7569281794710643
0.6607113049620453
0.7674111920846748
0.6503576098028059
0.7728334399882664
0.6386765178282793
0.7760867887304214
0.627791863942925
0.7742793727625574