0.1303355062061183
0.5309221772783594
0.16095610108188482
0.6087263277758262
0.20688699339553454
0.6885254564911769
0.251286855965396
0.76433462877076
0.3094659862293524
0.8301689099609243
0.38142438418740376
0.8760534089722508
0.46409999035197336
0.9079730604583911
0.5528997154916964
0.9179479515478098
0.6447615001189959
0.9139579951120423
0.7274371062835655
0.9039831040226235
0.7932713852664635
0.858098605011297
0.837671247836325
0.7723145416422952
0.8728849319434565
0.6825405218375257
0.9050365565630113
0.5807966327254537
0.9172847945133179
0.4670828743060791
0.9188158242571062
0.3433942247972856
0.9142227350257414
0.23367042281367853
0.11349417902444665
0.2635950960819351
0.1732043390321914
0.19377085845600323
0.23750758827130108
0.12993155548372282
0.3140590754607174
0.0840470564723962
0.3906105626501337
0.09601692577969877
0.6692579760196091
-0.001737006896605714
0.7228440170522005
-0.04762150590793227
0.7886782960350986
-0.07355622274042123
0.8575746345055731
-0.0575963969973511
0.8943193483564931
0.010232862410696899
0.21607317185826452
0.4231933535126362
0.24975582622160775
0.3214494644005642
0.32477628366723565
0.2476352703388649
0.41663806829453526
0.24364531390309743
0.46103793086439676
0.34139924657940185
0.4840033770212216
0.45910296143454404
0.480941317533645
0.5728167198539186
0.401327770856652
0.6306710881725478
0.3171211349482941
0.5887765455969887
0.24822479647781936
0.5249372426247082
0.6554787083255142
0.2975097257859591
0.6692579760196091
0.19576583667388708
0.7228440170522005
0.1119767515227689
0.8070506529605583
0.10798679508700132
0.8606366939931499
0.18978090202023576
0.8652297832245148
0.2975097257859591
0.8545125750179966
0.41122348420533367
0.8024575637291935
0.49102261292068416
0.7197819575646238
0.4790527436133817
0.6707890057633974
0.39526365846226347
0.39214159239392204
0.4571079832166602
0.7641818201344853
0.3274343990542155
0.6122016009010973
0.4687453561543155
0.6815062139699156
0.6765555871838744
0.6906923924326457
0.6566058050050367
0.715188868333259
0.6406459792619666
0.7167198980770473
0.6346610446083152
0.7320301955149304
0.6446359356977341
0.7381543144900838
0.6566058050050367
0.7396853442338721
0.6825405218375257
0.7274371062835655
0.7064802604521309
0.7075337196143173
0.7184501297594335
0.6891613626888573
0.7144601733236658