0.09943478405434503
0.3804550907136688
0.13824806887672897
0.46558556106007326
0.17085122812753153
0.5543386046127076
0.20034932459254337
0.6412803615622271
0.24382020359361342
0.7227882587024017
0.29815880234495107
0.7934284362238863
0.3633651208465561
0.8532008941266809
0.4285714393481612
0.9039169190139007
0.5030929462071385
0.9057282056170156
0.5698517961016388
0.8622573271422559
0.6366106459961394
0.8169751620643811
0.6940543075332677
0.7553914175584715
0.7375251865343379
0.6829399534338719
0.7825485969283031
0.6050546294999274
0.824466944536478
0.5253580189628678
0.8555175723943851
0.43298240220400347
0.8694903549304435
0.342418072048254
-0.026320258770179124
0.21925058303643472
0.049753779481693496
0.18483613757724993
0.13669553748383362
0.18664742418036495
0.21742716991439234
0.2228731562426647
0.27331830005862523
0.26091017490807944
0.42236131377657976
0.19026999738659484
0.5061980089929291
0.13955397249937515
0.613322675102709
0.12325239307134027
0.7219998726053841
0.11962981986511027
0.8213618817506871
0.13593139929314516
0.12117022355488001
0.3134374863984141
0.15377338280568256
0.27721175433611434
0.21587463852149696
0.2862681873516893
0.27797589423731134
0.3098149131921842
0.3167891790596953
0.347851931857599
0.33386702438154425
0.4166808227759686
0.30281639652363707
0.46920813426630326
0.24382020359361342
0.48188714048810816
0.19258666762806653
0.44022754861646335
0.15687844559147332
0.3804550907136688
0.4953302892426617
0.2699666079236544
0.5279334484934642
0.21381672322708972
0.5946922983879648
0.19932643040216982
0.6676612738540466
0.21381672322708972
0.7266574667840702
0.2482311686862745
0.729762529569861
0.3170600596046441
0.6909492447474769
0.38770023712612867
0.6272954576387672
0.4166808227759686
0.5543264821726853
0.4221146825853134
0.5170657287431967
0.3532857916669439
0.23605754662913667
0.3931340969354737
0.5884821728163833
0.340606785445139
0.31989424184548604
0.5579611778189376
0.38510056034709117
0.6819635567493803
0.40683599984762614
0.6620394041151153
0.4394391590984288
0.6584168309088854
0.470489786956336
0.6729071237338053
0.4813575067066034
0.6837748433524953
0.4813575067066034
0.6901850998463319
0.470489786956336
0.679317380227642
0.4394391590984288
0.664827087402722
0.40683599984762614
0.668449660608952
0.38510056034709117
0.6883738132432169