0.04440263318950809
0.5294248198701341
0.07289350218013795
0.6227230772002899
0.11996537268639595
0.7002323986745729
0.17818584410203087
0.7705649311234594
0.24259998268954178
0.8236731699113942
0.3156852553176792
0.8796521243094875
0.3887705279458166
0.9212775006567877
0.46928820118020537
0.9528553723685327
0.5572382750208453
0.9700796660294845
0.6451883488614852
0.9815625284701189
0.7133186877521219
0.9313250052923427
0.7678229588646311
0.8667339040637736
0.8148948293708891
0.7935306560047284
0.8582504995740214
0.7145859767253661
0.8904575688677769
0.6270291506155278
0.9040836366459044
0.5251187464548962
0.9115160372521556
0.42177298448918543
0.05926743440201063
0.256706836905064
0.11005550521139426
0.17632679982062233
0.18685697814265728
0.11891248761744967
0.27232958511454686
0.08302854249046676
0.36523459269268765
0.09020533151586334
0.6897827524989929
0.1303953500580842
0.749241957349003
0.09164068932094266
0.8223272299771405
0.06867496443967361
0.8954125026052778
0.08589925810062538
0.9400069062427854
0.1404428546936394
0.1645597763239035
0.39593654399775774
0.2091541799614111
0.3012029288625229
0.30577538784267755
0.24665933226950887
0.3875317945114415
0.2638836259304606
0.4507071996645772
0.36722938789617143
0.46557200087707973
0.48062265449743746
0.42593253097707295
0.5854037742682275
0.33055005653018177
0.6169816459799725
0.24012251582079133
0.578226985242831
0.16703724319265395
0.5007176637685479
0.6897827524989929
0.4090799772882016
0.7306609558333748
0.38754961021201184
0.7802102932083833
0.37750210557645664
0.8272821637146412
0.38611425240693253
0.8632054333115223
0.4090799772882016
0.8632054333115223
0.4117254798536302
0.8272821637146412
0.38875975497236115
0.7802102932083833
0.38014760814188525
0.7306609558333748
0.39019511277744046
0.6897827524989929
0.4117254798536302
0.3466535911770595
0.4777519388872788
0.7782283197133829
0.3951879358370752
0.6761566847208654
0.5251187464548962
0.47672060178645664
0.7045384720898108
0.5188375385552139
0.655736306717114
0.5993552117896025
0.6298998662256864
0.6811116184583663
0.6198523615901311
0.6947376862364938
0.6887495362339383
0.6897827524989929
0.7763063623437766
0.6761566847208654
0.8624278306485357
0.614220013002105
0.9141007116313911
0.549805874414594
0.8638631884536149
0.5076889376458369
0.7877892247844113