0.056014710333764914
0.6040783891952243
0.13497328249395113
0.6663838242007278
0.2094625015129947
0.7343533896612771
0.28246193615165743
0.8051550203493493
0.36737964583336713
0.8759566510374214
0.46868498369926637
0.9283498577465948
0.5759494590866892
0.9694148035456768
0.6996015626583015
0.9807430644557683
0.8113353911868669
0.9722468687731997
0.8768859039236253
0.8971971402438431
0.9305181416173367
0.810819150804395
0.9692525355072394
0.7131129004548554
1.006497145016761
0.606910454422747
1.0362928326243785
0.5021240410044003
1.0586395983300916
0.38884143190348475
1.0541702451889492
0.27131072496128494
1.0258643419617126
0.18493273552183684
-0.006556233642231699
0.4511468669089883
0.04409643529071794
0.4001696928135763
0.11113673240785718
0.3619368122420173
0.19754422646994774
0.3421123556493571
0.2854415049124192
0.34777648610440287
0.4880521806442178
0.2075892573420199
0.57743924346707
0.12970746358514054
0.6802343657133502
0.06740202857963698
0.7889886254811538
0.023505017553032213
0.9141305134331471
0.02916914800807799
0.08730018232176323
0.510620236686969
0.12454479183128501
0.4511468669089883
0.19009530456804338
0.4072498558823835
0.27054366110861044
0.3987536601998149
0.3420533113668923
0.42565827986128235
0.37184899897450974
0.4865476822530244
0.36291029269222447
0.5700936064649496
0.29884956433584703
0.6012463239677014
0.2124420702737565
0.5955821935126556
0.13646306687433202
0.571509639078711
0.5729698903259274
0.2755588228025692
0.5923370872708787
0.19626099643192838
0.6727854438114459
0.1481158875640393
0.7711112129165834
0.12970746358514054
0.8649676288805783
0.14528382233651638
0.8873143945862914
0.2160854530245886
0.8590084913590549
0.3024634424640366
0.7964375473830583
0.3732650731521089
0.7025811314190633
0.3987536601998149
0.6251123436392579
0.3548566491732101
0.26607430796746784
0.5148683345282533
0.7249278971247765
0.2826389858713765
0.46421563055812376
0.6281509436291688
0.5970547378087514
0.7418863538565776
0.6095937563436237
0.723906032760909
0.6295816967804003
0.713186995184645
0.6529216520730341
0.7062714870709265
0.675020120382017
0.7040239469339679
0.6861935032348735
0.7182007385670911
0.6657089680046365
0.7280553376291402
0.6446036892825742
0.7386014875025612
0.6246157488457975
0.7503578512958831
0.6036346188221002
0.7532969422442134