0.3307604843382718
0.7831473785128008
0.37387354558949
0.82825049956696
0.42468536777842564
0.8800355644809943
0.47857669434244837
0.9268091715001221
0.541706534031732
0.9485254890447172
0.6217736477839944
0.9468550030797483
0.6987612571611695
0.9418435451848417
0.7665103534130838
0.9251386855351532
0.818861927789563
0.8817060504459631
0.8573557324781507
0.8182275837771468
0.8881507762290207
0.7530786311433616
0.9127868112297168
0.6795772486847321
0.934343341855326
0.6060758662261025
0.9374228462304129
0.5192105960477224
0.9389625984179565
0.4356862977992798
0.9281843331051518
0.35717345744574375
0.9143265634172604
0.2853425609520832
0.11211567370709406
0.6561904451751681
0.10441691276937655
0.5893710065764141
0.11519517808218106
0.5292335118375355
0.15214923058322521
0.4924828206082208
0.2075803093347914
0.4924828206082208
0.3446182540261633
0.26195575744251925
0.3707940412144029
0.17342000129917015
0.44470214621649123
0.12163493638513577
0.526309012156297
0.09323667498066529
0.6202338955964508
0.08655473112078992
0.25993188371127063
0.7246803697388912
0.22605733558531343
0.6561904451751681
0.2583921315237271
0.5927119785063518
0.3261412277756413
0.5760071188566633
0.389271067464925
0.5893710065764141
0.4431623940289477
0.6261216978057288
0.4754971899673613
0.6996230802643583
0.45394065934175226
0.7798064065828632
0.3908108196524685
0.7948407802675828
0.3199822190254673
0.7681130048280812
0.4847357030926223
0.4490501855190306
0.43084437652859964
0.3638554013056192
0.47395743777981775
0.26863770130239467
0.5648028168448846
0.22520506621320455
0.6618072046601254
0.23522798200301767
0.7172382834116916
0.28868353288202087
0.7357153096622138
0.3939241486750585
0.7218575399743221
0.5025057363980339
0.6464096827846904
0.5726661469267256
0.5617233124697976
0.5242220539426289
0.3707940412144029
0.7129869679841091
0.6109953824711898
0.42399289604449786
0.4816561987175353
0.7463966872834861
0.5740413299701457
0.8051581727499386
0.6017568693459286
0.7917942850301877
0.6217736477839944
0.766736995555655
0.6356314174718858
0.7366682481862157
0.6464096827846904
0.7116109587116829
0.6464096827846904
0.7163279399140469
0.6356314174718858
0.7413852293885796
0.6217736477839944
0.771453976758019
0.6017568693459286
0.7965112662325516
0.5740413299701457
0.8098751539523026