0.09406218448320759
0.33383504908211187
0.10309799098785943
0.442880807900863
0.1237512629984921
0.5467339115377687
0.1444045350091248
0.6471252450534445
0.1831294200290611
0.7388621532660447
0.2347626000556429
0.8115593258118787
0.29672241608754096
0.8773329581152524
0.3586822321194391
0.9344521651155506
0.4245145366533308
0.9811860617521584
0.503255136193868
0.9898404870552338
0.5781232472324114
0.9656080962066225
0.6465372107676324
0.9240668547518601
0.7059153677982013
0.870409417872792
0.7601302068261121
0.8132902108724938
0.7911101148420612
0.7215533026598937
0.8298349998619975
0.6367399346897539
0.8672690553812693
0.5588501069620745
0.09018969598121401
0.14343769241445117
0.15473117101444117
0.07593317505046233
0.24638006556162376
0.04304635889877546
0.3431922781114645
0.04650812902000567
0.4180603891500081
0.10535822108091897
0.6917162432908913
0.1538230027781417
0.7743293313334222
0.14689946253568134
0.8453249538699721
0.20748043965720972
0.8982489633972183
0.28363938232427405
0.933101359915161
0.36499098017318365
0.15989448901709938
0.2645996466575079
0.2360534295563074
0.20574955459659458
0.325120665102161
0.1970951292935191
0.39482545813804626
0.26113787653627774
0.4090245826453563
0.3684527502944138
0.39353462863738176
0.461920543567629
0.3406106191101354
0.5398103712953084
0.2618700195695983
0.5398103712953084
0.2115276690436811
0.4532661182645536
0.15989448901709938
0.35633655487010807
0.6142664732510187
0.39960868138548555
0.6568638467729486
0.300948232930425
0.7459310823188021
0.29402469268796466
0.8246716818593394
0.3615292100519534
0.8633965668792757
0.4671131987494743
0.8066000688500357
0.5744280725076104
0.7420585938168085
0.6644340956595954
0.667190482778265
0.726745957841739
0.6181389617530123
0.6263546243260633
0.6129756437503542
0.5000000149011612
0.2980132455882055
0.3822998307793346
0.7059153677982013
0.4844220493556253
0.4503311266666216
0.602122233477452
0.4361320021593117
0.7388621532660447
0.4503311266666216
0.726745957841739
0.47356605767858345
0.725015072781124
0.48905601168655793
0.7371312682054296
0.4955101591898807
0.7648254291752712
0.49421932968921617
0.7855960499026522
0.48002020518190613
0.8029049005088031
0.46065776267193803
0.7959813602663428
0.443876979163299
0.7855960499026522
0.4335503431579826
0.7648254291752712