0.13259224293580812
0.5942146783534266
0.1903973520573056
0.6656878769693786
0.24205298148502677
0.7469074208511423
0.29985809060652424
0.8167562285894591
0.3601229916055323
0.8801074728172347
0.4314569560533377
0.9255904173910224
0.5126300880111853
0.9580782349437279
0.5888836362140119
0.9873172707411628
0.6688268722331041
0.9824440981082572
0.7278618772933569
0.9255904173910224
0.7807474026598333
0.8443708735092588
0.8176442808224913
0.7534049843616835
0.8545411589851493
0.655941531703567
0.8717597021277231
0.543858561146733
0.8877483493315416
0.43177559058989917
0.8951277249640731
0.3131950565225242
0.890208141209052
0.2076096494762314
0.013292336876547326
0.38954142777138206
0.09077578101812905
0.3781706916279352
0.17563860079224244
0.38304386426084097
0.2605014205663558
0.3879170368937468
0.3416745525242033
0.3797950825055704
0.5224692555212275
0.21410721298677252
0.5753547808877039
0.15400475051426735
0.6331598900092014
0.09227789716412696
0.69588458288572
0.038672998202162905
0.7487701082521964
-0.008434337249260036
0.19777672768983726
0.5570098795983571
0.23959318960751627
0.5099025441469343
0.2924787149739927
0.4871610718600404
0.3490539281567349
0.4725415539613229
0.40070955758445614
0.48391229010476977
0.40070955758445614
0.48862927130713374
0.3490539281567349
0.4772585351636869
0.2924787149739927
0.49187805306240434
0.23959318960751627
0.5146195253492982
0.19777672768983726
0.5617268608007211
0.6011825956015645
0.29207797511326566
0.6294702021929356
0.2189803856196783
0.6909649991306989
0.17999500455643172
0.7561494838847279
0.14750718700372623
0.8201040727000017
0.15075596875899683
0.825023656455023
0.2433462487842074
0.8053453214349386
0.32619018354360635
0.7524597960684622
0.3797950825055704
0.6835856234981673
0.40253655479246425
0.6282403062541804
0.36517556460685296
0.2959224236025075
0.5044639585354668
0.7696783392110359
0.2547169849276543
0.51140019207243
0.6348244502943083
0.5716650930714381
0.7633075210580369
0.5925733240302776
0.7470636122816842
0.6134815549891172
0.7324440943829666
0.6380794737642225
0.7243221399947903
0.6577578087843067
0.7340684852606019
0.6577578087843067
0.7387854664629658
0.6380794737642225
0.7290391211971543
0.6134815549891172
0.7371610755853306
0.5925733240302776
0.7517805934840481
0.5716650930714381
0.7680245022604009