0.12674126465687688
0.3359258676330182
0.1181142316271795
0.4319266886727896
0.10603638538560331
0.5349093876063625
0.11293801180936117
0.6361466170664851
0.145720737322211
0.7286564991593558
0.1992083421063344
0.8089480949380737
0.2699500129498525
0.8787668738760892
0.3579457498527651
0.8944760991371428
0.4373144537259806
0.8944760991371428
0.5339372236585905
0.8927306296636923
0.6374616200149584
0.8700395265088373
0.7323589833416291
0.8403665454601806
0.8082768740029656
0.788002461256669
0.8686661052108469
0.7112018044248518
0.9221537099949703
0.6309102086461339
0.9618380619315778
0.5436367349736144
0.9825429412028516
0.45985420024799584
0.16987642980536344
0.20327018765078864
0.20956078174197112
0.18407002344283435
0.2561467601023368
0.17359720660213207
0.30618355167458117
0.17185173712868163
0.35104412342900726
0.18057908449593363
0.4769988056625882
0.14217875608002506
0.5580929161417431
0.13868781713312425
0.639187026620898
0.14916063397382662
0.7133795106762949
0.17185173712868163
0.7720433352782369
0.20327018765078864
0.19230671568257654
0.3754941204760149
0.20956078174197112
0.3318573836397552
0.2561467601023368
0.3144026889052513
0.30790895828052073
0.33011191416630475
0.33724087058149155
0.35978489521496143
0.33724087058149155
0.36559884868167486
0.30790895828052073
0.3359258676330182
0.2561467601023368
0.32021664237196473
0.20956078174197112
0.3376713371064686
0.19230671568257654
0.3813080739427283
0.5856994218367745
0.3196390973256025
0.6512648728624741
0.3039298720645489
0.7202811371000529
0.3231300362725032
0.7789449617019946
0.36327583416186215
0.813453093820784
0.4104035099450227
0.813453093820784
0.41621746341173615
0.7789449617019946
0.3690897876285756
0.7202811371000529
0.3289439897392166
0.6512648728624741
0.30974382553126234
0.5856994218367745
0.3254530507923159
0.2606328172777794
0.3452371772138142
0.7099286974644159
0.3469826466872646
0.3096343648864602
0.402253707624133
0.30618355167458117
0.582037063389523
0.3251630243399153
0.5471276739205153
0.3700235960943414
0.5384003265532634
0.4114333546368886
0.5576004907612178
0.43558904712004104
0.5960008191771261
0.4459414867556779
0.6483649033806378
0.4235112008784648
0.6797833539027449
0.36657278288246253
0.6867652317965464
0.32688843094585485
0.671056006535493
0.313085178098339
0.6239283307523324