0.0941952667044882
0.36420497439686556
0.1276590445430468
0.45344171529968835
0.15239314120632919
0.5504381728027565
0.18585691904488777
0.6396749137055794
0.2193206968834463
0.7230918671582182
0.27751857138528724
0.7909893874103658
0.34008128647476626
0.8530671202123294
0.4070088421518834
0.8996254198138024
0.48412102586682265
0.9132049238642319
0.5510485815439397
0.8841059866133114
0.6034266685955965
0.8259081121114703
0.6587146493723454
0.7657703084595682
0.7183674707367325
0.7075724339577271
0.7692906109258432
0.6319151971053338
0.7969346013142178
0.5349187396022657
0.812939016802224
0.43210249464901335
0.815848910527316
0.329286249695761
0.10292494787976435
0.15663255534029952
0.13347883199323088
0.09067496423821306
0.18876681276997978
0.05769616868716989
0.260059209034735
0.05381631038704713
0.30807245549875373
0.09261489338827444
0.5554134221315778
0.013077798235758484
0.6252508715337869
-0.010201351564977885
0.696543267798542
0.007258010785574392
0.7605609297505671
0.04799652293686303
0.8071192293520398
0.09649475168839715
0.13638872571832295
0.2691484460438587
0.1567579817939673
0.19931099664164947
0.2455097404092747
0.17991170514103588
0.3182570835365759
0.21871028814226318
0.3386263396122202
0.32152653309551554
0.3386263396122202
0.40300355739809285
0.31971203039912194
0.5058198023513453
0.260059209034735
0.5678975351533089
0.2091360688456241
0.4864205108507315
0.1713074504194275
0.3855441950475405
0.562688156444308
0.26138872944361313
0.562688156444308
0.15663255534029952
0.6499849681970693
0.1352933346896245
0.7343718862247387
0.17215198854079045
0.7751103983760274
0.27302830434398145
0.7692906109258432
0.3564452577966201
0.7343718862247387
0.4553816444497497
0.6674443305476216
0.5329788104522044
0.5845123593824982
0.5135795189515906
0.568507943894492
0.4010636282480315
0.2687888902100111
0.38166433674741784
0.629615712121425
0.38360426589747926
0.40118905470169924
0.5620777477031248
0.4070088421518834
0.6728376680553353
0.4361077794028039
0.6941768887060102
0.47102650410390834
0.6999966761561943
0.5030353350799209
0.6902970304058876
0.5146749099802891
0.66507795145509
0.5146749099802891
0.6726537092566227
0.5030353350799209
0.6978727882074204
0.47102650410390834
0.7075724339577271
0.4361077794028039
0.701752646507543
0.4070088421518834
0.680413425856868