0.06280353060506173
0.49461921266841374
0.08576158748705266
0.5681567413580274
0.11589403714466573
0.661423850915586
0.1460264868022788
0.7546909604731448
0.18189845068038962
0.8497516682914255
0.2507726213263624
0.9143212056774277
0.32682118474795724
0.9627483587169293
0.4100441409451744
0.9914459308884859
0.4975717328077648
0.9896523326277635
0.5764900533396086
0.9501931708918733
0.6467991025407057
0.8892108300273157
0.7156732731866785
0.8228476943805914
0.7816776867224025
0.7493101656909779
0.8261589219312598
0.6668046456977528
0.8419425860376286
0.5627759465758605
0.8433774645927529
0.4497792561503568
0.850551857368375
0.33857616398557533
-0.023289182702404213
0.24889625094946127
0.018322295396204325
0.19508830312779285
0.08145695182167934
0.1717715257384031
0.15033112246765212
0.16818432921695858
0.20772626467262936
0.19329470486707048
0.4573951332642806
0.10361479183095643
0.5535319964576176
0.07133002313795539
0.6597130095368257
0.07671081792012222
0.7515452370647894
0.1287251674810684
0.8275938004863841
0.19867549964923736
0.05275938071919068
0.39238411180724375
0.08145695182167934
0.3206401813783525
0.1589403937983987
0.2865618144246292
0.22781456444437148
0.31167219007474106
0.259381892657109
0.40493929963229974
0.27229579965322886
0.48565122136480243
0.259381892657109
0.5789183309223611
0.1962472362316339
0.629139082222585
0.13454745836128335
0.5645695448365828
0.0900662231524259
0.48565122136480243
0.48035319014627154
0.30987859181401883
0.4975717328077648
0.221992277038627
0.5922737174459773
0.20764349095284876
0.6812361878636921
0.2273730718207939
0.7544149941750382
0.2901490109460737
0.7429359657340427
0.37982892398218776
0.6970198519700609
0.47309603353974644
0.6324503169894614
0.5556015535329715
0.5506622393473688
0.534078374404304
0.5004414899180136
0.4354304700645785
0.19194260056626067
0.4677152387575796
0.5822295675601062
0.37265453093929873
0.32251654908258404
0.6345198770047518
0.3196467919723351
0.7349613796051996
0.3569536344055703
0.7582781569945892
0.40286974816955223
0.7672461482982006
0.448785861933534
0.7528973622124223
0.4717439188155249
0.7241997900408659
0.4717439188155249
0.7241997900408659
0.448785861933534
0.7528973622124223
0.40286974816955223
0.7672461482982006
0.3569536344055703
0.7582781569945892
0.3196467919723351
0.7349613796051996