0.08914695063946297
0.3766645301391331
0.1056117575296394
0.4643697399058285
0.12372304510883354
0.5575565252829423
0.1517132168221335
0.6434345431794981
0.19122875335855696
0.7128678342447987
0.24226965471810402
0.7786467415698202
0.29660351745568625
0.8425984570247024
0.3525838608822862
0.8974142131288868
0.4283219725770979
0.9193405155705607
0.5057065649609274
0.8937598293886079
0.5732122732106507
0.8535616082455392
0.6423644621493919
0.8170177708427494
0.7032842476430448
0.7676835903489833
0.7642040331366975
0.6982502992836829
0.8037195696731211
0.612372281387127
0.8300632606974034
0.5228398797502921
0.8465280675875798
0.4406162455940152
0.061156778926163
0.17019184881337113
0.13195544855392174
0.19029095938490553
0.19946115680364523
0.23231637239811367
0.2603809422972981
0.2871321285022983
0.30318944021175687
0.3346391171259249
0.474423431869592
0.29809527972313515
0.5797981959667212
0.28347774476201926
0.6917588828199212
0.28530493663215883
0.7954871662280328
0.30540404720369313
0.8843971234349857
0.3510838439571803
0.1500667361331158
0.3888388880920701
0.19452171473659227
0.3851845043517911
0.23403725127301572
0.399802039312907
0.270259826431404
0.4199011498844414
0.2998964788337216
0.44182745232611526
0.2998964788337216
0.44792501307457316
0.270259826431404
0.4259987106328993
0.23403725127301572
0.4058996000613649
0.19452171473659227
0.391282065100249
0.1500667361331158
0.39493644884052803
0.5419291401193155
0.3711829545287147
0.586384118722792
0.327330349645367
0.6588292690395683
0.32550315777522754
0.7263349772892917
0.3510838439571803
0.7872547627829446
0.39310925697038857
0.7707899558927682
0.44792501307457316
0.7181025738442035
0.5045679610488971
0.6522433462834977
0.526494263490571
0.586384118722792
0.5118767285294552
0.5518080242534213
0.4442706293342941
0.22975640148156992
0.41015958716769396
0.6423644621493919
0.43878905372387567
0.3262401698580039
0.5849644033350347
0.3653355699427472
0.719437226410463
0.37387455944716974
0.7184046505396633
0.3812326248711934
0.7227070500013288
0.38895405155072443
0.7295908891399939
0.39513119289434934
0.7390561679556584
0.3955853944637335
0.7502424065559892
0.38904489186460134
0.751619174383722
0.38086926361568607
0.7466283910081899
0.3737837191332929
0.7392282639341249
0.36769741810354495
0.7297629851184605