0.17893552222626363
0.6152577123400691
0.21061345149427818
0.6668415721347312
0.2387716108436245
0.7232614187851429
0.2722094250709732
0.7780692698169716
0.3144466640949926
0.8312651252302169
0.3672432128750169
0.8699530200762134
0.4270793014923776
0.9038049280664605
0.4904351600284067
0.9279848623452083
0.5608305584017724
0.9521647966239564
0.631225956775138
0.9360448404381245
0.6857823905144965
0.9005809368292943
0.7403388242538549
0.8570570551275479
0.7878557181558767
0.807085190951469
0.8318528421392303
0.7490533486824741
0.8688104262852473
0.6894095107948959
0.8969685856345935
0.6217056948144019
0.9128075502686007
0.5556138744524909
0.08038196450355173
0.48952205409058
0.15781690271425394
0.48629806285341365
0.23349195596562206
0.5088660015135784
0.30740712425765604
0.5411059138852422
0.3654833279156827
0.581405804349822
0.4481979210043874
0.5040300146578288
0.5397119388897627
0.45889413733749934
0.6329858417344723
0.4089222731614204
0.7297795144978501
0.37184637393400705
0.8424121518952351
0.37184637393400705
0.22293264620961717
0.6207280051640777
0.2634100002743025
0.6126680270711617
0.3038873543389877
0.6142800226897449
0.34436470840367295
0.6223400007826608
0.37604263767168755
0.6271759876384104
0.37604263767168755
0.6313776685259009
0.34436470840367295
0.6265416816701513
0.3038873543389877
0.6184817035772354
0.2634100002743025
0.6168697079586523
0.22293264620961717
0.6249296860515682
0.5502712486457676
0.5427179095038254
0.580189292954448
0.48952205409058
0.6523445762871478
0.47340209790474813
0.7297795144978501
0.46856611104899853
0.7896156031152108
0.46856611104899853
0.7860958331965426
0.5362699270294926
0.7473783640911914
0.5926897736799044
0.6910620453924989
0.6346016597630674
0.6171468771004649
0.6410496422374001
0.5713898681577774
0.5959137649170707
0.3021274693796535
0.6215392491129564
0.6699434258804892
0.5781818131126556
0.38660194742769244
0.7377693793523917
0.4953244036453153
0.8251020536094015
0.5019644293683202
0.8160748781453356
0.5150401723305454
0.8137656007010396
0.527707298325201
0.8156550095191
0.5376162597887624
0.823422579104459
0.543643360060413
0.8320298859422892
0.5333257816292821
0.8393775869014126
0.5222931235049046
0.8439961417900045
0.5096259975102492
0.8418967986588264
0.4997170360466878
0.8337093604472318