0.15321864397008025
0.4849516434870479
0.17010479244438484
0.57336068328544
0.19313135854570931
0.6636507664837978
0.22843875990107354
0.7388925024824294
0.27909720532398746
0.7990858912813347
0.3374311727806761
0.8517551064803768
0.3973002446441197
0.8912570178796583
0.4633097341345832
0.9269968424790084
0.5339245368453116
0.9495693632785979
0.6122148615898148
0.9420451896787347
0.6751541422667684
0.9138295386792479
0.7396285273504769
0.8705655404800348
0.7887518683666358
0.8160152818810267
0.8394103137895497
0.7482977194822584
0.8731826107381588
0.6674128532837295
0.8946740724327285
0.5790038134853374
0.9192357429408078
0.49247581708691096
0.07339321481882208
0.18774678629245314
0.14247291312279553
0.153888005093069
0.2391844907483583
0.1614121786929321
0.3174748154928615
0.20655722029211104
0.38348430498332503
0.2629885222910847
0.6614218405305189
0.19919745116647872
0.7387764659941737
0.1740499719782868
0.8192884231094063
0.15470575721813926
0.9013790460504278
0.15083691426610973
0.9739976740367161
0.18178765788234588
0.16396437481736506
0.38525634328886105
0.20541219379974907
0.29308521669053733
0.3005886670185569
0.25170226189129
0.3865545137968349
0.29308521669053733
0.4233970195589541
0.3984236470886215
0.4218619151521992
0.5075241642866374
0.4003704534576296
0.6128625946847216
0.3113343978658417
0.6598886796838663
0.2391844907483583
0.6053384210848584
0.19159625413895437
0.49623790388684264
0.6413818453181592
0.3908994734887584
0.6659435158262386
0.2817989562907426
0.7503742581977616
0.23477287129159788
0.8394103137895497
0.27239373929091365
0.8885336548057086
0.36456486588923737
0.8793230283651788
0.45861703588752684
0.828664582942265
0.5658365096855769
0.7580497802315365
0.6316730286843795
0.6720839334532586
0.6109815512847557
0.6521275761654439
0.5037620774867058
0.32668544193339133
0.5112862510865689
0.7371978001683849
0.48936067256869303
0.4909259313453205
0.6015571181775493
0.46945015176160315
0.7238441552827031
0.4909416134561726
0.6730559834836268
0.5692319382006759
0.6580076362839005
0.6260308012506096
0.6843422438834215
0.6567328893857088
0.7595839798820531
0.6567328893857088
0.8291825856807874
0.6337063232843844
0.9025432782794531
0.5738372514209407
0.938283102878803
0.5247139104047818
0.9006622348794873
0.4878714046426627
0.8197773686809584