0.08721089232649558
0.3206224072086081
0.11758780200774364
0.4209638823513005
0.15110715062153462
0.521305357493993
0.1846264992353256
0.6257704549028235
0.23909544073273595
0.7178646855132399
0.2998492600952321
0.7989625900806214
0.36898291661117594
0.8731877908711063
0.4444014509922056
0.9336675841077976
0.5240099039499593
0.9762783475245576
0.6140931533495224
0.9597838584600054
0.6905591673747331
0.9006786059786932
0.7523604663814102
0.8195807014113117
0.8120668060997254
0.726111930045516
0.861298349376231
0.6243959141474442
0.891675259057479
0.5130581129617169
0.9157672908736413
0.4058439340421277
0.9419542819781653
0.3000042958779178
0.09873316841248622
0.08695047879411874
0.18148406030278272
0.09932134559253288
0.2610925132605363
0.11444129390170572
0.3375585272857469
0.14330664976467206
0.4077396634458718
0.17904470940453512
0.595238519754265
0.13780848674315466
0.6758944523561995
0.10344496785867094
0.7596928238906769
0.07320507124032527
0.8455861547135164
0.044339715377358944
0.9314794855363557
0.04296517462197958
0.13748991524718202
0.2230300135766743
0.20243365318640205
0.1886664946921906
0.27785218756743174
0.17492108713839705
0.35641316088100433
0.19966282073522534
0.40354974486914785
0.2546444509503993
0.39831234664824305
0.34261505929467767
0.3626980387460902
0.42783658612819725
0.28518454507669855
0.434709289905094
0.22128828678165946
0.3852258227114374
0.16577186564006816
0.31649878494246997
0.6203780312146083
0.23127725810895042
0.6706570541352948
0.16529930185074165
0.7492180274488673
0.15430297580770683
0.8277790007624399
0.16255022033998295
0.8979601369225647
0.18316833167067317
0.8686307068854977
0.28213526605798633
0.8235890821857161
0.36735679289150597
0.7575978646023152
0.41271663781902446
0.6832268098654664
0.3893494449775755
0.6308528276564179
0.3178733256978494
0.2998492600952321
0.3137497034317113
0.7575978646023152
0.29313159210102113
0.497822912845435
0.5268035205155104
0.4684934828083679
0.684140543600335
0.5103926685756066
0.6827660028449558
0.5522918543428453
0.6827660028449558
0.592096080821722
0.6772678398234383
0.629805348012237
0.6703951360465416
0.629805348012237
0.6725048405857214
0.592096080821722
0.6793775443626181
0.5522918543428453
0.6848757073841356
0.5103926685756066
0.6848757073841356
0.4684934828083679
0.6862502481395149