0.11489273947365501
0.6598864963420032
0.16574919326580387
0.7295806018099041
0.21297304321565644
0.7979081561901992
0.2553534213757805
0.8648691594828883
0.31468595079995415
0.9140649986367008
0.38854889559331324
0.9468622247392423
0.4720987839661292
0.9646273888781192
0.5556486723389452
0.9714601443161486
0.6307224850797365
0.9400294693012128
0.6840006747667495
0.8853674257969769
0.7372788644537626
0.8156733203290759
0.7845027144036152
0.7418795615983572
0.8232504887214428
0.6639861496048209
0.8511004515123816
0.5765268799980432
0.8511004515123816
0.47813520169041845
0.8438352438277889
0.3811100744703995
0.8220396207740108
0.2977504581264395
-0.0001397155323960094
0.4357721179746355
0.02771024725854267
0.3811100744703995
0.07130149336609885
0.3401135418422224
0.12457968305311194
0.3182487244405281
0.18149047658242137
0.30868286682728674
0.3812836879087205
0.17886051350472618
0.4357727455431658
0.09960055042358394
0.5169008980211175
0.057237466707800985
0.6101377299733904
0.03947230256892429
0.6985310901359348
0.05997056888301279
0.08098843694555578
0.5300641430194426
0.10399492794676597
0.4494376288506945
0.16332745737093968
0.4043414429596998
0.2480882136911878
0.41800695383575875
0.3062098751679293
0.4576369353763299
0.3401141776960286
0.5286975919318367
0.33648157385373223
0.6202565148014321
0.27714904442955857
0.6762851093932739
0.19844262784647104
0.6598864963420032
0.12579055100054407
0.6079575550129789
0.4503031609123511
0.3401135418422224
0.45999010449180805
0.24445496570980937
0.5302204454428708
0.18296016676754387
0.6343550889220327
0.18022706459233206
0.7179049772948487
0.2184904950452973
0.7457549400857875
0.3155156222653162
0.731224524716602
0.4262062603613942
0.6609941837655393
0.4959003658292951
0.5689682197606986
0.5027331212673247
0.49873787880963577
0.44123832232505905
0.24324474190145934
0.579259982173255
0.6113485979208226
0.3824766255580054
0.3667532725395351
0.6393882300279148
0.4248749340162767
0.7678440322628693
0.42124233017398033
0.7131819887586333
0.4793639916507219
0.6831178648313035
0.5399073890223277
0.6585199452543973
0.5629138800235379
0.7118154376710275
0.5713899556555627
0.7514454192115986
0.5750225594978591
0.8225060757671054
0.5701790877081306
0.8922001812350063
0.5169008980211175
0.8799012214465532
0.47573138780842555
0.8348050355555585