-0.07997408729441316
0.18495742288967043
-0.0906277010834079
0.31664188205579064
-0.07464728039991579
0.44665944933373214
-0.058666859716423686
0.5783439084998523
-0.04268643903293158
0.7083614757777938
0.02656205059553418
0.8133756647330542
0.13487379078364725
0.8950533672538125
0.2502879401644235
0.9517276914518894
0.3745801010360288
0.9917330967681791
0.5024234665039655
1.031738502084469
0.6196132181829075
1.0067351237617879
0.7101689353893628
0.9167229618001359
0.7882954365086575
0.8183763403975904
0.8557683238389575
0.7183628271068663
0.9001583812931022
0.6083479624870696
0.9090363927839311
0.4799972870973068
0.935670427256418
0.3849844494711188
0.1650590298524657
0.006599990854545558
0.28224878153140776
0.021602017848154163
0.3958873286140182
0.05994053127626512
0.5024234665039655
0.11328107169798472
0.5894279791140892
0.17995674722513422
0.784744231912326
0.2116276931005302
0.8255830847701391
0.19162499044238535
0.8717487445224495
0.17828985533695543
0.9214656088710917
0.1699553958960618
0.9623044617289048
0.1699553958960618
0.2147758942011078
0.22829661198231757
0.2911267930222367
0.21496147687688763
0.3692532941415314
0.22996350387049627
0.44560419296266035
0.25163309841681986
0.5059746711002971
0.2966391793976458
0.4953210573113024
0.32831012527304176
0.4189701584901735
0.3499797198193653
0.34794606656354193
0.3349776928257567
0.2751463723387446
0.2999729631740033
0.2094490873066104
0.2649682335222498
0.7137201399856944
0.3033067469503607
0.751007788247176
0.3066405307267182
0.8042758571921497
0.31664188205579064
0.8539927215407918
0.3366445847139355
0.901933983591268
0.36331485492479526
0.8877291652059417
0.3999864764647274
0.8397879031554654
0.41665539534651486
0.784744231912326
0.41165471968197864
0.7350273675636838
0.38831823324747633
0.7030665261966996
0.3499797198193653
0.38523371482502355
0.2749695848513222
0.7900710388068234
0.35998107114843775
0.7225981514765234
0.5800108003880311
0.246736735568092
0.8000405296276244
0.33196564588004984
0.808374989068518
0.422521363086505
0.8200432322857693
0.5113014779947944
0.8333783673911991
0.6036327974994155
0.8450466106084503
0.5929791837104207
0.8950533672538125
0.5059746711002971
0.8833851240365612
0.4136433515956761
0.8700499889311314
0.3213120320910551
0.8633824213784164
0.24851233786625776
0.8317114755030203