0.12719675869481142
0.5039637788070976
0.14786292950513855
0.5800677775801767
0.16680691941460501
0.6561717763532557
0.1995283565309562
0.7259337752285782
0.25291596445763453
0.7798407743595092
0.309747934186034
0.8353332734648794
0.36657990391443357
0.8924112725446887
0.43202277814713597
0.9431472717267413
0.5164096422893049
0.9352197718545456
0.5990743255306132
0.9035097723657626
0.6817390087719215
0.8686287729281015
0.755792787508927
0.830576773541562
0.8177912999399083
0.7830117743083875
0.8694567269657258
0.7164207753819433
0.9021781640820772
0.6387312766344251
0.9228443348924044
0.5594562779124679
0.9297330584958466
0.47542477926719295
0.06347606536296962
0.33272978156766975
0.10653058788448433
0.34224278141430464
0.1564738340094415
0.3485847813120613
0.20297271833267744
0.35809778115869617
0.24430505995333157
0.37236728092864846
0.3614133612118517
0.3359007815165481
0.4354671399488571
0.2994342821044477
0.5164096422893049
0.27089528256454304
0.5990743255306132
0.24394178299907757
0.6782946469702004
0.22015928338249036
0.12719675869481142
0.45639877957392333
0.16164037671202322
0.44212927980397093
0.2115836228369804
0.44371477977841006
0.2546381453584951
0.4453002797528492
0.28908176337570696
0.47542477926719295
0.2908039442765675
0.5198187785514892
0.27358213526796166
0.561041777886907
0.2288054318455863
0.561041777886907
0.1874730902249321
0.5340882783214415
0.15475165310858088
0.4976217789093411
0.4509667680566024
0.43261627995733604
0.5112430995867231
0.41359028026406625
0.5766859738194255
0.40883378034074885
0.6455732098538491
0.410419280315188
0.7092939031856911
0.4056627803918706
0.6989608177805274
0.4595697795228016
0.6472953907547098
0.4960362789349019
0.5870190592245891
0.5166477786026108
0.5215761849918866
0.507134778755976
0.4699107579660689
0.4738392792927538
0.24430505995333157
0.49920727888378025
0.5560198030090985
0.44212927980397093
0.30802575328517345
0.6450732765321817
0.45630552884927034
0.7953049299241558
0.47404993068296497
0.7844497859131119
0.4977091331278911
0.7858656742623785
0.519561035386052
0.7905853020932672
0.5394413374404693
0.7988446507973223
0.5445346379668075
0.811823627332266
0.5231756357595825
0.8153633482054324
0.5006665334335069
0.8160712923800658
0.47799313109045266
0.8148913854223436
0.4586057290869714
0.8045082041943886