0.030380596565325782
0.3488210276208995
0.03941485707655498
0.4590731013088437
0.06109708230350499
0.5709956609617567
0.10084782855291335
0.6745657907898255
0.14963283531355095
0.771453976758019
0.2309411799146135
0.8516373030765237
0.31947693292465945
0.9184567416752778
0.41343324224144296
0.9769237504491877
0.5146169599672096
1.0170154136084402
0.6031527129772556
0.9652303486944057
0.6844610575783182
0.905092853955527
0.763962550077135
0.8366029293918041
0.83985033837146
0.7580900890382681
0.8832147888253601
0.6645428750000124
0.9139312745635393
0.557631773242006
0.9319997955859975
0.44403872762412405
0.9392272039949808
0.3387981118310864
0.08277930753045504
0.2235345802482357
0.17131506054050094
0.2068297205985472
0.2562371093460552
0.23188701007307994
0.3411591581516094
0.27699013112723897
0.41343324224144296
0.32042276621642907
0.6302554945109431
0.2970359627068651
0.6880747617828098
0.2586147855125816
0.7549282895659057
0.2302165241081111
0.8272023736557391
0.2101706925284849
0.8958627535410809
0.20181826270364064
0.14421227900681344
0.3254342241113356
0.19480413786969683
0.298706448671834
0.2562371093460552
0.2970359627068651
0.31586322872016775
0.30705887849667823
0.3664550875830511
0.3271047100763045
0.3664550875830511
0.35884394341071263
0.31586322872016775
0.38390123288524536
0.2544302572438094
0.3905831767451209
0.19480413786969683
0.38390123288524536
0.1405985748023217
0.3605144293756815
0.6616232855297092
0.31862199877280567
0.7132166117697754
0.29781872014672667
0.7692142463474083
0.2897521427202879
0.8242681005669911
0.2914503695469066
0.8724008988275408
0.31904655547946037
0.8733446791855907
0.3602285560249638
0.8236389136616244
0.38400373159762546
0.767012092178625
0.38740018525086295
0.7106998641483088
0.38400373159762546
0.6587919444555592
0.36107766943827313
0.2706919261640218
0.35216199955083727
0.7368597685434473
0.34548005569096185
0.4839004742290305
0.6060758662261025
0.41099399190341096
0.8609065577565599
0.4575609319454295
0.8466588664158081
0.5082182113154633
0.848558558594575
0.5591901321722673
0.8472920971420638
0.6101620530290714
0.8476087125051915
0.6107913360026122
0.8748376337341839
0.5604486981193488
0.874521018371056
0.510420701722856
0.881486556359868
0.45944878086605195
0.8837028639017627
0.407847577035707
0.8805367102704845