0.019929025197458723
0.5287056809045992
0.03542865330520405
0.6127223542814273
0.06642790952069466
0.6883373603205726
0.10776025114134882
0.7569509769116489
0.1645922208697483
0.81996348194427
0.24209036140847484
0.868973208080753
0.321310682848062
0.912381822658781
0.4074197278910916
0.9501893256783536
0.5004174965375635
0.975394327691402
0.5899709033823142
0.9445882141198984
0.6726355866236226
0.8983790437626429
0.7432450035589068
0.8493693176261599
0.8138544204941909
0.7975590357104492
0.8724085711234509
0.7373470864570556
0.9171852745458263
0.6673331919763656
0.9430179880587352
0.5875173522683788
0.9602397970673412
0.5049009567811645
0.0612613668181129
0.3410684436963497
0.15081477366286358
0.3452692773651911
0.23175727600331134
0.3690740014886257
0.309255416542038
0.3970795592809018
0.3781426525764615
0.43068622863163303
0.5451941999599388
0.4138828939562674
0.6192479786969441
0.3662734457093981
0.6933017574339496
0.32286483113137027
0.775966440675258
0.28225677233257
0.8655198475200087
0.2612526039883629
0.07676099492585821
0.4740948432096609
0.13187078375339711
0.44888984119661246
0.2024802006886813
0.4810962326577299
0.28342270302912903
0.5035006788915507
0.34542121546011034
0.5357070703526682
0.3540321199644133
0.5973192974956755
0.2954779693351532
0.6267251331775653
0.21109110519298427
0.6169231879502687
0.13187078375339711
0.5875173522683788
0.08192753762843996
0.5427084598007372
0.5865265415805929
0.5287056809045992
0.6450806922098531
0.47829567687850233
0.7208566518477191
0.44748956330699863
0.8035213350890273
0.4194840055147226
0.8827416565286146
0.4250851170731778
0.8655198475200087
0.4936987336642541
0.805243515989888
0.5469092934695786
0.7329119181537431
0.5917181859372203
0.6502472349124349
0.6113220763918135
0.5848043606797324
0.5791156849306961
0.2851448839299896
0.5693137397033994
0.7070792046408343
0.5315062366838268
0.5176393055461693
0.7933582020416077
0.4315302605031398
0.8624359258877644
0.4780291448263758
0.858235092218923
0.5245280291496117
0.8554345364396955
0.5727490943737084
0.8568348143293092
0.6192479786969441
0.8568348143293092
0.6192479786969441
0.8591712628534565
0.5727490943737084
0.8591712628534565
0.5245280291496117
0.8577709849638427
0.4780291448263758
0.8605715407430703
0.4315302605031398
0.8647723744119117