0.027990920087544592
0.16803363708369054
0.0012031782357176534
0.2947713372817688
-0.034513810900051595
0.418628635202618
-0.07023080003582086
0.5396055308462382
-0.05058645601114776
0.6605824264898583
0.015489973890025347
0.7585161039156461
0.10656829618623692
0.8362869654008304
0.21729096250712163
0.9039764189157132
0.34051457502552557
0.9543834587672215
0.4744532842846602
0.9961492917870428
0.6191070902845256
0.9932688895098137
0.7012561652967949
0.901096016638484
0.7780476919386988
0.8046025403513108
0.8494816702102372
0.7009080583710651
0.9173439495681989
0.6029743809452773
0.9334165946792952
0.47623668074719905
0.9744911321854297
0.37830300332141126
0.33694287611194856
0.045616540301455843
0.4405221446056794
0.061458752826215636
0.5387438647290449
0.10178438470742235
0.6226787891981026
0.15795222911338885
0.6762542729017564
0.23140248718272968
0.8048354337905258
0.25876630881640567
0.8459099712966603
0.2328426883213442
0.9030571539138913
0.22276128035104253
0.9619901859879104
0.2170004757965844
1.010208121321199
0.22996228604411517
0.31729853208727543
0.21267987238074085
0.38694666090202556
0.18963665416290842
0.458380639173564
0.19683765985598103
0.5262429185315256
0.21412007351935536
0.5905334989759103
0.24868490084610398
0.5673174560376602
0.281809527034238
0.49588347776612174
0.29909194069761236
0.4208778005810063
0.3005321418362269
0.3548013706798332
0.281809527034238
0.29408248914902546
0.24868490084610398
0.8084071327041027
0.3149341532223721
0.8387665734695066
0.2947713372817688
0.8851986593460066
0.2947713372817688
0.9244873473953528
0.3077331475292995
0.9459175408768143
0.3350969691629755
0.9316307452225066
0.3624607907966515
0.8994854550003142
0.38118340559864033
0.8548392185806027
0.3898246124303275
0.8155505305312565
0.3768628021827967
0.7994778854201604
0.3451783771332772
0.3976617576427563
0.2501251019847185
0.8351948745559297
0.3480587794105062
0.8066212832473142
0.5324045251531655
0.411948553297064
0.7095492652027522
0.458380639173564
0.6519412196581712
0.5691033054944488
0.6519412196581712
0.6548240794202949
0.67066383446016
0.6798259718153334
0.7181904720344394
0.6494665310499295
0.7974015346582383
0.6030344451734295
0.8578899824800483
0.508384423963641
0.8478085745097467
0.4155202522106409
0.8276457585691434
0.38337496198844867
0.7671573107473332