-0.032291608301318234
0.27172386922583674
-0.03893236842656108
0.3995585108040184
-0.043912938520493223
0.5273931523822001
-0.04225274848918252
0.6552277939603818
0.015853902606692415
0.7526256161151869
0.10384397426616017
0.8302395056447972
0.208435946238735
0.8895913035203816
0.318008488305242
0.9322028507131088
0.4325616004656811
0.9732925569346672
0.560396232876606
0.9961201715021997
0.6666483948804915
0.9413338965401218
0.7546384665399593
0.8743728938086932
0.8359877780741841
0.8028463681637582
0.9073759494205447
0.7206669557206415
0.9638224104851091
0.6202254516234987
0.9787641207669052
0.4969563329588236
1.0003465911739444
0.3797745781788237
0.24496012692757066
0.0008361763577850655
0.3844160895576704
-0.0006856646133837569
0.5155711020312167
0.014532745098304546
0.6284640241603451
0.07084086103155121
0.6965318154440843
0.16062947833051217
0.8077645475419021
0.20476286649440822
0.8542498684186018
0.18497893386921346
0.9007351892953018
0.15910763735934333
0.9505408902346232
0.14236738667648624
0.9953660210800125
0.15454211444583688
0.2001349960821814
0.242808890773629
0.31136772817999914
0.18497893386921346
0.4292412204030597
0.1758478880422005
0.5471147126261202
0.23063416300427836
0.611862123847238
0.34477223584194056
0.5852990833462667
0.43912637605440796
0.5172312920625275
0.5304368343245377
0.39437722974553474
0.4969563329588236
0.2731833574598528
0.42847348925622625
0.18851366586300647
0.34172855389960294
0.7911626472287949
0.33411934904375884
0.8243664478550091
0.2686801872834991
0.9040555693579232
0.242808890773629
0.9737835506729733
0.28389859699518744
0.9820845008295267
0.3615124865247977
0.9771039307355947
0.43608269411207035
0.9538612702972445
0.5076092197570053
0.8725119587630198
0.5182621065551871
0.8011237874166591
0.4756505593624599
0.7828616970722414
0.4026021927463561
0.45746445093534177
0.33411934904375884
0.8675313886690877
0.3615124865247977
0.8310072079802521
0.5486989259785637
0.4425227406535454
0.7739313897115505
0.49232844159286676
0.7556692980575245
0.5504350926887417
0.7541474570863557
0.6135223138785487
0.7556692980575245
0.6600076347552487
0.7739313897115505
0.6467261145047629
0.8119774139907712
0.6019009836593737
0.8393705514718102
0.5421341425321882
0.8408923924429791
0.485687681467624
0.8363268695294725
0.4342217904969918
0.8195866188466154