0.12739759401745157
0.512604143936187
0.16019949025657462
0.599432694260031
0.19300138649569773
0.6834603236056864
0.250887085741209
0.752082887571305
0.32420897145219
0.8081013071350753
0.397530857163171
0.8585178847424686
0.4843594060314379
0.9089344623498617
0.5750470015160724
0.9607515004463493
0.6908184000070949
0.9523487375117838
0.7815059954917292
0.9117353833280505
0.8644754977436288
0.859918345231563
0.9435859533791608
0.8067008466459811
1.0188373623983256
0.7478815061040223
1.0670754451029183
0.6694557187147439
1.0940887714174903
0.5784257869236171
1.096018294725674
0.4831944736652076
1.0670754451029183
0.40056730480864644
0.03285095191644978
0.34174796426668763
0.10038426770287966
0.3487502667121589
0.16405853687294206
0.36415533209219575
0.2238737594266371
0.38096085796132684
0.2547461323575764
0.39636592334136367
0.4901479759559891
0.3543521086685359
0.5750470015160724
0.3319447408430278
0.6560869804597882
0.30953737301751966
0.7409860060198713
0.2927318471483886
0.8200964616554034
0.29133138665929437
0.12546807070926783
0.46218756632879376
0.1679175834893095
0.4607871058396995
0.22773280604300447
0.47199078975245357
0.29526612182943435
0.4775926317088306
0.3319270646849248
0.5056018414907157
0.33964515791765965
0.5378124327398837
0.31456135491127146
0.5742244054563342
0.250887085741209
0.5798262474127114
0.20071947972843254
0.5532174981199205
0.16405853687294206
0.5182059858925641
0.5268089188114795
0.4537848033942282
0.5866241413651746
0.42017375165596604
0.6753822135416252
0.4131714492104947
0.7641402857180758
0.4075696072541178
0.8451802646617916
0.40056730480864644
0.8413212180454243
0.45798618486151094
0.7776469488753618
0.4957986180670559
0.7062545864725646
0.5336110512726009
0.617496514296114
0.5336110512726009
0.5557517684342352
0.4957986180670559
0.2798299353639646
0.5294096698053181
0.6734526902334415
0.47479171073064214
0.38016514738951757
0.6988653889857233
0.49400702257235646
0.8502278707455844
0.5248793955032959
0.8516283312346786
0.5827650947488072
0.8516283312346786
0.6406507939943185
0.8516283312346786
0.6908184000070949
0.8614315546583383
0.6908184000070949
0.8641197266988455
0.6406507939943185
0.8543165032751858
0.5827650947488072
0.8543165032751858
0.5248793955032959
0.8543165032751858
0.49400702257235646
0.8529160427860916