0.06971703572137071
0.35614888983414766
0.10450197006709398
0.46803309640869767
0.14902668602961974
0.581370344627073
0.17268044138471156
0.6947075928454483
0.24364170744998698
0.7833431331187931
0.3299083446273806
0.8603543402415352
0.4273061607954058
0.9271942558575003
0.523312579589602
0.9867689632543385
0.6304501773744295
1.0289071709252728
0.7501103515237175
1.0172828377746703
0.8363769887011113
0.9373655473642776
0.9296006127476496
0.85890129859771
0.997779084065267
0.7557353418861119
1.038129607906306
0.6409450520239113
1.0715231448782003
0.5159834706549333
1.0826543238688318
0.3895688476421301
1.0659575553828846
0.2718724744922788
0.10311057269326504
0.14545785147947551
0.19076860724448763
0.15853522627390348
0.2603384759359342
0.2195629753145671
0.33686533149652526
0.28204376599905606
0.3897384317020246
0.33725934846441835
0.5650545008044698
0.2137508087392658
0.6137534088884824
0.120756143534445
0.6888888670752445
0.04665101969935348
0.7737641068788094
-0.023094979204262126
0.8628135388038609
-0.07249839509432317
0.13511271229133046
0.36922626462857555
0.15598367289876436
0.2893089742181827
0.23946751532850022
0.2834968076428814
0.3215599603844071
0.32418197366999046
0.39391262382351144
0.3808505977791781
0.41339218705711644
0.45786180490192036
0.38278144483287996
0.5435912618876145
0.29373201290782847
0.5537625533943918
0.21024817047809263
0.5174365122987586
0.15737507027259331
0.44914355503896836
0.6290587800006007
0.30383939065643595
0.6680179064678107
0.20648560052013917
0.7626329278881779
0.14109872654799957
0.8725533204206634
0.15417610134242749
0.9713425339625174
0.21084472545161517
0.9936048919437803
0.2922150575058334
0.9268178179999917
0.3837566810668288
0.8294200018319665
0.4476905133951431
0.7194996092994811
0.4723922213401736
0.640189958991232
0.4055523057242087
0.2881664234125128
0.40845838901185927
0.7654157226358358
0.28204376599905606
0.43704594241220823
0.5959007610653263
0.49826742686068115
0.8094978827076489
0.5664458981782987
0.7746248832558412
0.6513211379818634
0.7630005501052385
0.7320221856639414
0.751376216954636
0.7988092596077301
0.796420507913221
0.8224630149628219
0.8603543402415352
0.7695899147573225
0.9155699227068977
0.6874974697014158
0.9344594640766268
0.6054050246455088
0.9315533807889762
0.5400093480755491
0.8865090898303912