0.030846681190014012
0.41062900832474697
0.04724219146477445
0.5141991381528158
0.07511455893186719
0.6160987820159157
0.11118468153634015
0.7196689118439845
0.16692941647052564
0.8065341820223648
0.23906966167947152
0.8783650785160254
0.3194076620257976
0.9451845171147795
0.39810611134464774
1.005322011853658
0.48664186682835403
1.0554365908027237
0.5866544795043926
1.0337202732581285
0.6637133777957668
0.9685713206243433
0.7374931740321887
0.8967404241306828
0.8014356641037544
0.814886611847209
0.8539012969829878
0.7296918276337976
0.8965296236973649
0.6328036416656043
0.9260415421919337
0.5242220539426289
0.9440766034941701
0.41229949428971585
0.07839366098681927
0.19680680480873408
0.1472548041408131
0.20181826270364064
0.2161159472948069
0.22854603814314225
0.2767793353114205
0.26863770130239467
0.3374427233280341
0.3037179065667406
0.6161663979989614
0.26863770130239467
0.6784693370430511
0.21184117849345377
0.7588073373893772
0.17509048726413903
0.8375057867082274
0.13499882410488656
0.9047273788347451
0.15170368375457513
0.08495186509672346
0.36218491534065034
0.14233615105838496
0.36886685920052575
0.2111972942123788
0.37387831709543223
0.2751397842839445
0.388912690780152
0.334163621273082
0.4056175504298405
0.3276054171631778
0.45573212937890606
0.2816979883938487
0.49916476446809616
0.2161159472948069
0.49916476446809616
0.16037121236062143
0.4624140732387814
0.106266028453912
0.42566338200946674
0.6014104387516771
0.3788897749903389
0.6587947247133386
0.35216199955083727
0.7276558678673324
0.34715054165593073
0.7981565620488023
0.34715054165593073
0.862099052120368
0.35216199955083727
0.8506221949280356
0.41396998025468473
0.7997961130762783
0.45740261534387483
0.7309349699222846
0.47076650306362566
0.6637133777957668
0.47076650306362566
0.6112477449165334
0.4323453258693421
0.2521860698992799
0.434015811834311
0.6965043983452875
0.400606092534934
0.4292575808666926
0.7213393978089534
0.3697475321935449
0.9210459949209795
0.4384899492386525
0.9223746139907919
0.5086570795903944
0.922706768758245
0.5802489232487709
0.919717375851167
0.646854270333927
0.9250318521304167
0.6447172003739754
0.9532650073639309
0.5798927449221123
0.9549257812011965
0.5072323662837601
0.9572508645733683
0.4370652359320182
0.95957594794554
0.3683228188869105
0.9489469953870405