0.04424085440040146
0.37871049868025397
0.07211322326923507
0.4913923718145163
0.10326469435793152
0.6009441929172713
0.14917212543601047
0.6964107798782435
0.23278923204251134
0.777792132697433
0.3246040941986692
0.8497833294221004
0.4229771607945527
0.9280346302097827
0.5197106762805047
1.0031558789659576
0.6361188050856336
1.0047209049817114
0.7394105250113111
0.9609001765406092
0.8115507738482923
0.8795188237214198
0.8705746138058225
0.7840522367604476
0.9246798004335584
0.6807605197207071
0.9623894759619801
0.5665136205706911
0.9689476804017056
0.43974651329464604
0.965668578181843
0.31297940601860086
0.9591103737421174
0.18934235077406306
0.05571771216992116
0.20029753288433857
0.12129975656717681
0.16743198655351205
0.20655641428360913
0.18464727272680212
0.2868944186702473
0.21751281905762865
0.3606742186171599
0.2519433914042088
0.5557808006989953
0.18308224671104847
0.6164441917664568
0.1298713621754246
0.6787471339438497
0.08605063373432262
0.7541664850006936
0.04849000935623515
0.8394231427171259
0.02657964513568414
0.10326469435793152
0.3583651604754566
0.1540907787658046
0.32236956211312273
0.21475416983326606
0.29889417187681805
0.2770571120106589
0.28637396375078894
0.3311622986383948
0.2848089377350353
0.3393600541880518
0.3458449523494274
0.31148768531921817
0.3990558368850513
0.2508242942517567
0.4194011750898487
0.18524224985450105
0.4147060970425877
0.12129975656717681
0.4053159409480658
0.5951300273373487
0.23316307921516508
0.642677009525359
0.19247240280557035
0.7049799517027519
0.17056203858501934
0.7722015472099389
0.1580418304589902
0.8377835916071945
0.1611718824904975
0.8459813471568516
0.20499261093159948
0.7967948138589098
0.2456832873411942
0.7361314227914484
0.2785488336720207
0.6689098272842613
0.29576411984531076
0.6082464362167999
0.2769838076562671
0.2623011520212764
0.33958484828641283
0.7049799517027519
0.21751281905762865
0.43281446745414104
0.52738797017685
0.4444797793742276
0.8415851408163215
0.5110700534770158
0.8168286130043301
0.5881195329362627
0.7989127047193364
0.6634258115027667
0.7897918786833397
0.738383449890722
0.7819740277953424
0.7509344963184725
0.8138969189213312
0.676325498109066
0.8213890260223287
0.6013678597211107
0.8350702650763238
0.5281534222258986
0.8549406360833168
0.45459034455213787
0.8653644372673133