0.07836265724033926
0.22231407412068832
0.07030363328370111
0.3361915869756721
0.0803774132294988
0.45006909983065585
0.08440692520781794
0.5656985744218702
0.09649546114277523
0.6778241255406235
0.1649971647741998
0.7566624036709969
0.2717792321996558
0.807469294021682
0.3745317876467927
0.858276184372367
0.48534336705056785
0.9073311129868216
0.6062287264001406
0.9406183859752014
0.7069665258581179
0.9038271895143606
0.7815124974570212
0.8214849879115261
0.8439699331209672
0.7303829776275391
0.8963535888391154
0.6340250821348605
0.9346339526331469
0.5324113014334902
0.9346339526331469
0.420285750314737
0.9527667565355827
0.31341608440467533
0.3100595959936872
0.06989340306863305
0.38662032358175
0.05587770917878889
0.4752695871047701
0.06113359438748047
0.5538450706819925
0.08566105869470772
0.6163025063459384
0.12420421689177918
0.8278518852076907
0.12595617862800967
0.8600879810342436
0.12770814036424022
0.8923240768607964
0.12946010210047076
0.9245601726873491
0.13121206383670125
0.9507520005464232
0.1347159873091623
0.2778235001671344
0.2468415384279156
0.34028093583108043
0.20654641849461364
0.4249006873757814
0.20304249502215263
0.5095204389204823
0.22581799759314936
0.5840664105193856
0.24333761495545456
0.5679483626061093
0.27837684968006493
0.49743190298552514
0.31166412266844484
0.41281215144082406
0.3309357017669805
0.3302071558852827
0.3221758930858279
0.27379398818881534
0.27837684968006493
0.7472616456413089
0.27312096447137335
0.7794977414678618
0.2520974236366072
0.83188139718601
0.25034546190037665
0.8822502969149987
0.25560134710906823
0.9124716367523917
0.28188077315252597
0.9064273687849131
0.3186719696133669
0.8701617609800414
0.34319943392059415
0.8197928612510526
0.3554631660742078
0.7774829854787022
0.34319943392059415
0.7452468896521494
0.31341608440467533
0.4067678834733455
0.2678650792626818
0.8137485932835741
0.2941445053061396
0.8016600573486167
0.5692024978943313
0.43880250370098234
0.7512578054312067
0.493402391007206
0.7443986715173833
0.551830314692833
0.7408947480449223
0.6102582383784598
0.7479025949898443
0.6596869186458407
0.7557191963641658
0.6646566500857676
0.7829418297144548
0.5941401904651833
0.7846937914506852
0.5457860467253541
0.7864457531869157
0.48571273898191375
0.7909641847345428
0.4328925527994476
0.7829336810552164