0.04907798240855592
0.20499261093159948
0.040611448950397463
0.3333247442233982
0.033838222183870705
0.4632219035309506
0.033838222183870705
0.5915540368227494
0.06939766270813624
0.7011058579255044
0.12697009022361375
0.7981374709022303
0.22856849172151528
0.8669986155953906
0.3301668932194168
0.9295996562255364
0.438538521483845
0.9812455147454067
0.5502967631315367
1.010981009044726
0.6485085512461748
0.9452499163830729
0.7348671925193911
0.8607385115323759
0.8144526070260806
0.7684019766029111
0.8855714880746117
0.6760654416734462
0.9228242352905089
0.5696436726021984
0.9312907687486672
0.43974651329464604
0.9482238356649844
0.32080453609736914
0.24719486532946386
0.02501461911993052
0.3386334266775752
0.009364358962394069
0.43345860140895
0.05318508740349607
0.5232038560654296
0.10796099795487359
0.5943227371139608
0.17212706460077298
0.7941329267265004
0.15960685647474385
0.8246124471758708
0.13456644022268555
0.8567852743168729
0.11109104998638088
0.9008112482992968
0.0938757638130908
0.9431439155900894
0.08605063373432262
0.19470235788888143
0.1799521946795412
0.2810609991620977
0.1611718824904975
0.3826594006599992
0.16273690850625114
0.482564495466269
0.18151722069529486
0.5570699898980636
0.2190778450733823
0.5519900698231683
0.3067193019555863
0.46563142854995215
0.3286296661761373
0.36233972036041895
0.32236956211312273
0.2607413188625174
0.30828432797134
0.18962243781398636
0.2691586775774989
0.741640419285918
0.2785488336720207
0.7755065531185518
0.23472810523091872
0.8330789806340292
0.22064287108913597
0.8923447148411385
0.23316307921516508
0.917744315215614
0.26759365156174525
0.9025045549909286
0.32549961414463
0.8787982613080849
0.36775531656997834
0.8161459137177124
0.36149521250696387
0.7568801795106032
0.3568001344597029
0.7280939657528643
0.31767448406586185
0.36572633374368235
0.24411826132544057
0.7890530066516053
0.29419909382955717
0.7382538059026545
0.5070426319720527
0.29799406607841467
0.6901506758152289
0.38435270735163096
0.6306796872165905
0.5164306292989029
0.6478949733898806
0.6485085512461748
0.6713703636261852
0.7433337259775495
0.7151910920672871
0.7111608988365474
0.8341330692645641
0.6281888709465946
0.9029942139577244
0.48764441554116417
0.8889089798159417
0.35556649359389214
0.865433589579637
0.27598107908720265
0.799702496917984