0.0023465468437240886
0.33077080781115953
0.005839081680894813
0.4446909362851949
0.028540558122504424
0.5520069993404454
0.06521217391279686
0.6510679806222153
0.10537632454026
0.7468269291945928
0.17697328870225956
0.8277267305747048
0.2538090551200151
0.8970694174719437
0.3498537631422096
0.9581570225957019
0.4546298082573308
0.9977814151084097
0.5576595859538668
0.9499019408222209
0.6519580265574758
0.8838612866343744
0.7392713974867436
0.8145185997371355
0.8178534313230845
0.7336187983570235
0.8615101167877184
0.6378598497846459
0.8981817325780109
0.5338458194387877
0.9138981393452791
0.41497264190066385
0.9208832090196204
0.3093075952001094
0.08092858068006506
0.083118354606735
0.15427181226064995
0.07486327283325417
0.22761504384123482
0.08146733825203886
0.29397320574747826
0.11118563263656982
0.3498537631422096
0.1425549433757969
0.5384506443494278
0.14585697608518924
0.6187789456043541
0.1144876653459621
0.7095848513707925
0.10293055086308898
0.8056295593929871
0.10127953450839279
0.8964354651594255
0.10788359992717747
0.08092858068006506
0.31095861155480564
0.1403016729119671
0.2878443825890593
0.20840610223679587
0.28619336623436314
0.28174933381738076
0.2894953989437555
0.3428686934678682
0.3060055624907171
0.3271522867006
0.3604891021956904
0.2800030663987954
0.4034155274177907
0.213644904492552
0.41497264190066385
0.1472867425863085
0.39681146199900613
0.08791365035440644
0.36709316761447514
0.5855998646512324
0.3093075952001094
0.6484654917203052
0.2779382844608823
0.7165699210451341
0.26803218633270537
0.7846743503699628
0.26803218633270537
0.854525047113377
0.2779382844608823
0.8492862448576208
0.3274687751017672
0.7899131526257189
0.35883808584099436
0.7200624558823047
0.3786502820973483
0.6537042939760612
0.3769992657426521
0.5890923994884031
0.3538850367769058
0.2328538460969909
0.3472809713581212
0.7025997816964511
0.3291197914564634
0.4493910060015747
0.6031885063360266
0.28759029725195945
0.8204603388275825
0.3775110260855288
0.8217101198123583
0.47073159817904553
0.8196271515043986
0.5631272094575756
0.8212935261507663
0.6542853795136251
0.8158778085500712
0.6575852227735726
0.851288269785386
0.5656020919025361
0.851288269785386
0.4748564022539799
0.8467057395078746
0.38287327138294336
0.8537878317549377
0.2917151013268938
0.858370362032449