0.32106220345197883
0.764696250061112
0.3811193395880921
0.8221731519955673
0.44784949085044023
0.8917504543372765
0.529260275390505
0.932589305711758
0.6226824871577924
0.955277556475359
0.7174393019503267
0.9643528567807993
0.8055231016166263
0.9613277566789858
0.8629110317022456
0.8872128041845564
0.9096221375858894
0.7994849012319666
0.9469910222928043
0.71024444822847
0.9643408616210147
0.6028533946140927
0.9630062585957678
0.492437240897902
0.9403180071665693
0.3895838374362449
0.9029491224596544
0.3033684845345618
0.8562380165760108
0.22925353204013238
0.7988500864903914
0.15362602949479626
0.7334545382532903
0.08858637730580723
0.1782596797505538
0.6633553966503616
0.19560951907876428
0.6300792955304136
0.2129593584069748
0.6028533946140927
0.2356476098361732
0.5786525937995851
0.26367427336635935
0.5650396433414246
0.30771617319950917
0.383533637232618
0.30104315807327436
0.31093123478909535
0.3143891883257439
0.24286648249829285
0.33707743975494237
0.18085193041111727
0.36510410328512855
0.1430381791384492
0.31072117755360523
0.7623724231647192
0.26327990559119857
0.720928551769875
0.26679407388471016
0.6601756039297058
0.30837839869126416
0.6126093424424414
0.36167661780952354
0.6192026856188938
0.4076536529829669
0.6516984484171239
0.4416239464869125
0.7020904284085822
0.45187360400965465
0.7651981416689132
0.41321775278102696
0.8028743883914987
0.35845529687380456
0.7911005612906908
0.42115743034550096
0.5090752914578759
0.4158190182445131
0.40319678789440544
0.43316885757272366
0.3079061346872819
0.4785453604311204
0.22774098198922565
0.5519485268197033
0.18538958056383742
0.6093364569053227
0.21412803153106513
0.6226824871577924
0.3063935846363752
0.5919866175771122
0.4016842378434987
0.5519485268197033
0.4984874411015288
0.4892221846330961
0.5393262924760103
0.36510410328512855
0.6799934472103355
0.49989900883507177
0.37445833692717767
0.43583806362321753
0.7404954492466044
0.6960856535463754
0.80251000133378
0.6987548595968693
0.775284100417459
0.706762477748351
0.7556209497556716
0.7201085080008206
0.7359577990938841
0.7361237443037842
0.720832298584817
0.7534735836319947
0.7238573986866305
0.7454659654805129
0.7450330993993246
0.7347891412785372
0.7722590003156455
0.7241123170765614
0.7934347010283397
0.706762477748351
0.8085602015374068