0.03263954649253792
0.15416546980696202
0.03823714987652386
0.27682599613430675
0.05316409223381979
0.3977829040404384
0.060627563412467736
0.5204434303677833
0.07742037356442569
0.6396967198527017
0.12406706843097541
0.7419138251254891
0.21362872257475093
0.8066513251315875
0.32744665804913237
0.8713888251376862
0.4356669901395278
0.9310154698801454
0.5494849256139093
0.9838276409377522
0.6427783153470088
0.9412371804074242
0.7136812915441643
0.8594634961891944
0.79391360671463
0.7759861935497515
0.8760117896797576
0.6891016540678823
0.9263902201356312
0.5851809303738817
0.9431830302875892
0.4659276408889633
0.967439311618195
0.36882139087981536
0.25467781405731477
0.040023035585682896
0.35170293937973823
0.017875996109912338
0.45245980029148575
0.04513389084932227
0.5401555866405993
0.10305691717056836
0.6147902984270789
0.1609799434918145
0.7864501355359821
0.23423553560397875
0.8386944337865178
0.22060658823427381
0.8928045998317153
0.21038487770699507
0.9450488980822512
0.20527402244335569
0.9898297251541389
0.20527402244335569
0.2789340953879207
0.18994145665243756
0.3535688071744002
0.18483060138879828
0.4282035189608798
0.18823783823122447
0.49724062736337343
0.21038487770699507
0.5494849256139093
0.2563825750797494
0.5308262476672893
0.30238027245250365
0.47111847823810554
0.32623093034948736
0.39648376645162603
0.3126019829797823
0.32931252584379433
0.27852961455551994
0.27520235979859664
0.23423553560397875
0.7379375728747702
0.2887513250827986
0.7864501355359821
0.2870477066615855
0.8386944337865178
0.2921585619252249
0.8909387320370534
0.2989730356100774
0.9151950133676593
0.3364526408767661
0.9039998065996873
0.37222862772224163
0.8629507151171235
0.3994865224616515
0.8125722846612499
0.39607928561922534
0.7677914575893621
0.37052500930102844
0.7342058372854463
0.3364526408767661
0.44126459352351377
0.2563825750797494
0.8330968304025318
0.34667435140404473
0.773389060973348
0.5817736935314556
0.2882634343612306
0.743617443546702
0.3740933529156821
0.7299884961769971
0.47671608162209156
0.743617443546702
0.5774729425338391
0.7589500093376201
0.6763639356509245
0.7742825751285383
0.6577052577043047
0.8339092198709976
0.5606801323818811
0.8185766540800795
0.4543256680861477
0.8100585619740139
0.35170293937973823
0.8100585619740139
0.2696047564146107
0.7725789567073251