0.00432484133209226
0.2966708433602923
0.02683713813243639
0.43030766382016383
0.05810421702180323
0.5538857988690774
0.10062744431134216
0.663094383330908
0.1569081863122025
0.7651181924991969
0.23570122511340696
0.8412768106107367
0.3207476796924848
0.915998473663568
0.41454891636058533
0.9777875411880247
0.519606301428858
1.0194592378905654
0.6221623201859812
0.969165810835775
0.7147128736985071
0.9073767433113182
0.7985086451220103
0.83840290049332
0.8773016839232147
0.7564964621469471
0.9373344753907992
0.6530356979199498
0.9886124847693607
0.542390158399411
1.0273836625921757
0.42312288852662233
1.0548986920148185
0.3024186635951254
0.06560831595525127
0.05526239349729849
0.1706657010235239
0.07250585420179803
0.27072035346949785
0.11274059584563031
0.365772273293173
0.16590793301783732
0.43956257947207883
0.23631873089454386
0.6159089044081079
0.17021879819396218
0.692200576898163
0.10411886549338054
0.7822497640995396
0.05238848337988187
0.8910591986345362
0.035145022675382324
0.9948659005472341
0.04520370808634039
0.0556028507106539
0.2377556859532521
0.13064384004513432
0.2003948544268364
0.22819712617995888
0.21620136007262766
0.3157449470701861
0.2578730567751683
0.3982900353381146
0.3210990793583333
0.40079140164926397
0.411627248056956
0.3320038280926569
0.464794585229163
0.23445054195783227
0.464794585229163
0.1406493052897317
0.4274337537027472
0.08436856328887138
0.34409036029766604
0.6284157359638546
0.30529257371254204
0.7047074084539098
0.23488177583583553
0.8060127440554583
0.2003948544268364
0.9073180796570068
0.19177312407458663
0.9986179500139581
0.21189049489650275
0.9635988216578673
0.319662124299625
0.9035660301902829
0.4058794278221228
0.8110154766777571
0.45617285487691317
0.7097101410762084
0.4518619897007883
0.6259143696527053
0.3958207424111647
0.2557121556026018
0.3455273153563743
0.7609881504547701
0.3225360344170416
0.5433692813847768
0.6559096080373664
0.35576680804857563
0.7797020788198267
0.4408132626276535
0.8012564047004511
0.5433692813847768
0.7998194496417428
0.6446746169863254
0.791197719289493
0.7284703884098285
0.7595847079979106
0.7284703884098285
0.7622442823817803
0.6446746169863254
0.7938572936733628
0.5433692813847768
0.8024790240256126
0.4408132626276535
0.8039159790843209
0.35576680804857563
0.7823616532036964