0.15746064486380906
0.48079983392940057
0.1673580324935169
0.576800654969172
0.17725542012322487
0.6728014760089432
0.23004148748166706
0.7496021328407604
0.2861266840500119
0.8211663812522264
0.34881013903816205
0.88225781282299
0.4246901108659228
0.9328764275530513
0.513766599533294
0.9276400191327001
0.5896465713610548
0.8979670380840435
0.668825672398718
0.8665485875619365
0.7364578212017222
0.8211663812522264
0.8007908407948237
0.7705477665221652
0.860175166573071
0.7129472738983023
0.8997647170919029
0.6344011475930347
0.9146107985364647
0.5384003265532634
0.9179099277463674
0.43716309709314083
0.8964655878820001
0.35163509289407174
0.14426412802419844
0.2800708444826058
0.18220411393807884
0.2573797413277507
0.23334061669156972
0.2556342718543003
0.27128060260545006
0.2940346002702089
0.30097276549457386
0.3411622760533694
0.4180918524461175
0.2154884739649414
0.4906726950639756
0.1404332866065747
0.5978943943858114
0.10901483608446767
0.7183126105472576
0.12472406134552114
0.8040899700047263
0.17883361502248318
0.16900759709846822
0.41621746341173615
0.16570846788856564
0.35512603184097247
0.23169105208661844
0.3376713371064686
0.29107537786486587
0.37432619604892675
0.3339640575936002
0.4319266886727896
0.34386144522330814
0.48079983392940057
0.3422118806183568
0.5506186128674161
0.28942581325991457
0.5890189412833247
0.23004148748166706
0.5680733076019199
0.19705019538264068
0.49999999813735485
0.4510831445451438
0.35512603184097247
0.5071683411134887
0.28356178342950655
0.5929457005709574
0.23468863817289567
0.6869708830531825
0.2242158213321933
0.7595517256710407
0.27832537500915544
0.7941925823750183
0.362107909734774
0.7414065150165762
0.442399505513492
0.6556291555591075
0.4842907728763013
0.5599544084719309
0.49650905919045396
0.4873735658540729
0.43890856656659116
0.29767363628467114
0.4755634255090494
0.6506804617442535
0.339416806579919
0.3059214593094278
0.6152009833850804
0.4494335799401926
0.8089480949380737
0.45273270915009517
0.7897479307301194
0.4791257428293163
0.7827660528363178
0.5022196472986348
0.7897479307301194
0.5203648579530993
0.8072026254646233
0.5319118101877585
0.8298937286194783
0.5203648579530993
0.850839362300883
0.49562138887882956
0.8578212401946845
0.47087791980455973
0.8525848317743333
0.45273270915009517
0.8351301370398294