-0.007855905707244766
0.3151518895521244
0.02079574735126925
0.42120021323976825
0.058563835473855914
0.5346130038501651
0.1080530543931074
0.6436071143069101
0.18098453490568855
0.7275620372262948
0.25782305901715796
0.7982609196847239
0.34768506179158826
0.8557037616821977
0.4336400209671303
0.9146194970642221
0.528711415206745
0.9632249787543922
0.6328992445104324
0.9160923904487727
0.7214588994185667
0.8439206146057929
0.8217396851233657
0.7776404123010154
0.8894617741707624
0.6804294489206754
0.9389509930900138
0.5670166583102785
0.9597885589507513
0.43740204046982495
1.0027660385385224
0.3210434630903269
0.9975566470733381
0.19584752540352515
0.06637792267163246
0.011735852334699128
0.17577514344050416
0.014681639103800341
0.2747535812790071
0.057395547255767995
0.36201088832084527
0.1295673230987478
0.43494236883342646
0.21057645924903126
0.5938288085215496
0.15755229740520937
0.6498297667722815
0.055922653871217365
0.7370870738141196
-0.005938868279908181
0.8399725552515109
-0.05454434997007825
0.9493697760203826
-0.058963030123730074
0.02209809521756534
0.26212772770830256
0.08461079279977776
0.17669991140436728
0.19400801356864947
0.16933544448161422
0.3099169736690016
0.21204935263358185
0.3802437584489906
0.2886398086302135
0.4193141944378734
0.39763391908695855
0.34117332246010784
0.45802254785353347
0.22526436235975564
0.46096833462263465
0.11065775012569959
0.42856468016252125
0.03902861747941454
0.3446097572431366
0.6107593307833988
0.26212772770830256
0.6902025506274605
0.17522701801981666
0.783971597000779
0.10894681571503927
0.8946711656359468
0.07948894802402712
0.9636956025496396
0.10010945540773562
0.9597885589507513
0.22383249970998673
0.9024852528337234
0.3210434630903269
0.8087162064604048
0.38437787862600303
0.6915048984937564
0.39616102570240797
0.6016428957193262
0.34755554401223787
0.2565207111508619
0.3210434630903269
0.7722504662041141
0.22825117986363855
0.5274090673404489
0.6200408201541004
0.4167094987052811
0.7702759453782624
0.47401280482230923
0.7614385850709587
0.5352231545382254
0.7570199049173071
0.5938288085215496
0.7496554379945538
0.655039158237466
0.7496554379945538
0.6485274189059854
0.7702759453782624
0.6029452435856222
0.8085711733765784
0.5443395896022981
0.824773000606635
0.4844315877526779
0.8203543204529832
0.4336400209671303
0.7938422395310721