0.034151202259071506
0.32217178229986776
0.0565887071249349
0.43416573128490693
0.08298577167300947
0.5476731120129872
0.1199416620403139
0.6520999022828209
0.18065491050088547
0.736852079893121
0.2506071315532831
0.8064699400730101
0.3363975913345255
0.8670072097946528
0.41426893175134555
0.9335982064884599
0.5079785108970104
0.9699205683214456
0.6043277964974826
0.9290579112593368
0.6993572288705512
0.8806280954820225
0.7825079821969861
0.8140370987882154
0.8550999097041911
0.739878943379203
0.9118535984825515
0.6520999022828209
0.9514491953046635
0.5491865437560283
0.9870852324445641
0.4387060265140301
1.0161220034474463
0.3282255092720321
0.21233138795857498
0.01797200194861269
0.2664453702821279
0.08456299864241976
0.3218792058330845
0.14661370010710364
0.3786328946114449
0.21169126505786967
0.43406673016240155
0.26012108083518387
0.5977285303604639
0.26920167129343037
0.6426035400921908
0.22531215074523928
0.6914381095061288
0.1783957667109661
0.7349932660104518
0.13299281441973398
0.7930668080162159
0.10272417955891261
0.08958503781002813
0.1935300841413768
0.13973946045136984
0.1390465413918983
0.26116595737251297
0.14661370010710364
0.3601549494277927
0.22077185551611606
0.44858511566384257
0.30552403312641596
0.4617836479378798
0.4054105281671266
0.3825924542936561
0.4750283883470158
0.26512551705472415
0.4629209344026873
0.14237916690617733
0.4265985725697016
0.08430562490041321
0.34184639495940167
0.6148866223167125
0.28282255698079994
0.6980373756431474
0.21017783331482856
0.7930668080162159
0.16477488102359647
0.8960153597537068
0.17234203973880183
0.9672874340335083
0.24044646817564996
0.9606881678964897
0.3448732584454837
0.8946955065263031
0.4235717090836194
0.7904271015614085
0.44627318522923554
0.690118256278725
0.4387060265140301
0.6082873561796938
0.38876277899367484
0.30868067355904727
0.31006432835553915
0.77326900960516
0.3176314870707445
0.5119380705792216
0.5552402707281925
0.387871867203271
0.7762013052121887
0.4697027673023022
0.7731744417261065
0.5515336674013335
0.7746878734691477
0.6373241271825758
0.7762013052121887
0.7085962014623773
0.7852818956704352
0.7059564950075697
0.8216042575034208
0.6320447142729609
0.8321982797047084
0.5502138141739297
0.8291714162186261
0.465743207620091
0.8261445527325441
0.3865520139758673
0.8185773940173385