0.03593162786129197
0.6260380648512386
0.08470556854473932
0.7105408520869517
0.1416084993420946
0.793611388691551
0.21151781432170247
0.8666561708783538
0.305814099643034
0.9153526923362224
0.40986517310105514
0.9368364518029291
0.518793640627421
0.9296751986473601
0.622844714085442
0.9110559404428811
0.7155152013839919
0.8723851734028089
0.8049340926369788
0.8265531532071679
0.8797208016849314
0.7749921304870717
0.9349979344595052
0.7062441001936103
0.9577591067784472
0.6174445610645558
0.9561333087556656
0.5186192675177049
0.9463785206189762
0.419793973970854
0.9349979344595052
0.3209686804240031
0.8845981957532761
0.249356148868314
0.10096354877255512
0.41692947270862646
0.1659954696838183
0.4083359689219438
0.2424079767545525
0.41836172333974025
0.3171946858025051
0.4341164802819918
0.3887297988048946
0.44843898659312964
0.5236710346957656
0.3854199588241232
0.549683803060271
0.3209686804240031
0.5773223694475578
0.26081415391722423
0.6098383299031893
0.2049563793037868
0.645605886404384
0.16198886037037336
0.07820237645361301
0.5845027965489389
0.10096354877255512
0.4957032574198844
0.17737605584328933
0.452735738486471
0.2749239372101841
0.439845482806447
0.3740976165998604
0.4598969916420399
0.4114909711238367
0.531509523197729
0.3789750106682051
0.610283307908987
0.29280771546078144
0.6575475787357417
0.1936340360711051
0.6847603407269035
0.10746674086368142
0.6604120799979692
0.5756965714247761
0.37682645503744056
0.5903287536298104
0.2894591665394999
0.6569864725638551
0.23216914129494862
0.7545343539307499
0.2063886299349006
0.8455790432065182
0.23503364255717624
0.8764692056393683
0.30664617411286527
0.8618370234343341
0.3854199588241232
0.7724181321813471
0.4283874777575367
0.6797476448827972
0.46849049542872256
0.5935803496753735
0.4641937435353813
0.2798013312785288
0.5716125408689149
0.7057604132473025
0.3825554575618957
0.5545611971286156
0.57734154339337
0.4114909711238367
0.8165273987893714
0.46839390192119196
0.7234311077669757
0.5854513595614657
0.6718700850468795
0.7106378073156473
0.6217413129578971
0.8016824965914157
0.6489540749490591
0.8618370234343341
0.7391858647092272
0.8211920728647947
0.8294176544693954
0.6976314231333945
0.8738174240339227
0.5773223694475578
0.9253784467540189
0.4553875177389393
0.9239461961229051