0.10800011448817078
0.40817626614728014
0.12526895556286405
0.5262353609112517
0.13102523592109516
0.65741213287122
0.1813926890556172
0.7608960307507505
0.2504680533543903
0.8570923301880607
0.33393411854874117
0.9430859918062622
0.4260346042804387
1.0072168580978023
0.551233702071965
0.9999292596555818
0.6649202391470291
0.9489160705600387
0.7742895659534198
0.8833276845800544
0.8836588927598107
0.8133667395347379
0.9843937990288548
0.7288305976049806
1.047712882969397
0.6326342981676705
1.0678598642232058
0.5072876049614784
1.0621035838649746
0.3717382739361778
1.0376393923424925
0.24493406104154175
1.008857990551337
0.12250240721223797
0.08151697786842033
0.20547018516396473
0.09927585416089714
0.18598475169007767
0.13035388767273165
0.17099595671016452
0.16291182754227257
0.16200267972221663
0.20138939284263913
0.16649931821619057
0.3943750623101676
0.0525414621669215
0.4361080949073431
-0.004301805682398099
0.48647554804186516
-0.04511235695883271
0.5483555618928494
-0.07426275072771456
0.6116746458333915
-0.08155034916993502
0.1318337940304381
0.41081667638877484
0.12887398131502525
0.33737158098720044
0.15403238939603414
0.2669242445816087
0.22210808185052877
0.25942984709165207
0.2724248980125466
0.30889287052536546
0.2872239615896106
0.36435141195104415
0.2842641488741978
0.4437920253445838
0.25170620900465684
0.5097427232562016
0.18511042290786864
0.5277292772320974
0.14367304489208932
0.4767673743003927
0.4389862350864586
0.23473142322243312
0.4821583377731919
0.12979000565445842
0.5814541739526782
0.06565913936291837
0.7052142016546467
0.07003169842825062
0.8232179489983841
0.10063961188557656
0.8764635423120218
0.18663327350377806
0.7958756172967866
0.2755419744988677
0.6937016409381845
0.34404539985574006
0.5742588235048894
0.3819409117552865
0.47928019759407636
0.3411303604788519
0.22210808185052877
0.3883334839189051
0.5906047649194237
0.21596234164990394
0.2250678945659416
0.48276289229235797
0.3597393731172245
0.749563442934812
0.41597581471006784
0.692606022011142
0.5195692597495162
0.6551340345613591
0.6142832666427261
0.6341497215894808
0.7163968053244681
0.6746194680352462
0.7622739024133667
0.7465656839388293
0.7060374608205232
0.8364984538183082
0.6039239221387813
0.8754693207660824
0.49441085166850735
0.8979525132359522
0.4070963765638294
0.8484894898022388