0.10664828987760423
0.301466637051048
0.09643262580235855
0.401203778603037
0.10869142269265329
0.5103500844523835
0.1209502195829481
0.6176145574422585
0.16794227432907813
0.696651537540061
0.24353818848589592
0.7625156876215634
0.3170909698276646
0.8246161719841225
0.4049456808747772
0.8773074920493242
0.49484352473693893
0.9281169792550544
0.607215829564641
0.918707814957697
0.684854876536508
0.8528436648761949
0.7686233219535223
0.7794521833568067
0.8503486345554876
0.70794253469689
0.9116426190069614
0.6289055545990874
0.9463758768627968
0.5348139116255128
0.9606778065681406
0.4256676057761664
0.9688503378283371
0.3184031327862914
0.2537538525611415
0.062473863898168606
0.31504783701261546
0.09446502250918393
0.38247121990923677
0.14339267685544274
0.4560240012510055
0.1810293340448725
0.5173179857024794
0.2280751555316598
0.684854876536508
0.19984766263958748
0.7298037984675888
0.1678565040285721
0.7910977829190629
0.14339267685544274
0.856478033000635
0.12833801397967082
0.9259445487123055
0.1339835125580853
0.14955407899363593
0.28829380703474755
0.212891196260159
0.22995698839113132
0.30891843856746803
0.20172949549905891
0.402902548059728
0.22054782409377388
0.4621533996961529
0.29205747275369054
0.47032593095634934
0.3391032942404778
0.40903194650487545
0.38991278144620806
0.3048321729373698
0.3917946143056795
0.20880493063006067
0.4068492771814514
0.1332090164732429
0.36921261999202165
0.6787254780913606
0.27135731129950413
0.7195881343923434
0.25065714984531773
0.7992703141792593
0.21866599123430236
0.8850818924113227
0.22242965695324532
0.9320739471574528
0.2807664755968616
0.9341170799725019
0.3296941299431203
0.8850818924113227
0.386149115727265
0.8013134469943084
0.38803094858673653
0.7134587359471959
0.38991278144620806
0.6480784858656238
0.35603978997572117
0.35386736049854894
0.28829380703474755
0.776795853213719
0.28829380703474755
0.6317334233452306
0.44824960008982423
0.29870277449222243
0.6082053931449011
0.36612615738884374
0.5668050702365283
0.511188587257332
0.5799779002528287
0.6542078843107711
0.5950325631286005
0.7543213922481785
0.6533693817722167
0.7420625953578837
0.7568701890431488
0.6562510171258202
0.8133251748272935
0.5071023216272338
0.8095615091083505
0.3620398917587455
0.8020341776704646
0.28440084478687855
0.7455791918863199