0.047227177789030975
0.3832937891549609
0.04565969492106885
0.4890276347028005
0.07073942080846271
0.5927665020327562
0.11306145824343981
0.6845355000554094
0.17105832435803808
0.7603446723349926
0.24316253628429532
0.8181990406536217
0.31369926534259057
0.8720634525364833
0.39050592587273414
0.9099680386762748
0.47358251787472627
0.9279228426372287
0.5566591098767184
0.9059780822405075
0.6318982875388999
0.8680734961007158
0.7102724309370056
0.824183975307273
0.7808091599953009
0.7563547158992249
0.8419409918458234
0.6825405218375257
0.8701556834691415
0.5807966327254537
0.8842630292808005
0.4750627871776141
0.8999378579604216
0.3653389851940071
0.18098917608221302
0.09261489338827444
0.22061915684770994
0.07709546018778354
0.2739672078781865
0.08291524763796763
0.31969410876145227
0.11589404318901081
0.3517029393797382
0.16051241364042226
0.558998223383876
0.08873503508815173
0.607773584326026
0.05575623953710851
0.6626458653859448
0.03441701888643347
0.7190423764753058
0.02665730228618805
0.7647692773585716
0.04993645208692442
0.062099233785722255
0.3195866039454542
0.12611689502229426
0.2594488002935519
0.212998006700499
0.24198943794299954
0.301403348408146
0.2710883751939201
0.3623725495858335
0.3370459662960064
0.3623725495858335
0.44180214039932014
0.3105487285847991
0.5213392355518361
0.22671607696547866
0.5329788104522044
0.1444076553756005
0.48254065255060885
0.08191422416847072
0.41270320314839964
0.5801713528961501
0.3174595079647967
0.633465770406862
0.2596051396461675
0.7024350165971951
0.21172566241695714
0.7745392285234525
0.22369553172425977
0.8168612659584296
0.3034946604396104
0.8294011289021265
0.3832937891549609
0.7855116085991872
0.4571079832166602
0.7118399138049678
0.48104772183126543
0.633465770406862
0.4670828743060791
0.5801713528961501
0.40922850598744986
0.26667477930372707
0.4012485931159148
0.7102724309370056
0.35735907232247205
0.46574510353491566
0.5788016545075698
0.3701286485892266
0.7403948901561548
0.4249905489679007
0.7703195634244114
0.497094760894158
0.7763044980780626
0.5676314899524532
0.7623396505528762
0.6209259074631651
0.7244350644130847
0.6209259074631651
0.7244350644130847
0.5676314899524532
0.7623396505528762
0.497094760894158
0.7763044980780626
0.4249905489679007
0.7703195634244114
0.3701286485892266
0.7403948901561548