0.015399345153609639
0.2935133337641493
0.018803690887050133
0.4257372557915435
0.02561238235393107
0.5507160314064778
0.04774062962129415
0.668449660608952
0.09710364275618102
0.7789381433989663
0.17029707602515126
0.8640686137453709
0.26221441082804403
0.9383313644730854
0.35583391849765716
0.996292535772765
0.46647515483447255
1.0252731214226047
0.5686055268376868
0.9926699625665351
0.6520119973069786
0.9274636448543955
0.7303119491761093
0.8586347539360258
0.8120162467786808
0.7879945764145413
0.8681879513804486
0.6992415328619067
0.9022314087148534
0.5887530500718926
0.9005292358481332
0.46015170125072824
0.9243596559822164
0.34604064525448397
-0.05949626098208081
0.20476029021151482
0.049442802488014394
0.11057338684953537
0.21455357055987742
0.09789438062773047
0.36264260996453807
0.14861040551495017
0.48690122923511536
0.07615894139035058
0.6639272073740201
0.19751514379905483
0.7286097763093891
0.17215713135544494
0.8001010367116391
0.15042169211806516
0.8749966428473296
0.15042169211806516
0.9396792117826986
0.16672327154610003
0.11923189002354415
0.2790230409392293
0.20434053335955601
0.24279730887692952
0.2962578681624488
0.23011830265512462
0.3898773758320619
0.2355521624644696
0.46307080910103204
0.2844569007485743
0.4392403889669488
0.3532857916669439
0.37625999289830003
0.42030339598219846
0.28774700382884766
0.42392596918842845
0.19582966902595478
0.4094356763635086
0.1277427543571453
0.347851931857599
0.6503098244402583
0.3116261997952992
0.6962684918417046
0.2735891811298844
0.7660575793772344
0.2663440347174244
0.8341444940460438
0.2790230409392293
0.8715922971138891
0.3206826328108741
0.8545705684466868
0.37502123090432377
0.8120162467786808
0.4293598289977735
0.7575467150436331
0.4710194208694182
0.6962684918417046
0.44022754861646335
0.6605228616405796
0.3858889505230137
0.31838611542981193
0.3206826328108741
0.7694619251106748
0.347851931857599
0.6469054787068178
0.5561498912158226
0.3609404370978178
0.8640686137453709
0.4256230060331869
0.8550121807297959
0.49200774783527607
0.8513896075235659
0.5600946625040856
0.8495783209204509
0.6213728857060141
0.8622573271422559
0.6179685399725738
0.9002943458076706
0.5532859710372048
0.9002943458076706
0.48690122923511536
0.9039169190139007
0.4188143145663059
0.9057282056170156
0.3541317456309369
0.9039169190139007