0.08983851263508894
0.290649834069953
0.07307037675201417
0.3994750343294863
0.07642400392862914
0.5193672041069383
0.0931921398117039
0.6300368992861246
0.12002115722462343
0.7296396249473924
0.1904473279335374
0.7886634623762918
0.2642271258190663
0.843998309965885
0.3380069237045952
0.8974886626358249
0.4201707895316614
0.9472900254664588
0.52077960483011
0.9638904797433369
0.6146811657753285
0.930689571189581
0.7052290995439321
0.8864216931179063
0.7873929653709985
0.8329313404479664
0.842727813785145
0.7462400792242703
0.8896785942577545
0.6447928586433493
0.919861238847289
0.5396566482231224
0.9433366290835935
0.43452043780289534
0.17367919205046264
0.012131101202333874
0.24242854917106912
0.02873155547921185
0.30782427911506066
0.05270998943470221
0.36818956829412974
0.08959988782776436
0.40340265364858674
0.13755675573874518
0.6264188608934809
0.20026958300695075
0.6716928277777827
0.1615351896942355
0.7253508626036219
0.13571226081909202
0.7907465925476135
0.13386776589943894
0.849435068138375
0.14862372525666379
0.1099602756947786
0.2519154407572377
0.18206325999200004
0.20026958300695075
0.2776416345255261
0.19289160332833835
0.36315912752920737
0.22609251188209423
0.4235244167082764
0.29802781374856546
0.39837221288366426
0.3791855902133021
0.3346532965279802
0.4492763971601202
0.24410536275937664
0.4455874073208139
0.15858786975569542
0.4105420038474049
0.0965457669883188
0.3349177121416275
0.5928825891273314
0.3349177121416275
0.6633087598362454
0.28511634931099367
0.7572103207814639
0.27958286455203435
0.8444046273734527
0.2998723086682185
0.8997394757875993
0.3754966003739959
0.8829713399045246
0.4584988717583856
0.814221982783918
0.5212116990265913
0.718643608250392
0.5322786685445099
0.6331261152467107
0.5027667498300602
0.5895289619507165
0.41607548860636423
0.25416624428922147
0.325695237543362
0.7236740490153144
0.40316402416879243
0.47047519718088576
0.5802355364554908
0.39837221288366426
0.808952906492476
0.4369389254147362
0.77575199793872
0.4872433330639604
0.7646850284208013
0.5308404863599547
0.7812854826976794
0.5593463173611818
0.8292423506086601
0.5626999445377969
0.8753547235999877
0.52077960483011
0.8974886626358249
0.4687983835925782
0.8974886626358249
0.418493975943354
0.8845771981982533
0.38495770417720454
0.8532207845641505