0.02375874588179666
0.3807381111599102
0.01611977903003789
0.4805852869699275
0.020703159141093164
0.5818192291106395
0.04514785306672125
0.6747325732671835
0.09556503428832912
0.7551650204474751
0.16889911606521335
0.8203430379901254
0.24223319784209757
0.8785872238793021
0.3186228663596853
0.9354446434377842
0.3980681216179765
0.9798211660200142
0.5004302774315441
0.9687270353744567
0.5982090531340564
0.9340578771070895
0.6898766553551616
0.8938416535169437
0.7784886708355634
0.8466915982733244
0.8579339260938547
0.7856738797227583
0.9129344874265177
0.7066281988731612
0.9587682885370705
0.6234222190314801
1.0000187095365678
0.5416030055204937
0.11542634810290196
0.1533084329259818
0.20251057021295193
0.16024226457945526
0.28959479232300195
0.1754966942170968
0.37820680780340366
0.20184525450029578
0.4500130962099362
0.24899530974391507
0.6761265150219958
0.23235411377557888
0.7418216299471213
0.2115526188151586
0.8105723316129502
0.20323202083099046
0.8823786200194826
0.20184525450029578
0.9511293216853116
0.2115526188151586
0.0970928276586809
0.36825721418365803
0.15820456247275105
0.31833362627864936
0.2529277514345598
0.32804099059351216
0.3339008000632028
0.3751910458371314
0.3980681216179765
0.44175582971047633
0.388901361395866
0.5249618095521574
0.31709507298933354
0.5554706688274406
0.21626071054611773
0.5596309678195245
0.1307042818064195
0.5124809125759053
0.08028710058481159
0.4473028950332551
0.6348760940224986
0.4681043899936754
0.6898766553551616
0.4112469704351933
0.7861276376873222
0.394605774466857
0.8701562730566688
0.4154072694272773
0.9358513879817941
0.4778117543085381
0.9190456609079248
0.5499236035046619
0.8502949592420959
0.5984604250789757
0.7570995636506388
0.6220354527007854
0.6669597547998853
0.6095545557245332
0.6211259536893328
0.5471500708432724
0.27737244536018796
0.45701025934811784
0.7326548697250107
0.5110941462452105
0.4423741293581774
0.6594781436295419
0.41687276383292626
0.8362656368598305
0.43460553697177784
0.833684360439742
0.4527271867145517
0.835736144260838
0.4704599598534033
0.8393102193040374
0.4879594070299016
0.8450684513180811
0.4860150240102906
0.8544007583753243
0.4679711495883013
0.8538712657763317
0.44984949984552747
0.8518194819552357
0.43126119817804703
0.8492382055351472
0.41485060549253094
0.8446051452939627