0.04975934292931957
0.4654109682887792
0.061249227569362436
0.5473323580808938
0.08652697377745677
0.6292537478730081
0.11869865076957682
0.7038932363502681
0.1692541431857655
0.762148446869105
0.24508738181004858
0.8058398547582328
0.33470848200238296
0.8404288860037922
0.42432958219471745
0.8713769665919244
0.513950682387052
0.9059659978374839
0.6104657133634122
0.9332731277681887
0.7000868135557465
0.895043145865202
0.7644301675399867
0.8367879353463649
0.8241775676682097
0.7767122494988143
0.8793290139404155
0.720277514308691
0.8954148524364756
0.6365356491878629
0.9046067601485099
0.5509733087383211
0.9069047370765184
0.47087239427492017
0.3071327588662801
0.27972248475998635
0.3668801589945031
0.2651586821302771
0.4473093514748033
0.27426105877384543
0.5093547285310348
0.2997477133758366
0.5415264055231549
0.34525959659367794
0.7621321906119782
0.28700438607484097
0.7943038676040982
0.27062010811641807
0.8379654292362612
0.26879963278770447
0.8793290139404155
0.2724405834451317
0.9137986678605442
0.27790200943127275
0.2335974971700056
0.43628336302936077
0.3025368050102629
0.38895100448280573
0.3898599282745889
0.3871305291540921
0.4817790053949319
0.41443765908479685
0.5392284285951463
0.4654109682887792
0.5415264055231549
0.5327685554511845
0.47718305153891466
0.5855623399838805
0.3875619513465803
0.5983056672848761
0.3002388280822544
0.5691780620254575
0.23819345102602282
0.5127433268353343
0.7322584905478667
0.4581290669739246
0.7644301675399867
0.41989908507093787
0.8264755445962183
0.38895100448280573
0.88852092165245
0.4107967084273696
0.9046067601485099
0.46905191894620657
0.9069047370765184
0.5200252281501889
0.8747330600843984
0.5746394880115986
0.8172836368841839
0.609228519257158
0.7621321906119782
0.5746394880115986
0.7368544444038838
0.5182047528214753
0.378370043634546
0.5054614255204796
0.8057937522441411
0.49635904887691135
0.7552382598279525
0.6693042051047087
0.4656931668988718
0.7858146261423825
0.513950682387052
0.7876351014710963
0.5691021286592578
0.7839941508136689
0.6242535749314636
0.778532724827528
0.6679151365636267
0.7858146261423825
0.6518292980675664
0.8113012807443738
0.6173596441474378
0.8367879353463649
0.5691021286592578
0.8458903119899331
0.5208446131710777
0.8331469846889376
0.48407698232294044
0.8131217560730873