0.05472927737059273
0.5491658919781581
0.08834852344408278
0.6281536772887346
0.1259229749379834
0.7023054757435614
0.1773406454033211
0.773233282961222
0.250511945680917
0.8312651252302169
0.32368324595851306
0.8780129981691295
0.4027873543667248
0.9183128886337094
0.48782427090555264
0.9537767922425396
0.5886820091260226
0.9779567265212874
0.6895397473464928
0.958612779098289
0.7745766638853204
0.9134769017779597
0.8536807722935323
0.8602810463647144
0.9169640590201018
0.8006372084771362
0.964426524065029
0.7329333924966421
1.0000233728487242
0.6507216159488993
1.025732208081393
0.5636738525454069
1.025732208081393
0.47662608914191446
0.10416934512572514
0.31703852290217843
0.15558701559106283
0.30897854480926246
0.2267807131584535
0.30897854480926246
0.2959968080156389
0.3186505185207616
0.35730249203200304
0.33315847908801033
0.5965924199668439
0.2976945754791801
0.6539428985627974
0.2638426674889331
0.7192037879995723
0.24449872006593476
0.7963302936975787
0.23966273321018516
0.8655463885547642
0.24127472882876838
0.14965420746044691
0.5498001979464172
0.19316146708496343
0.5046643206260879
0.2584223565217382
0.48370837758450635
0.3355488622197448
0.48693236882167273
0.40674255978713547
0.49821633815175503
0.40674255978713547
0.5024180190392455
0.3355488622197448
0.49113404970916325
0.2584223565217382
0.48791005847199687
0.19316146708496343
0.5088660015135784
0.14965420746044691
0.5540018788339077
0.6499876931423868
0.4530804608314256
0.7112933771587511
0.4256765353155115
0.7923750882771682
0.4208405484597619
0.8675239912649694
0.4417964915013433
0.9228968671507177
0.4740364038730072
0.9228968671507177
0.47823808476049773
0.8675239912649694
0.4459981723888338
0.7923750882771682
0.4250422293472524
0.7112933771587511
0.429878216203002
0.6499876931423868
0.4572821417189161
0.26870589061480576
0.5067651610698329
0.7888154033987987
0.44518692843995517
0.517488311558632
0.6507216159488993
0.41860817604836714
0.782905256672721
0.5095779007178108
0.7700092917240555
0.5985700226770493
0.7506653443010572
0.6875621446362875
0.7329333924966421
0.7844646774363471
0.7232614187851429
0.7666662530444994
0.773233282961222
0.7014053636077247
0.8280411339930505
0.6163684470688968
0.8570570551275479
0.5253987223994532
0.848997077034632
0.4383842031504202
0.8215931515187177