0.02198716184223718
0.33589223023423675
0.023591921318039118
0.4485632388997362
0.04445379450346397
0.5547025948889748
0.07815374349530417
0.657576124540083
0.12308700881775776
0.7473863488386694
0.19690594470464579
0.8192345282775387
0.28195819692214724
0.8812852287020166
0.3734294870428564
0.9335384501121033
0.4681102961151692
0.9759941925077987
0.5660006241390859
0.9531334081408858
0.6606814332113989
0.9057789262379948
0.7473384449047022
0.8518927916588429
0.8147383428883826
0.7816775253890389
0.8644858866382419
0.6951331274285828
0.898185835630082
0.5987912504537355
0.9367000630493281
0.500816460309823
0.9575619362347529
0.39141127798245384
0.10543465458393672
0.07299321001473812
0.2001154636562496
0.06482864416941204
0.2883772348253549
0.08115777586006413
0.3654056896638468
0.12524643142482478
0.4312008281717253
0.1938287845255636
0.5948862947035204
0.17096800015865063
0.6526576358323893
0.12361351825575957
0.7232670527676734
0.0925881680435206
0.806714545509373
0.09095525487445541
0.8805334813962611
0.10565147339604229
0.07975850297110608
0.2999681405148022
0.1599964767612018
0.2542465717809763
0.2546772858335147
0.24608200593565024
0.34614857595422377
0.2738415298097588
0.4071294360346965
0.33425931706517154
0.4071294360346965
0.42570245453282324
0.33812477857521417
0.4812215022810404
0.2450487289787032
0.48285441545010566
0.1503679199063903
0.4518290652378666
0.08938705982591759
0.384879625306193
0.5804434594213032
0.34242388291049763
0.6510528763565875
0.2869048351622805
0.7393146475256926
0.2640440507953675
0.827576418694798
0.2787402693169544
0.8853477598236669
0.34405679607956274
0.8693001650656477
0.4273353677018885
0.8179478618399865
0.4975506339716925
0.7264765717192774
0.5024493734788881
0.6414243195017759
0.4763227627738447
0.5724196620422936
0.42570245453282324
0.27232964006733573
0.3571201014320845
0.7120337364370601
0.37018340678460615
0.4761340934941788
0.5742975529177573
0.27393439954313764
0.6837027352451264
0.3766390059944602
0.6886014747523219
0.4889721693005942
0.6886014747523219
0.5997005731309262
0.6886014747523219
0.695986141679041
0.6902343879213871
0.659076673735597
0.7816775253890389
0.5788386999455013
0.8469940521516471
0.4793436124457826
0.8878168813782774
0.3814532844218658
0.8469940521516471
0.306029589059176
0.775145872712778