0.07403300452193033
0.41427206234936675
0.08835239683422727
0.5220443315076706
0.10696760684021334
0.6281836874969092
0.14849384454587447
0.7147280854573652
0.2129311099512107
0.7735129595437128
0.28166419305023604
0.8355636599681907
0.35755697230540984
0.9008801867307992
0.4363136300230431
0.9417030159574294
0.5236619231280544
0.9547663213099511
0.605282459308147
0.9123105789142557
0.6854710562570099
0.8616902706732341
0.7642277139746431
0.8029053965868865
0.8401204932298167
0.7555509146839955
0.895966123247775
0.6869685615832567
0.9260368471035985
0.5889937714393443
0.9346284824909767
0.47795567594291
0.9274687863348282
0.37344923312273653
0.0926482145279164
0.0925881680435206
0.15278966223956353
0.12361351825575957
0.21149917071998103
0.15300595529893335
0.2716406184316282
0.1889300450183679
0.3203265522934378
0.23301870058312857
0.5064786523532981
0.16770217382052022
0.5780756139147827
0.1154489524104335
0.6668558462510239
0.08115777586006413
0.7656596532058727
0.06809447050754244
0.8615995816982622
0.08442360219819453
0.10123984991529453
0.3162972722054543
0.12987863453988846
0.23955035325938945
0.20720335302629195
0.2575123981191067
0.28309613228146574
0.31793018537451945
0.32748624844958624
0.40120875699684516
0.3375098230681941
0.4877531549573012
0.2988474638249924
0.5579684212271052
0.2200908061073592
0.5465380290436487
0.15278966223956353
0.4893860681263664
0.1112634245339024
0.40447458333497555
0.5107744700469871
0.3571201014320845
0.5752117354523234
0.2591453112881719
0.6654239070197941
0.20689208987808527
0.7713874101307915
0.22811996107593296
0.8472801893859653
0.2999681405148022
0.8429843716922762
0.4061074965040407
0.7871387416743181
0.4975506339716925
0.6811752385633207
0.5367405500292575
0.576643674683553
0.5318418105220618
0.5050467131220684
0.4567278047450623
0.25302540842564214
0.4093733228421712
0.6883349347194693
0.3603859277702149
0.3675805469240177
0.6265507743278439
0.3847638176987741
0.7686142200365172
0.44633720464165083
0.7555509146839955
0.5150702877406762
0.7506521751767998
0.5780756139147827
0.7408546961624086
0.6396490008576596
0.752285088345865
0.6253296085453627
0.8192345282775387
0.5780756139147827
0.8714877496876254
0.5193661054343653
0.9025130998998643
0.46065659695394784
0.8747535760257558
0.4119706630921382
0.8257661809537995