0.03698140574993344
0.2939661587002557
0.043353586432998914
0.4158695219660271
0.03220227023763437
0.5326220388966252
0.06724926399449438
0.6373559143784852
0.14212238702051352
0.7266372508548248
0.21380941970499998
0.8124846897743823
0.29505472341408456
0.8897473848019839
0.37948611746470196
0.9652931310511944
0.48144100839374926
0.996198209062235
0.5833958993227967
0.9704439773863679
0.6789786095687785
0.9189355140346332
0.7745613198147605
0.8657101019045078
0.8542135783530787
0.7953152019904707
0.9179353851837333
0.718052506962869
0.968912830648257
0.6167525290377914
1.0023667792343507
0.506867807220758
1.0294485471373789
0.3987000341821157
0.08795885121445712
0.02440520049284556
0.19309983248503726
0.0518763809471039
0.2966477685848509
0.08793230529331801
0.40019570468466464
0.13257297353148786
0.49259232458911384
0.18064753932643995
0.6566759771780494
0.20468482222391607
0.7474795519117322
0.1669119490993108
0.8478413976700132
0.13600687108827017
0.9529823789405933
0.12570517841792325
1.0485650891865752
0.13772381986666132
0.10229625775135445
0.2544763367972593
0.1851346066312054
0.21326956611587175
0.2807173168771873
0.21326956611587175
0.3747069819524028
0.2218543100078275
0.43364965327075833
0.2750797221379531
0.4209052919046274
0.3695119049494662
0.3539973947324401
0.4313220609715475
0.2584146844864582
0.4416237536418943
0.16761110975277535
0.4038508805172891
0.09433103189752261
0.3506254683871635
0.6104776672258249
0.2819475172515176
0.6885368805933767
0.2664949782459973
0.7873056811808913
0.2750797221379531
0.8860744817684061
0.2836644660299088
0.973691966160556
0.3231542879329052
0.9418310627452288
0.4158695219660271
0.868550984889976
0.48283052432328194
0.7729682746439942
0.49313221699362886
0.680571654739545
0.4570762926474147
0.6152568027381239
0.38496444395498647
0.2775312265356546
0.3334559806032521
0.7665960939609286
0.3729458025062485
0.4909992794183475
0.5755457583564039
0.24248423277879452
0.7523914825306921
0.3619626205862719
0.7489575849739097
0.484627098735282
0.7609762264226478
0.6056985317135257
0.7712779190929946
0.725176919521003
0.7918813044336884
0.7188047388379376
0.8794456921316369
0.6009193962012266
0.8674270506828989
0.4766618728814502
0.8588423067909432
0.3539973947324401
0.8468236653422051
0.23133291658342994
0.8330880751150761