0.03535974540523608
0.45171080668051833
0.05353531547334807
0.5455297891309621
0.08162483285133935
0.6407284624997944
0.11467132388427026
0.7290286812766826
0.16919803408860631
0.8021522999512931
0.24685728801599396
0.8669977731155704
0.3294735155983213
0.9194260280143477
0.4220036904905278
0.9621964464844028
0.5393187336574327
0.9718542829131249
0.6285442594463461
0.9235651007695143
0.7177697852352596
0.8683774640339592
0.7987336882659403
0.8021522999512931
0.8664789948834487
0.7317880631134605
0.9143964068811985
0.6476269170917388
0.9474428979141295
0.5510485528045175
0.9656184679822415
0.44895142484374057
0.9557045206723622
0.3565121333116858
0.061796938231580806
0.30132449657613075
0.12458527119414955
0.2806291328002976
0.20059220056989066
0.26683222361640885
0.27990377904892494
0.2682119145347977
0.3410397874598471
0.2792494418819087
0.552537330070605
0.25303531443252003
0.6054117157232944
0.21716335055440925
0.6648953995825702
0.19370860494179834
0.7342930307517251
0.17853200483952067
0.80369066192088
0.17163355024757632
0.122932946642503
0.4282560610679074
0.15432711312378738
0.3937637881081855
0.2088538233281234
0.3758278061691301
0.26668518263575247
0.37444811525074123
0.32121189284008855
0.3854856425978523
0.3245165419433816
0.4199779155575742
0.27990377904892494
0.45171080668051833
0.22702939339623543
0.4655077158644071
0.16754570953695974
0.47102647953796256
0.11467132388427026
0.47516555229312923
0.5822791720002428
0.3523730605565191
0.6285442594463461
0.320640169433575
0.6896802678572683
0.31236202392324175
0.7541209253714837
0.31374171484163066
0.8102999601274662
0.33719646045424156
0.8284755301955782
0.37858718800590785
0.770644170887949
0.399282551781741
0.7078558379253804
0.4075606972920743
0.6434151804111651
0.41169977004724084
0.5872361456551825
0.3951434790265744
0.24024798980940776
0.4199779155575742
0.6682000486858632
0.3703090424955746
0.42696066414546746
0.49862029790574014
0.44616881620372484
0.7967715053695765
0.48915149179913187
0.7898950004058791
0.533508042870191
0.7868565447242455
0.5774720580910639
0.7807796333609782
0.6208472695366571
0.7791804461601183
0.6243800921883345
0.7940528871281147
0.5800235411172753
0.7972512615298344
0.5358632579713093
0.8007694733717261
0.49150670690025
0.8062067098546496
0.4481314954546567
0.8127633773781747