-0.12633371475035332
0.4703990729783622
-0.07840837622071946
0.5735795088482346
-0.03240005123227091
0.6699940144971318
0.025110355003289727
0.7664085201460289
0.10179089665070391
0.8408337525767565
0.20147560079234245
0.8915782292340707
0.32033044034583447
0.9304823280046783
0.43343423927577046
0.9609290139990669
0.5542060923704478
0.9761523569962611
0.6443057288061594
0.9237163977837032
0.7152352298300176
0.8509826479082193
0.7938327850186172
0.7731744503670042
0.8609282589601046
0.6835258749390821
0.922272692278036
0.5938772995111603
0.9529449089370017
0.4890053810860442
0.9529449089370017
0.3722930847742213
0.9567789360193724
0.27418709657008034
0.023193341462104406
0.12364514915338137
0.10370791019188928
0.15916628281350137
0.18230546538048892
0.20145334669459655
0.2589860070279031
0.2437404105756918
0.3260814809693905
0.27418709657008034
0.5887123361117842
0.22005965480227846
0.6289696204766766
0.14225145726106328
0.7075671756652762
0.07290067249606703
0.7957497985598025
0.01031581795204613
0.8858494349955143
-0.04042865870526817
-0.040068105397012325
0.42980349165251075
-0.0036448481144905915
0.31985712556166324
0.10945895081544536
0.2792615442358118
0.23598184453367882
0.2978678523434937
0.3586707111695416
0.35537825922178323
0.3950939684520633
0.44164386953921747
0.3299155080517612
0.5329839275223831
0.21106066849826918
0.5718880262929907
0.07878673415647972
0.578653956513966
-0.028566024149900185
0.5177605845251889
0.5829612954882281
0.30970823023020033
0.6366376746414181
0.2234426199127661
0.717152243371203
0.14055997470581946
0.8110859068892853
0.09319846315899276
0.8839324214543289
0.135485527040088
0.895434502701441
0.2234426199127661
0.8647622860424753
0.33338898600361366
0.8110859068892853
0.4095057009895851
0.690314053794608
0.436569421873486
0.5887123361117842
0.4061227358790975
0.193807546627601
0.4703990729783622
0.717152243371203
0.3300060208931261
0.6002144173588964
0.605717677397867
0.3988178223424118
0.8671618752331441
0.4406395660340187
0.8384538759583319
0.4936328713966715
0.8265505591858486
0.5477719779563544
0.8184983154868158
0.6013381839175221
0.810796169339915
0.6190981024714922
0.8538581682521336
0.5681099492036428
0.8727634360672538
0.5162624450380204
0.8902683136738467
0.4647013911716556
0.9077731912804397
0.41170808580900303
0.8979704598207477