0.12316070659198163
0.4791189328884699
0.1312832525581392
0.5910414925413829
0.14752834449045438
0.7046345381592649
0.19139009270770527
0.8031932100924271
0.26611751559635494
0.8783650785160254
0.35546552122408837
0.9401730592198729
0.44481352685182163
0.9936286100988762
0.5390350600592496
1.0253678434332842
0.6300075748802144
0.9819352083440943
0.7128575437350217
0.9234681995701843
0.7875849666236715
0.8633307048313058
0.8541898435461636
0.7998522381624894
0.9126721745024982
0.7096459960541713
0.9662809778791381
0.6194397539458535
0.9825260698114533
0.5091876802579093
0.9581584319129804
0.39559463464002736
0.9224192296618873
0.29035401884698975
0.07767444918149918
0.26863770130239467
0.08904601353411983
0.2519328416527062
0.1101646330461295
0.24525089779283074
0.13615678013783372
0.24525089779283074
0.1572753996498434
0.2519328416527062
0.35709003041731985
0.15170368375457513
0.43669098088566405
0.09657764691060297
0.5374105508660181
0.07987278726091449
0.6413791392328351
0.0782023012959456
0.7420987092131891
0.08655473112078992
0.12478521578521316
0.4657550451687192
0.11503816062582406
0.3905831767451209
0.15240187207014894
0.3304456820062422
0.21738223979940952
0.34548005569096185
0.2628684972098919
0.40895852235977825
0.27424006156251257
0.4490501855190306
0.27424006156251257
0.5275630258725666
0.24174987769788225
0.5943824644713207
0.21250871221971496
0.6211102399108224
0.16539794561600105
0.5559612872770371
0.37333512234963495
0.3538324855158061
0.4318174533059696
0.2586147855125816
0.5260389865133974
0.20014777673867176
0.6348811024599089
0.18344291708898328
0.7339761632470314
0.2168526363883603
0.7550947827590411
0.3154113083215225
0.7161065621214847
0.4173109521846225
0.6170115013343622
0.46742553113368795
0.5032958578081562
0.477448446923501
0.4058253062142653
0.44403872762412405
0.22875380415203014
0.47076650306362566
0.5893948450494265
0.32209325218139795
0.23525184092495618
0.6227807258757911
0.4363772825586954
0.8241694635060302
0.46705249753157746
0.8071479884932139
0.5062255761118118
0.7999940352269578
0.5433260050317165
0.7950602743536775
0.5800119040195552
0.8007340993579496
0.5955567764720291
0.8273764080736622
0.5605289972124544
0.8374906178638865
0.5221849784963519
0.8468647635231186
0.48301189991611737
0.8500717080907506
0.44736232575844365
0.8488382678724307