0.06993668758933315
0.340606785445139
0.07925187594670532
0.46558556106007326
0.09632972126855428
0.5833191902625476
0.13048541191225213
0.6901850998463319
0.18637654205648513
0.7753155701927363
0.2624505803083578
0.8459557477142209
0.3509448697033932
0.9075394922201306
0.44409675327711473
0.9600668037104653
0.5434587624224178
0.9872361027571901
0.635058114603244
0.9473877974886603
0.7219998726053841
0.8912379127920956
0.7996264422501522
0.8368993146986461
0.867937823537548
0.7662591371771615
0.9207238908959903
0.6829399534338719
0.945564393182316
0.5706401840407426
0.9641947698970602
0.45290655483826836
0.9797200838260138
0.344229358651369
0.13824806887672897
0.09427180742150047
0.23139995245045056
0.11057338684953537
0.31057905348811393
0.17034584475232994
0.3897581545257773
0.24279730887692952
0.45341194163448695
0.3261164926202191
0.6241903948529766
0.3116261997952992
0.695606838926163
0.21925058303643472
0.7856536597140938
0.13955397249937515
0.8834631374665015
0.08340408780281053
0.9843776780047
0.058046075359200686
0.10098731544724031
0.3279277792233341
0.16464110255595008
0.23011830265512462
0.2624505803083578
0.20294900360839982
0.3602600580607654
0.2409860222738146
0.43788662770553344
0.3116261997952992
0.4347815649197427
0.42392596918842845
0.37423284059682366
0.5108677261379481
0.2717657686657299
0.5253580189628678
0.16929869673463618
0.5108677261379481
0.09477718987565892
0.43660497541023346
0.6443733029606162
0.3170600596046441
0.7173422784266982
0.2337408758613546
0.8104941620004198
0.17759099116478994
0.9098561711457227
0.20476029021151482
0.9704048954686417
0.2953246203672642
0.9766150210402231
0.4058131031572786
0.9269340164675717
0.48550971369433815
0.8198093503577918
0.48188714048810816
0.7142372156409075
0.48007585388499313
0.6428207715677209
0.41486953617285355
0.3121315848810093
0.3768325175074388
0.7856536597140938
0.3550970782700589
0.5434587624224178
0.5597724644220526
0.35560246388207933
0.8622573271422559
0.44254422188421955
0.8278428816830711
0.5512214193868946
0.8242203084768411
0.6583460854966744
0.8133525888581511
0.7359726551414424
0.8405218879048759
0.7359726551414424
0.8405218879048759
0.6583460854966744
0.8133525888581511
0.5512214193868946
0.8242203084768411
0.44254422188421955
0.8278428816830711
0.35560246388207933
0.8622573271422559