0.009475613452872417
0.42433884547237993
0.02372027191828943
0.5328961795311068
0.04587862953116034
0.6381638974062358
0.07753342612097595
0.7401419990977671
0.12818110066468089
0.8256720198713094
0.20098713282125674
0.8881747273596673
0.2896205632727404
0.939163778205433
0.38616769287167796
0.9720599400414108
0.49537674110654173
0.9786391724086063
0.5950893503644609
0.952322242939824
0.6853055206454353
0.9046228082776562
0.7644425121199742
0.8519889493400917
0.8325003247880777
0.7927758580353316
0.8799825196728011
0.7072458372617892
0.9132200560921074
0.6019781193866602
0.9322129340459968
0.4917759772361345
0.9337956738754876
0.37992902699380976
0.08544712526842986
0.05261221672583032
0.17091507606093193
0.09044280283720486
0.2579657666829248
0.13485262131577494
0.33710275815746377
0.1776176317025461
0.3972468716781134
0.2187378339975184
0.6109167486593686
0.1990001368959317
0.6773918214979814
0.13156300513217714
0.7676079917789558
0.09702203520440043
0.8673206010368748
0.1019564594797971
0.9448748526819231
0.13156300513217714
0.0743679464619944
0.3749946027184131
0.12343288117620856
0.300978238587463
0.2041526124802383
0.29275419812846853
0.2864550836137588
0.32071593568904966
0.34976467679338996
0.3832186431774076
0.3687575547472794
0.4638142396755533
0.31652714037408364
0.5312513714393079
0.22631097009310921
0.5427650280819001
0.134512059982644
0.5230273309803134
0.07120246680301284
0.4638142396755533
0.6077512690003871
0.361836137984022
0.6647299028620551
0.3092022790464574
0.7359531951891402
0.26479246056788736
0.823003885811133
0.254923612017094
0.8736515603548379
0.3141367033218541
0.8783997798433103
0.39144268363640206
0.8356658044470593
0.45723500730835775
0.7549460731430295
0.48355193677714
0.672643602009509
0.4917759772361345
0.6204131876363133
0.4440765425739666
0.2183972709456553
0.4325628859313744
0.6995501791108523
0.3897978755446032
0.5143696190604311
0.588819654652269
0.270627685318851
0.6973769887109958
0.37192303440626096
0.6957321806191971
0.4890457817885786
0.6940873725273982
0.5998375698529331
0.680928907793007
0.7074638782583061
0.6842185239766048
0.6805573011569629
0.7796173933009405
0.6030030495119147
0.8635026059826839
0.5048731800834864
0.907912424461254
0.39566413184862265
0.8848851111760695
0.31652714037408364
0.8042895146779239