0.017324119719941883
0.19102448893599952
0.011901334322840965
0.33275638158056914
0.02952538686341896
0.4744882742251387
0.06612918829385019
0.6119682100903711
0.11357856051848325
0.7338576377647009
0.19220894877644665
0.8203140922778884
0.29795326401991457
0.8897627196737276
0.40234188291410733
0.9492901145844467
0.5162203762532267
1.0031482337893831
0.6328102622908965
1.02724265553896
0.7222862213430618
0.9521247524373381
0.8158292694430527
0.8883454007472819
0.8903925686531903
0.8047235840869857
0.9554659934184013
0.7097632160151243
1.0029153656430345
0.6020469776052513
0.9974925802459336
0.45889776603423604
1.011049543738686
0.32566978694834064
0.18271907433152001
0.036536725953418676
0.30473174576629075
0.0337020881005273
0.4186102391054101
0.08047361267323525
0.5257102506981534
0.1555915157748571
0.6111191207024929
0.24346528921449023
0.7887153424575482
0.24488260814093593
0.8442988927778324
0.21795354853846774
0.9025938357966675
0.18818985108310815
0.9541102970691261
0.1555915157748571
1.011049543738686
0.13007977509883462
0.18271907433152001
0.19244180786244522
0.2681279443358595
0.15133955899552
0.38742922307207983
0.1626781104070856
0.5040191091097497
0.18818985108310815
0.6056963353053919
0.2406306513615989
0.5948507645111901
0.35968544118303736
0.49181784196627254
0.3880318197119512
0.37116086688077704
0.3908664575648426
0.24914819544600628
0.37952790615327703
0.19085325242717138
0.2944887705665353
0.7643128081705939
0.2930714516400896
0.8076950913474014
0.23496137565581607
0.8903925686531903
0.21228427283268494
0.9636001715140529
0.22078818639135914
0.9974925802459336
0.2732289866698499
0.9934254911981079
0.3554334844037002
0.9595330824662271
0.41637819824086514
0.876835605160438
0.4192128360937565
0.7968495205531995
0.407874284682191
0.7507558446778416
0.3639373979623744
0.47148239672714415
0.2732289866698499
0.8619229453184105
0.31149659768388366
0.8131178767445022
0.45889776603423604
0.36573808148367615
0.6629916914424161
0.4484355587894652
0.5921257451201313
0.600273549908291
0.603464296531697
0.7466887556300159
0.6105508911639254
0.8266748402372545
0.6955900267506672
0.8090507876966765
0.8401565572481282
0.7209305249937865
0.9096051846439673
0.5718039265735112
0.901101271085293
0.42267732815323583
0.8940146764530646
0.36031529608657525
0.808975540866323