0.05832461993031154
0.39611584885831247
0.075839433584683
0.5035215062777991
0.11281515129946715
0.6003626728035658
0.15173695942029264
0.6919215938824724
0.21985012363173712
0.7729160240676591
0.3074241919035944
0.8398244663945525
0.39499826017545153
0.9120151541683059
0.47673405722918494
0.9754020995306258
0.5643081255010423
1.021181560070079
0.6674509170212296
0.9930095843534926
0.749186714074963
0.9313833874734592
0.8425990535649441
0.8679964421111391
0.9146043985884711
0.7940450058550992
0.9749332011757506
0.7060075817407658
1.021639370920741
0.6109271636972858
1.0605611790415665
0.5123252486892325
1.0702916310717727
0.40844108823431907
0.075839433584683
0.22532324607650572
0.1458986882021688
0.21123725821821243
0.2393110276921498
0.2200410006296457
0.31715464393380066
0.24645222786394572
0.39110607936336905
0.2728634550982457
0.6285291089004043
0.23940923393479904
0.7180492675783027
0.20595501277135242
0.8095155166622424
0.17426154009019237
0.8990356753401411
0.14961106133817903
0.9866097436119982
0.13376432499759905
0.11086906089342588
0.3256859095668458
0.1809283155109117
0.3327289034959924
0.25487975094048004
0.33448965197827907
0.3307772767760896
0.3397718974251391
0.37359126570899753
0.3767476155531591
0.3658069040848325
0.4242878245748991
0.32688509596400706
0.4753495305612125
0.2568258413465213
0.4735887820789258
0.19065876754111802
0.44365605788005247
0.1458986882021688
0.3908336034114524
0.6479900129608168
0.3362504004605657
0.7258336292024677
0.3468148913542858
0.8056233358501599
0.3450541428719991
0.8873591329038933
0.3380111489428524
0.9632566587395028
0.3450541428719991
0.941849664273049
0.3996373458228858
0.8834669520918108
0.4489383033269125
0.8056233358501599
0.4753495305612125
0.7297258100145504
0.4612635427029191
0.6830196402695599
0.40315884278745906
0.3054781014975531
0.43133081850404575
0.7550249852930868
0.4137233336811791
0.47478796682314367
0.6954430908470458
0.39499826017545153
0.8761300489061798
0.49814105169563894
0.8726085519416065
0.5973916624037438
0.8778907973884664
0.7024805443299724
0.8778907973884664
0.770593708541417
0.8937375337290465
0.770593708541417
0.8996899147922992
0.7024805443299724
0.8838431784517191
0.5973916624037438
0.8838431784517191
0.49814105169563894
0.8785609330048592
0.39499826017545153
0.8820824299694325