0.05968696115671675
0.44863480441092546
0.10403847748415795
0.555705942551285
0.12344226587741347
0.681586875229816
0.17610969151624994
0.7799765697371734
0.25095287531880694
0.8552157478898587
0.33688393820322426
0.9304549260425438
0.4214290162024091
1.0056941041952288
0.5350797767914772
0.9941188460178927
0.6445725827248477
0.943477091492047
0.7526794037729857
0.882706986061032
0.8524703155097283
0.821936880630017
0.9217695597713553
0.7380162588443299
0.9716650156397266
0.6266043988874691
1.0049286528853076
0.5007234662089383
0.9910688040329821
0.3618203680809041
0.9550331970169361
0.2344925281302062
0.9023657713780998
0.14189046271151687
0.03473923322253106
0.2923688190168871
0.06384491581241437
0.26343067357354666
0.11651234145125079
0.26053685902921264
0.1567059031229944
0.2388332499467073
0.18026764617194754
0.20989510450336685
0.34935780217031714
0.11295231726817644
0.37984946964543304
0.060863655470163626
0.41727106154671156
0.02179715912165406
0.4602365929889202
-0.011481708138187455
0.508746063972059
-0.034632224492859805
0.10403847748415795
0.4385064535057563
0.12621423564787854
0.3849708844355765
0.17472370663101738
0.35747964626440315
0.22600514738462132
0.3285415008210627
0.2731286334825276
0.33577603718189775
0.29530439164624817
0.39075851352424457
0.2786725730234577
0.4442940825944244
0.23016310204031887
0.4761260425820989
0.17472370663101738
0.4949358371202702
0.12482825076264603
0.48336057894293394
0.44637674413659484
0.2373863426745403
0.4824123511526408
0.16214716452185515
0.5627994744961279
0.1389966481671828
0.6459585676100802
0.11439922454034343
0.7305036456092651
0.11439922454034343
0.7582233433139157
0.18095695906002646
0.706941902560312
0.24172706449104137
0.6237828094463597
0.2721121172065488
0.5420097012176399
0.29960335537772226
0.46162257787415273
0.31407242809939245
0.17749567640148245
0.41535593715108393
0.5350797767914772
0.19831984632603072
0.3105502253838061
0.46889150622126374
0.41857022324085763
0.8366078473896642
0.4869566291815211
0.8085782251172193
0.5592349444033605
0.7920902120157813
0.6354051689063758
0.7748955697814244
0.7037915748470392
0.76005635799013
0.7235291147730031
0.7887926093954936
0.6526407671515836
0.810933655560282
0.5806404454498283
0.8302481851933953
0.5089181172681569
0.8490916287378959
0.43580582148606556
0.8629886683519653