-0.017850691788762012
0.21112456211869587
-0.02043949363333796
0.3343415814821935
-0.04114990838994549
0.45618952285276343
-0.052799516690537236
0.5807756202091888
0.004154123890133499
0.6903018596434091
0.08699578291656365
0.7669702272473632
0.18148705024358552
0.8272096589361841
0.2824503221820473
0.8696510767169445
0.3898855987319489
0.9038780265401383
0.5102648845047301
0.9148306504835604
0.6228777647437836
0.894294480589644
0.7108970274593657
0.8381622828796063
0.78467788002978
0.7546485253110133
0.8493979261441785
0.6725038457353483
0.8985851611911215
0.5698229962657669
0.914117972258577
0.44797505489519696
0.9464779953157765
0.34940143940439883
0.1426550225749464
-0.08185812836784302
0.2746839166483194
-0.0339403986153717
0.37694158950906914
0.06326413888249868
0.46107764945778723
0.17005222233086334
0.5387417047950656
0.2631495258499505
0.6888922117804702
0.33844881546097677
0.7510234560502927
0.26041136986409497
0.8170379030869793
0.18237392426721308
0.8985851611911215
0.12897988254303078
0.9762492165283997
0.09338385472690922
0.15042142810867423
0.1618377543732968
0.23585188897968032
0.10159832268447573
0.336815160918142
0.12076541458546426
0.4313064282451639
0.18785023623892408
0.5219144928053219
0.2631495258499505
0.5089704835824421
0.36719945331245957
0.41318481533313234
0.4096408710932199
0.3018663360163668
0.4164862610578587
0.19701986131104118
0.3713066872912429
0.1465382253418103
0.27410214979337244
0.7290186403713973
0.29874555366607203
0.7691450689623243
0.23850612197725088
0.831276313232147
0.2029100941611294
0.9063515667248493
0.21249364011162367
0.919295575947729
0.2768403057792279
0.9063515667248493
0.3630922193336763
0.8662251381339222
0.4288079629942084
0.8040938938640996
0.4575586008456912
0.7225466357599574
0.4397605869376304
0.7031306219256379
0.3630922193336763
0.3665863821307654
0.2617804478570227
0.7976218892526598
0.31106725560242177
0.7329018431382611
0.4958927846476682
0.24102949266883217
0.6697656897494928
0.34069836368500594
0.6040499460889607
0.46237205038007523
0.64101505189801
0.5918121426088723
0.6437532078838655
0.7147802302262295
0.6478604418626487
0.6746538016353025
0.7806610071766407
0.5749849306191288
0.8518530628088837
0.44425043746804366
0.8573293747805948
0.31869354800611044
0.8381622828796063
0.2267910825236645
0.7614939152756521