0.00590267791011869
0.36945219283047687
0.027713792626776822
0.4941326863817031
0.05800700751102423
0.6173463505970326
0.0943588653721211
0.7390931854764652
0.17312122407116434
0.8256361162943753
0.2603656829377969
0.9004444124251109
0.3536687847812789
0.9693853912122595
0.45060707241087056
1.01925758863275
0.5499688172312021
1.0427268580070985
0.644483647670054
1.0031224659378855
0.7183990919876178
0.9165795351199755
0.7971614506866609
0.8241692869584785
0.8674417092181149
0.7244248921174975
0.9231812246051302
0.6173463505970326
0.9522627108940076
0.4941326863817031
0.9764972828014056
0.36798536349458005
0.9837676543736249
0.2462385286151474
0.026502064031406928
0.06288486162805002
0.10526442273045016
0.06435169096394681
0.18281505283412353
0.09515510701777916
0.2555187685563173
0.14502730443826964
0.31247001253870244
0.20810096588183116
0.45666571538772005
0.16556291514082458
0.5305811597052837
0.06435169096394681
0.6129787041904367
-0.03245904520524062
0.7232460063690972
-0.06326246125907299
0.8238194797847986
-0.028058557197550297
0.022866878245297227
0.32104682474588314
0.06770083627398339
0.22130242990490218
0.1573687523313557
0.18463169650748268
0.2482483969840979
0.22276925924079893
0.30519964096648305
0.31371267806639924
0.34033977023221
0.3973219502125157
0.2979292693942637
0.5044004917329805
0.2022027103600419
0.5366707371227097
0.11374652289803944
0.5264029317714323
0.07254775065546296
0.4222580489227609
0.5463336314450924
0.2741082859971862
0.5899558608784086
0.16702974447672134
0.6687182195774519
0.09955559502546951
0.7717151501838931
0.11275705904854053
0.8359367657384976
0.1978331605305537
0.8492657802875664
0.2975775553715347
0.7983731792820308
0.38412048618944467
0.7038583488431789
0.428125366266348
0.6069200612135872
0.45746195298428366
0.5414867170636128
0.375319510174064
0.19493233878782248
0.36211804615099297
0.6650830337913421
0.275575115333083
0.3888089140470059
0.5073341504047741
0.36215088494886816
0.7229580627816007
0.40940830016829416
0.6569507426662455
0.5087700449886257
0.6334814732918972
0.6154021613811764
0.6466829373149682
0.6687182195774519
0.7361595268046718
0.69052933429411
0.8403044096533431
0.6396367332885744
0.9385819751584271
0.5426984456589827
0.9620512445327756
0.4397015150525415
0.9400488044943239
0.3851737282608962
0.8403044096533431