0.01568834146296566
0.5134655772385935
0.010600778533761037
0.607015984195256
0.017384195772700544
0.6963140999266159
0.061476407825807294
0.7643507595314613
0.13100643452493715
0.8125433934182268
0.20562402415327166
0.849396584037518
0.2887208853302805
0.8890846354736779
0.3718177465072893
0.9259378260929692
0.45491460768429826
0.9585387254869577
0.5447948861002466
0.9670433079375633
0.619412475728581
0.924520395684535
0.6957259196666504
0.8763277617977695
0.7652559463657803
0.8295525583194381
0.8330901187551754
0.772855341982067
0.877182330808282
0.7062361127856557
0.8975325825251005
0.6211902882795989
0.9178828342419191
0.5418141854072791
0.21410329570194603
0.33628677618430847
0.3022877198081595
0.3235299025083999
0.4108223956311915
0.32211247209996563
0.5091819455958142
0.3334519153674399
0.5922788067728231
0.3674702451698626
0.863615496330403
0.3561308019023884
0.8941408739056308
0.3377042065927427
0.9263621057905933
0.3235299025083999
0.9636709006047607
0.3121904592409257
1.0009796954189278
0.3022684463818857
0.21071158708247625
0.49220412111207934
0.29041673964001535
0.4510986392674852
0.3972555611533125
0.44117662640844524
0.5040943826666096
0.46669037376026223
0.5922788067728231
0.5148830076470279
0.5922788067728231
0.5871719584771762
0.5142695085250188
0.6325297315470731
0.4108223956311915
0.6424517444061131
0.3073752827373641
0.6141031362374274
0.22767013017982501
0.5616582111253591
0.7737352179144548
0.5389793245904106
0.8059564497994173
0.490786690703645
0.8483528075427892
0.4539335000843538
0.9026201454543052
0.4340894743662738
0.9450165031976769
0.46243808253495944
0.9246662514808586
0.5191352988723307
0.8958367282153658
0.5744150848012677
0.8551362247817287
0.6027636929699532
0.7923896153215382
0.6183554274627304
0.755080820507371
0.5885893888856104
0.44982704475509366
0.5659105023506619
0.8195232842772964
0.5446490462241478
0.7720393636047198
0.7062361127856557
0.526140488693163
0.8763277617977695
0.5430990317905118
0.869240609755598
0.5600575748878605
0.8607360273049923
0.5837995352241487
0.8579011664881236
0.5990622240117626
0.8678231793471637
0.5990622240117626
0.879162622614638
0.5854953895338836
0.8805800530230723
0.5617534291975953
0.8834149138399408
0.5414031774807768
0.8890846354736779
0.5193570714542235
0.8890846354736779