0.005794702094689707
0.3902242963693658
0.04340113609696164
0.5115553413417034
0.08240040098820664
0.6299975519099378
0.13950646743610107
0.7426620936699655
0.21611216632961802
0.8437712978135803
0.31361032855773047
0.9275474955325753
0.4250367996755733
0.9867686008166925
0.532284778126497
1.0329899512823448
0.6325686021325554
0.9723244287961762
0.7217097790268298
0.9044368202997491
0.8122437868100769
0.8249938741869091
0.8790996694807828
0.7181070012350877
0.9445627212625153
0.6184422142935246
0.9933118023765715
0.5043332553314451
1.0086329421552749
0.36855803833859124
0.9849548170427334
0.2371160729518921
0.9431698903735423
0.13022920000007085
-0.008133606795040656
0.26167116538677
0.03643698165209648
0.24433815896215028
0.09215021721101789
0.2400049073559954
0.14786345276993926
0.24289374176009865
0.19800536477296854
0.25011582777035685
0.36096657878281363
0.16778404725341345
0.40275150545200467
0.10856294196929626
0.4584647410109261
0.06956367751390204
0.5169636383477936
0.03200883026055944
0.5698912121287689
-0.008434851396886463
0.037829812541069506
0.38589104476321084
0.057329444986692006
0.33533644269140356
0.11025701876766733
0.3266699394790937
0.16875591610453478
0.3324476082873002
0.22307632077448317
0.345447363105765
0.23143330610832138
0.38733546196526253
0.20496951921783368
0.43933448123912144
0.15900609988172357
0.4624451564719477
0.10329286432280217
0.4552230704616895
0.054543783208745915
0.42777914362270836
0.4515005865660609
0.2400049073559954
0.4849285279014137
0.18367263647598148
0.5489987487941734
0.1504510408287938
0.6214259550207712
0.1403401204144323
0.6882818376914769
0.1504510408287938
0.7175312863599106
0.20678331170880768
0.6604252199120162
0.24867141056830525
0.5963549990192566
0.2862262578216478
0.529499116348551
0.3151146018626806
0.4696073881227104
0.293448343831906
0.15343477632583138
0.39311313077346904
0.5517844105721195
0.22122748372932408
0.33032429922540685
0.6068868766771115
0.42225113789762714
0.8264382913889605
0.4696073881227104
0.7961055301458762
0.532284778126497
0.7802169409233082
0.5935693372413106
0.7657727689027917
0.6576395581340702
0.752773014084327
0.6743535288017465
0.7961055301458762
0.613068969686933
0.804772033358186
0.5517844105721195
0.8278827085910123
0.4891070205683329
0.8379936290053738
0.4306081232314654
0.8611043042382