0.09945815458696411
0.28606907617522787
0.12221552894160843
0.39782404805848137
0.14822395677548764
0.5047895211467384
0.17585791134898432
0.6117549942349954
0.22137266005827297
0.7139309685282558
0.2912703098618234
0.7921594488465331
0.37904875380116576
0.8592124319764852
0.4635761442612733
0.9294584143031018
0.5627332753779379
0.9597919066714133
0.6635159332342199
0.9166864175164443
0.7545454306527972
0.84803693478816
0.8293196606751999
0.7698084544698824
0.8813365163429585
0.6788079773649475
0.9122215243956902
0.5718425042766905
0.9317278452710995
0.46008753239343697
0.9577362731049787
0.35312205930518
0.9723660137615358
0.24615658621692302
0.11083684176428628
0.06096263281038856
0.18723659852630647
0.07373462959704612
0.2652618820279442
0.08810312598203583
0.34003611205034695
0.10885762076035439
0.39367849445772296
0.14557711152199482
0.5968693369099043
0.14717361112032704
0.6683925134530723
0.11045412035868654
0.7480433236943274
0.08491012678537148
0.8309451874148175
0.06255913240872077
0.9057194174372202
0.059366133212056374
0.14822395677548764
0.2573320834052484
0.19861528570362863
0.23817408822526207
0.2620108285487093
0.23977058782359423
0.32378084465417245
0.2445600866185908
0.37904875380116576
0.2573320834052484
0.36929559336346107
0.3052270713552142
0.3270318981334074
0.34513956131351897
0.2685129355071791
0.361104557296841
0.21161949962056828
0.34194656211685465
0.1677302776508971
0.30842007055187853
0.6505117193172802
0.22220909224194008
0.7074051552038911
0.2238055918402723
0.7691751713093543
0.22220909224194008
0.8325707141544348
0.21901609304527572
0.8894641500410457
0.23019159023360108
0.8797109896033409
0.2764900785852347
0.8374472943732872
0.3100165701502108
0.7773028050074415
0.3211920673385361
0.7139072621623609
0.3132095693468751
0.6700180401926896
0.27968307778189905
0.28964478312220593
0.27968307778189905
0.7334135830377703
0.26052508260191276
0.48633351861591767
0.6085619950383309
0.4440698233858639
0.8244146536943189
0.49771220579323977
0.810046157309329
0.5578566951590855
0.810046157309329
0.6163756577853139
0.8132391565059934
0.6635159332342199
0.8212216544976544
0.6635159332342199
0.8256859404115092
0.6163756577853139
0.8177034424198483
0.5578566951590855
0.8145104432231839
0.49771220579323977
0.8145104432231839
0.4440698233858639
0.8288789396081737