0.12368719924085055
0.6224245954444734
0.16739580712834198
0.6947663930382489
0.20948557768666715
0.7698905674625541
0.26776372153665584
0.8366676113952699
0.342230238678308
0.8937063364211312
0.42479094246579185
0.9368331772943436
0.5170646702282738
0.9646569455996418
0.6109572353199223
0.9660481340149066
0.6951367764365726
0.9243124815569594
0.7728409682365572
0.8700561333616278
0.8295002747573795
0.8088438430899717
0.8893972559365347
0.7462403644030506
0.9331058638240262
0.67528975522454
0.9622449357490205
0.5918184503086453
0.950913074444856
0.502782391731691
0.9217740025198617
0.41931108681579626
0.8877784186073683
0.3414045355609612
0.05245835675753108
0.4443524782905646
0.07674091669502635
0.42348465206159097
0.11235533793668608
0.4179198984005313
0.14796975917834582
0.42487584047685584
0.17710883110334014
0.4304405941379155
0.3292795400449771
0.3455781008067559
0.3584186119699715
0.2996688831030138
0.4102214065032947
0.26071560747559624
0.47659373699911506
0.2356742160008278
0.5462037421532682
0.22037114343291378
0.11397417526585242
0.5765153777407314
0.12044952458251784
0.5319973484522541
0.17548999377417376
0.4986088264858962
0.24671883625749322
0.4986088264858962
0.2855709321574857
0.5264325947911944
0.3066158174366482
0.5779065661559962
0.30499698010748183
0.6335541027665926
0.2661448842074894
0.6697250015634805
0.19815371638250268
0.6627690594871559
0.15282627116584485
0.6210334070292085
0.39727070786996393
0.4638291161042734
0.439360478428289
0.40122563741735234
0.5138269955699412
0.35531641971361033
0.6077195606615895
0.33583978189990155
0.6999932884240715
0.3414045355609612
0.7178004990449014
0.40539920266314716
0.6838049151324079
0.47634981184165764
0.6109572353199223
0.5292149716217243
0.5219211822157729
0.5528651746812278
0.439360478428289
0.5264325947911944
0.2305304629658297
0.5890360734781155
0.5251588568741056
0.4401789130447699
0.3066158174366482
0.7281549150046067
0.45716768904911886
0.8352764229800049
0.5122081582407748
0.8144085967510313
0.5640109527740981
0.786584828445733
0.619051421965754
0.7629346253862296
0.67409189115741
0.7420667991572558
0.6708542164990773
0.7879760168609979
0.6498093312199147
0.8366676113952699
0.6109572353199223
0.8728385101921575
0.5462037421532682
0.8714473217768928
0.4879255983032796
0.8589266260395084