0.0460944694978808
0.39396532883694924
0.06942677946255499
0.5197931446955348
0.08942590228941859
0.6399657778189031
0.16942239359687303
0.7431728627366192
0.24441910419761148
0.8477937433381398
0.3160826276605394
0.9566560109910736
0.4227446160704786
1.0047250642404206
0.5660716629963344
0.9637249894100951
0.6960659613709477
0.9029317750065088
0.8160606983321292
0.8378971735515095
0.9277224674487844
0.76296600230988
1.0110521458940496
0.6640003044435766
1.0743827015124507
0.5480690583716215
1.114380947166178
0.41799985546162294
1.119380727872894
0.2808616741326027
1.0860488564947879
0.15503385827401717
1.036051049427629
0.05041297767249658
-0.0039033375692781856
0.2568271475079291
0.07442656016927089
0.25399955614032044
0.15442305147672533
0.2497581690889074
0.219420200664032
0.27662028708118974
0.2460856977665168
0.311965179176298
0.33441515691849766
0.15079247122260417
0.39441252539908844
0.07586129998097456
0.4777422038443535
0.019309472628801283
0.5727380372719556
-0.028759580620546017
0.6827332128197053
-0.049966515877610994
0.0677601858936497
0.38689635041792764
0.07775974730708149
0.35862043674184096
0.11609139939190338
0.33317211443336303
0.15942283218344122
0.3176203619115153
0.20608745211278962
0.3261031360143413
0.2277531685085585
0.35296525400662365
0.219420200664032
0.39537912452075363
0.1894215164237366
0.43072401661586196
0.13942370935657758
0.43637919935107927
0.09275908942722919
0.42365503819684025
0.40774527395033083
0.21158568562619043
0.44107714532843684
0.1564476539578215
0.4944081395334065
0.11968896617890884
0.5644050694274291
0.10837860070847419
0.6360685928903569
0.10837860070847419
0.6660672771306523
0.13524071870075652
0.6227358443391146
0.1833097719501038
0.5660716629963344
0.2186546640452121
0.49940792024012237
0.23844780361847273
0.4294109903460998
0.24410298635369007
0.1727555807346836
0.36993080221227564
0.5177404494980807
0.16634422374445182
0.1927547035615472
0.4957586180708612
0.3327485633495924
0.7346900886337933
0.3327485633495924
0.644207164870316
0.42774439677719445
0.5961381116209687
0.5460725401694707
0.5721035849962951
0.6377351864592623
0.6159312511942294
0.6860663999575161
0.6936900138034677
0.7077321163532848
0.7926557116697709
0.602736721512251
0.8322419908162921
0.48274198455106937
0.8647592915437918
0.39774571253689905
0.8251730123972706