-0.26076137280899286
0.20117551818802937
-0.27640792831120997
0.33707124745593775
-0.26467301168454715
0.47296697672384613
-0.2509822756201071
0.6074014615910245
-0.19035187304901566
0.7111498140428685
-0.07887016509571848
0.7915182560830293
0.0463022789220187
0.8499680321122373
0.2066794728197445
0.8952666085348734
0.3748799444685788
0.9391039405567793
0.5430804161174132
0.9770962949757646
0.7015017905773618
0.9814800281779551
0.799292762466219
0.8704254537224599
0.8697022622261962
0.7418359464582025
0.9264210259217334
0.6117851947932149
0.9694490535528304
0.4817344431282274
0.9459792202995048
0.35168369146323974
0.9127302898572933
0.23916787260701447
0.04434645948424156
0.08135347732815311
0.1225792369953273
0.07550849972523234
0.2223260283219616
0.07112476652304171
0.3201170002108188
0.07404725532450214
0.3963939582841274
0.10034965453764569
0.6467388463196018
0.14710947536101204
0.6878110545129218
0.12811329815151945
0.7484414570840133
0.11642334294567785
0.8168951374062132
0.12226832054859867
0.8560115261617562
0.1529544529639328
0.09867549678064047
0.19592245746708206
0.16904398045969296
0.15897845719873116
0.25272542051045804
0.14903199558802133
0.33640686056122315
0.16039938028597542
0.39726608968905236
0.20160614981605915
0.399167940599297
0.2484966116951199
0.3211920532792659
0.275494150352761
0.23751061322850076
0.28401968887622653
0.15382917317773565
0.28117784270173796
0.09106809313966178
0.24423384243338708
0.663525217123305
0.22149907303747884
0.709169638969177
0.20160614981605915
0.7681270171867615
0.19308061129259355
0.8232806935838566
0.20586891907779195
0.8537103081477713
0.23997107317165434
0.8594158608785051
0.275494150352761
0.8175751408531228
0.29822891974866916
0.7624214644560274
0.28828245813795933
0.7072677880589323
0.2797569196144937
0.6597215153028158
0.2584430733058298
0.2673098753908359
0.21578796219533133
0.7543089153973447
0.2537803166143165
0.730839082144019
0.2917726710333017
0.3181611807730417
0.6132464391939453
0.40030559715968167
0.5869440399808016
0.500052388486316
0.5781765735764204
0.6056666381262819
0.5854827955800714
0.689766873950699
0.6161689279954056
0.6858552350751447
0.6833861704289946
0.5919759020618418
0.7140723028443288
0.486361652421876
0.7228397692487101
0.38270322221968733
0.7140723028443288
0.2927355280819388
0.6848474148297248