0.01802796187088982
0.2798013245033113
0.03200883026055945
0.3840024834437087
0.05298013284506389
0.486237582781457
0.09142752091665537
0.5786423841059603
0.14735099447533395
0.6631829470198676
0.21201251077755595
0.7418253311258278
0.276674027079778
0.8204677152317881
0.3483259775768349
0.8892798013245033
0.430463579366144
0.9227028145695364
0.5160963982528705
0.8912458609271523
0.5929911743960535
0.8381622516556291
0.6716335590879452
0.7850786423841061
0.7415379010362934
0.7162665562913908
0.7939661574975545
0.6376241721854305
0.8411515883126894
0.5530836092715232
0.8673657165433201
0.4547806291390729
0.8883370191278245
0.3663079470198676
0.12463208334212075
0.04977235099337751
0.18929359964434284
0.08909354304635764
0.259197941592691
0.15200745033112584
0.3168690237000782
0.21098923841059603
0.36754967161263064
0.27783526490066224
0.5877483487499274
0.2798013245033113
0.6471670394060233
0.22278559602649006
0.7135761642569541
0.16970198675496695
0.7869757233027197
0.1500413907284769
0.8621228908971938
0.15593956953642385
0.07569904397827705
0.22868377483443714
0.14036056028049915
0.19526076158940397
0.2172553364236821
0.2306498344370861
0.2941501125668651
0.2876655629139073
0.35706402032037843
0.35844370860927155
0.3553164117716697
0.4410182119205298
0.28366446127461287
0.48427152317880795
0.1945364252904689
0.4764072847682119
0.1263796918908295
0.4193915562913908
0.07744665252698575
0.3368170529801324
0.5842531316525099
0.3604097682119205
0.6506622565034408
0.3289528145695364
0.7240618155492062
0.31322433774834435
0.802704200241098
0.30929221854304634
0.8586276737997766
0.3505794701986755
0.8271707199230198
0.4193915562913908
0.7729948549130501
0.482305463576159
0.7048381215134106
0.5098302980132451
0.6261957368215187
0.511796357615894
0.5929911743960535
0.43512003311258285
0.23822663900818655
0.36827400662251664
0.6821192103801973
0.40759519867549676
0.46541575034031807
0.6159975165562914
0.2993929382129911
0.7221647350993379
0.3553164117716697
0.7064362582781458
0.4339587964635614
0.7103683774834437
0.5091059640580357
0.7241307947019868
0.566777046165423
0.7654180463576159
0.566777046165423
0.8440604304635762
0.4968727042170747
0.8499586092715232
0.4199779280738917
0.8342301324503312
0.3413355433820001
0.8361961920529801
0.2819168527259041
0.7929428807947021