0.00012972271841579558
0.45900077985601745
0.007815793784552997
0.5496306565276238
0.023187935916827402
0.64026053319923
0.06546132678058202
0.7150661456900798
0.12502837754314536
0.78267891082604
0.19420301713838017
0.8359059812522215
0.2883573876985609
0.8819402043235135
0.3786687227256731
0.9236587189818719
0.47474461105238813
0.9567458168143632
0.5727420171456374
0.9625000946982746
0.6630533521727496
0.9164658716269825
0.7495216516667932
0.8646773706717789
0.8244608445616309
0.8143274391875532
0.889792448623797
0.7481532435225708
0.9224582506548803
0.6647162142058539
0.9397519105536889
0.5755249070052255
0.9570455704524976
0.4906493082175307
0.16730176840689995
0.2719867486288933
0.2422409613017377
0.25040820656422513
0.34023836739498703
0.24753106762226937
0.4286281846555649
0.2561624844481367
0.5131749663830741
0.2734253180998712
0.768736829332136
0.32665238852605266
0.8110102201958909
0.31226669381627387
0.8609696821257825
0.3021967075194288
0.9090076262891401
0.2935652906935615
0.9608886059855661
0.28781101280965
0.15192962627462556
0.4331065293784156
0.24416247906827201
0.3870723063071235
0.35945354506033006
0.3827565978941899
0.47474461105238813
0.4129665567847253
0.5669774638460345
0.46619362721090685
0.5612129105464316
0.5453149481146901
0.47858764658545677
0.5956648795989158
0.3556105095272614
0.5985420185408715
0.2403194435352034
0.5726477680632698
0.1500081085080913
0.5151049892241547
0.7226204029353129
0.48921073874655285
0.7668153115656018
0.4345450988493935
0.8302253978612337
0.4028965704878802
0.9070861085226058
0.3942651536620129
0.9397519105536889
0.43742223779134926
0.9282228039544831
0.49640358610144225
0.8917139663903315
0.5539463649405574
0.8225393267950967
0.581279184889137
0.7456786161337245
0.6014191574828274
0.7110912963361071
0.5568235038825131
0.3978839003910161
0.49928072504339804
0.8090887024293564
0.49208787768850865
0.6995621897369013
0.6791019089156327
0.5062210598452198
0.8408465660734737
0.5240282288023265
0.8420241857334371
0.5424052271660607
0.8423453547316089
0.5602123961231673
0.8410606787389217
0.5767374489153623
0.840418340742578
0.5767374489153623
0.8430921375863154
0.5602123961231673
0.843734475582659
0.5424052271660607
0.8450191515753462
0.5240282288023265
0.8446979825771744
0.5062210598452198
0.8435203629172111