0.009914800719221671
0.3312287223023213
0.0028034953757799267
0.43820942764220144
0.009914800719221671
0.548879122821388
0.04013784842884905
0.6503263434023088
0.10769524919154555
0.7314841198670454
0.18769743430526517
0.7868189674566386
0.2730330984265661
0.843998309965885
0.35659093621200655
0.8974886626358249
0.44903790567674917
0.9491345203861121
0.5485961804849335
0.9491345203861121
0.6321540182703739
0.8974886626358249
0.7121562033840937
0.8347758353676193
0.7886027358260924
0.7720630080994138
0.8472710049094867
0.6909052316346771
0.8828275316266954
0.5894580110537563
0.9094949266646019
0.48616629555318225
0.9486071060535315
0.3976305394098331
0.1468074285804752
0.12095630146186714
0.20903135033559037
0.06746594879192706
0.3085896251437748
0.065621453872274
0.4063700736160987
0.08959988782776436
0.48637225872981826
0.13571226081909202
0.7726022988033484
0.15231271509597002
0.8099366518564176
0.11357832178325476
0.8579379629246493
0.09513337258672366
0.9166062320080437
0.08591089798845816
0.9681631957479963
0.08406640306880504
0.14858525491633562
0.30540579342717783
0.21969830835075305
0.2334704915607067
0.3192565831589374
0.24269296615897226
0.4152592052954009
0.27220488487342187
0.4881500850656788
0.3441401867398931
0.48992791140153924
0.4308314479635891
0.4188148579671218
0.49354427523179467
0.3157009304872165
0.5009222549104071
0.21792048201489256
0.4603433666780388
0.14502960224461472
0.3994750343294863
0.6961557663613497
0.34598468165954616
0.7459349037654418
0.29249432898960603
0.8117144781922779
0.2519154407572377
0.8899388369701371
0.24084847123931907
0.9272731900232063
0.30540579342717783
0.9166062320080437
0.3754966003739959
0.8703827472756723
0.4455874073208139
0.8081588255205572
0.4953887701514477
0.7246009877351166
0.49169978031214157
0.6854888083461871
0.4326759428832421
0.2943670144568913
0.3754966003739959
0.7726022988033484
0.3865635698919145
0.6765996766668849
0.5562571025000003
0.3103674514796352
0.6938777061398104
0.3974809419367965
0.7344565943721788
0.509484001096004
0.7363010892918318
0.6232648865910717
0.7381455842114849
0.710378377048233
0.7067891705773821
0.710378377048233
0.7130391706705144
0.6232648865910717
0.7443955843046172
0.509484001096004
0.7425510893849641
0.3974809419367965
0.7407065944653111
0.3103674514796352
0.7001277062329426