0.04252498927732315
0.38038187952253383
0.04396030835746011
0.4992380974418933
0.07840796628074716
0.6043801363705574
0.12720881500540387
0.6942841986428934
0.19466881177184106
0.779616867918331
0.2693054039389631
0.8527591558687058
0.35973050598759165
0.9213300508221823
0.44728496987594635
0.9761867667849636
0.5434513482451228
1.0158055060914168
0.646794322014984
0.9899009457756591
0.7357841049834756
0.9319966344816121
0.8219032497916934
0.8725685255219325
0.8907985656382673
0.802473832902823
0.9410347334430611
0.7110459729648542
0.9783530295266221
0.6089515293674558
1.0070594111293611
0.4961905021106277
1.0271538782512788
0.37885808185690106
0.19897476901225195
-0.003615132216934984
0.29370582830129144
0.017718035101924382
0.38413093034991996
0.060384369739643166
0.4688147560780007
0.12133627636495567
0.534839433764301
0.19295476664969785
0.7113836806211473
0.208192743306026
0.7687964438266256
0.15333602734324475
0.8434330359937476
0.11219349037115879
0.9238109044814176
0.07866994172723689
1.0056240920492243
0.05124158374584629
0.16022115384855395
0.34228693788171355
0.22193987429444334
0.2508590779437448
0.3295888053047154
0.23409730362178383
0.4372377363149875
0.2691446499313385
0.5247922002033422
0.3560011168724088
0.534839433764301
0.4550479651385417
0.4659441179177268
0.5312378484201824
0.35685986782731777
0.5571424087359401
0.24203434141636082
0.5327616460858151
0.17313902556978664
0.45200036980727604
0.6912892134992298
0.33466794955354945
0.7501372957848451
0.26000186393754166
0.8405623978334739
0.21124033863729164
0.9410347334430611
0.20666894564039318
1.0128006874499091
0.273716042928237
0.9898355821677177
0.37123909352873696
0.9539526051642937
0.4657145487979714
0.8649628221958021
0.5083808834356902
0.7601845293458039
0.4961905021106277
0.6927245325793666
0.4367623931509479
0.35829518690745465
0.4108578328351901
0.8405623978334739
0.3681914981974713
0.6597121937362167
0.5647613970641042
0.4478788950125547
0.8011626581672785
0.5010318951549141
0.7276252459384894
0.5837475189719564
0.7039231048068962
0.6739284517977572
0.7130393129344321
0.7396231710748304
0.7610513424061208
0.7345467609488747
0.8491746876389673
0.6846784967703691
0.9227120998677564
0.600469811151575
0.9476297354163544
0.5099902659654241
0.9397290217058233
0.4442955466883507
0.8807775424810915