-0.004438315834279227
0.38563895532988207
0.0175714741770715
0.49657599629927324
0.04864411889897843
0.5992954786783391
0.09007431186152098
0.689688623171917
0.1535142948354143
0.7677554297800071
0.2273118260499432
0.8362350846993843
0.30369874432463106
0.8937579948316613
0.3800856625993189
0.9540200911607133
0.4810717579455165
0.9855207324236268
0.5807631597616345
0.9567592773574882
0.667507626276958
0.9019755534219865
0.7477786251418842
0.8376046777977719
0.8228708498864926
0.7636466504848445
0.8759532846197503
0.6787318783848166
0.9212675581725311
0.584229954596076
0.9588136705448354
0.4801408791186227
0.9885916217366628
0.3787909898379443
0.05770697360953461
0.048719053126546
0.1535142948354143
0.1007635908652727
0.2428481484108967
0.16924324578464997
0.3373607761066969
0.2459404592943525
0.4124530008513053
0.33770319688631795
0.5535745956299659
0.3212680797056674
0.63902436861521
0.24183167999918984
0.724474141600454
0.1733520250798126
0.8163973822360954
0.11582911494753571
0.9186781711123724
0.07474132199590934
0.04605473183881953
0.3020937763282418
0.10561063422247446
0.24731005239274
0.21954366486946653
0.2719627281637158
0.3127615990351873
0.3322248244927678
0.39821137202043133
0.40344366560892014
0.4137476943813848
0.4993151824960483
0.3541917919977298
0.5582076857267128
0.23507998723041995
0.55409890643155
0.132799198354143
0.5130111134799238
0.07712737656072643
0.4185091896911831
0.5911207080022701
0.38153017603471945
0.6752757874574347
0.31031133491856705
0.7710831086833144
0.2555276109830653
0.8863108328603859
0.21580941112982646
0.9639924446651531
0.25689720408145283
0.9277410258229284
0.37468221054278167
0.8772479781498297
0.4801408791186227
0.7801459633938705
0.5267070444637991
0.6597394650964813
0.5280766375621868
0.5807631597616345
0.47877128602023505
0.24543753547105562
0.430835527576671
0.7451892380817253
0.4253571551831209
0.4538831938138479
0.6650359474009412
0.3604569181605281
0.8086361912167608
0.4130780253141023
0.7739217838229797
0.48829525495127013
0.776125873181315
0.5622743408907067
0.7678605380875577
0.6161335917420121
0.8069831241980093
0.6244910617016973
0.8780650060043229
0.5650601642106018
0.9171875921147745
0.4920096860444636
0.9298611059252025
0.4167924564072958
0.9232488378501966
0.35859970261393137
0.8830242070605773