-0.01641017512738636
0.29557128895547724
-0.019366646356770705
0.4167740826170457
-0.023801353200847235
0.539592913527435
-0.003106054595156746
0.6527155209448989
0.04715395630437726
0.74321360687887
0.11958750142429397
0.8240154693199156
0.18758633970013414
0.8983531827656777
0.26149812043474296
0.9759229707090814
0.3487140217015815
1.0292521999201716
0.4521905147300338
1.0163239019296042
0.5527105365291018
0.9823871197043651
0.6458393802547091
0.9306739277420958
0.7360117527509319
0.8773446985310057
0.812880004714925
0.8013909478364228
0.8720094293026122
0.7222051226441981
0.9281823826609149
0.633323073959048
0.969572979872296
0.539592913527435
0.08706631790106606
-0.013091825569316994
0.194977517773595
0.045085515388235846
0.27628047658166477
0.1291194523269233
0.336888136784044
0.2390099852467453
0.3797569696101171
0.35698070441067187
0.6325352597224795
0.4377825668517175
0.7034905692277039
0.35051655541538823
0.7818370568063894
0.28102695371608905
0.8675747224585356
0.22608168725617803
0.9666165086429114
0.18568075603565523
0.07819690421291299
0.32203870853958877
0.153586920562214
0.33981511827661887
0.23045517252620723
0.37698397499949987
0.29549753957266306
0.428697166961769
0.3413228436281205
0.4933386569146055
0.3413228436281205
0.4975759450580913
0.29549753957266306
0.4329344551052548
0.23045517252620723
0.38122126314298566
0.153586920562214
0.34405240642010465
0.07819690421291299
0.32627599668307455
0.6133181967314811
0.5434358116280538
0.6768823281632448
0.50141884315871
0.7567070513566224
0.47071413543111273
0.8439229526234608
0.4723301726799337
0.8912264922936106
0.5321235508863074
0.8912264922936106
0.5363608390297931
0.8439229526234608
0.4765674608234195
0.7567070513566224
0.4749514235745985
0.6768823281632448
0.5056561313021958
0.6133181967314811
0.5476730997715396
0.21981187610042358
0.39429336921015934
0.7564114042336838
0.5061231468285664
0.5334934735381036
0.6640277816866453
0.26149812043474296
0.7658381283623626
0.32654048748119874
0.7141249364000936
0.4226258024361903
0.7399815323812282
0.5216675886205662
0.7626060538647209
0.5852317200523297
0.8110871713293483
0.5586234789878706
0.9161295925027076
0.4817552270238774
0.9775390079579023
0.3768004983807328
0.980771082455544
0.28219341904043344
0.9436022257326632
0.2348898793702838
0.8563362142963338