0.005997833219715189
0.3810300851329552
0.012705087572945091
0.5046112447497133
0.039534104985864696
0.617125434848553
0.0797776311052441
0.7204171503491268
0.14181973387262062
0.8126418963317822
0.21727634534645704
0.8845771981982533
0.3011170247618307
0.9528235102254182
0.39501858570704934
1.002624873056052
0.4989810281821128
1.0302922968508488
0.5995898434805613
0.9970913882970928
0.6884609636608574
0.9436010356271527
0.7672712023113087
0.879043713439294
0.8376973730202227
0.8071084115728228
0.8947090350226768
0.7204171503491268
0.9299221203771338
0.617125434848553
0.9450134426719011
0.497233265071101
0.948367069848516
0.3736521054543428
0.08145444469355155
0.15046822017631686
0.1401429202843132
0.117267311622561
0.21392271816984207
0.09513337258672366
0.28770251605537095
0.10804483702429545
0.34136055088121015
0.12464529130117338
0.5107187233002651
0.1615351896942355
0.5727608260676417
0.11911180654221408
0.6498942511297855
0.09144438274741742
0.7320581169568517
0.07853291830984574
0.8125451691956106
0.08959988782776436
0.07810081751693662
0.3625851359364241
0.13678929310769822
0.2943388239092592
0.21895315893476447
0.27404937979307503
0.3044706519384457
0.2685158950341157
0.36818956829412974
0.3275397324630151
0.3614823139408998
0.4179199835260173
0.3111779062916756
0.4843218006335292
0.2256604132879944
0.5064557396693665
0.13511247951939076
0.49169978031214157
0.07139356316370672
0.43820942764220144
0.606297097833791
0.3441401867398931
0.6599551326596304
0.27589387471272814
0.7387653713100817
0.24822645091793155
0.8209292371371479
0.2648269051948095
0.8812945263162171
0.3201617527844027
0.8829713399045246
0.4068530140080987
0.8309901186669928
0.4769438209549167
0.7454726256633116
0.4953887701514477
0.6649855734245528
0.4769438209549167
0.5979130298922538
0.42529796320462976
0.24913580352429907
0.3865635698919145
0.7421189984866966
0.3662741257757303
0.4838897058873455
0.6060584653306341
0.33297648293967275
0.7831299776173324
0.4134635351784316
0.7739075030190669
0.4956274010054978
0.7720630080994138
0.5794680804208716
0.77575199793872
0.6616319462479379
0.7849744725369855
0.6448638103648632
0.8550652794838035
0.5744376396559492
0.8974886626358249
0.4956274010054978
0.914089116912703
0.41514034876673905
0.8956441677161718
0.3463909916461326
0.8476872998051911