0.07425274530787203
0.35415404272835516
0.10319712755527179
0.44183022793378174
0.1375685814740591
0.5295064131392083
0.16832198761192138
0.617182598344635
0.1990753937497836
0.7065448640347812
0.2424919671208833
0.7891628077860485
0.3003807316156829
0.865036429598437
0.3763597350151074
0.9307935685025068
0.4650019056477692
0.9662012586816215
0.5536440762804311
0.9291074880177871
0.6314321035703181
0.8734668320220356
0.7110291547506675
0.8195122565110039
0.7851991342596295
0.7537551176069339
0.8394698509735041
0.6711371738556666
0.8792683765636788
0.5851470691349597
0.9136398304824661
0.4974708839295333
0.9462022605107908
0.426655503571304
0.036263243608159766
0.20240679910357842
0.10138810366480933
0.25130313316045094
0.18279417873562123
0.2951412257631642
0.2623912299159707
0.33560715739643804
0.33294316164400767
0.3828174109685908
0.5445989568281188
0.3963060548463487
0.645904294694018
0.36932876709083284
0.7417825608885298
0.33223499642699855
0.8394698509735041
0.30525770867148266
0.9425842127298659
0.2917690647937248
0.09234298421249687
0.3204324330339604
0.15927686815960893
0.3136881110950814
0.23706489544949583
0.33392107691171824
0.3021897555061454
0.36932876709083284
0.35646047222002003
0.4131668596935461
0.37093266334371994
0.4772379181128964
0.3003807316156829
0.47049359617401737
0.22440172821625845
0.46206319375041865
0.15384979648822147
0.43171374502546334
0.11224224700758426
0.37944524999915136
0.5898245540896809
0.41822510114770545
0.6495223424749429
0.37270092806027233
0.7309284175457549
0.36258444515195387
0.8087164448356418
0.35752620369779464
0.8702232571113664
0.3659566061213934
0.8684142332209039
0.433399825510183
0.801480349273792
0.4772379181128964
0.7236923219839049
0.4940987229600937
0.6440952708035556
0.499156964414253
0.575352362965981
0.47555183762817654
0.19003027429747124
0.408108618239387
0.6549494141463305
0.4553188718115396
0.37997778279603234
0.6222408397987941
0.352842424439095
0.7116031054889405
0.4197763083862071
0.7318360713055774
0.4885192162237815
0.7368943127597366
0.5572621240613561
0.7250917493666984
0.6241960080084681
0.7301499908208576
0.6169599124466181
0.7773602443930104
0.5518350523899687
0.799279290694367
0.4812831206619317
0.8144540150568448
0.41073118893389465
0.8043375321485263
0.3546514483295576
0.7655576809999722