0.10743720281053078
0.43992455261701313
0.11908404702885199
0.5187120270375141
0.14820115757465496
0.6034085620395526
0.17925940882351152
0.6861354101810785
0.22584678569679634
0.7570441371595293
0.27049302186702756
0.8299225509984928
0.33843294647390126
0.8771950356507934
0.42384313740825674
0.9067403385584814
0.5053710469365051
0.9382553283266816
0.5907812378708608
0.9146190860005313
0.656780021774681
0.8634072276272058
0.7169553835693405
0.8062863086723425
0.759660479036518
0.7393169554149167
0.8004244338006424
0.6664385415759534
0.8373061071586596
0.59356012773699
0.8703054991105696
0.5147726533164891
0.8897169061411049
0.4320458051749631
0.11131948421663782
0.3217433409862617
0.18314169022961857
0.33356146214933685
0.2724341625700812
0.3434098964518995
0.3539620720983296
0.36704613877804976
0.41607857459604264
0.4084095628488128
0.6082515041983425
0.345379583312412
0.6742502881021627
0.3237130278467743
0.7499547755212506
0.3079555329626741
0.8237181222372848
0.2862889774970363
0.9013637503594262
0.2784102300549863
0.14820115757465496
0.420227684011888
0.20449423796320745
0.37886425994112494
0.2899044288975629
0.38871269424368754
0.37337347912886487
0.41628831029086283
0.4335488409235244
0.46750016866418853
0.4432545444387921
0.5167423401770016
0.37337347912886487
0.5541663905267395
0.2918455696006164
0.556136077387252
0.21419994147847515
0.5226514007585391
0.15790686108992263
0.46750016866418853
0.6043692227922355
0.43992455261701313
0.664544584586895
0.3965914416857377
0.7344256498968222
0.3729551993595874
0.8101301373159101
0.35916739133599973
0.868364358407516
0.38280363366215003
0.8470118106739273
0.4576517343616259
0.8062478559098029
0.5167423401770016
0.7402490720059829
0.5462876430846895
0.668426865993002
0.5364392087821268
0.6160160670105566
0.4891667241298262
0.31708039874031235
0.4615911080826509
0.7111319614601799
0.44386392633803823
0.5364292981853618
0.634923551807753
0.4510191072510063
0.7373472685544042
0.4879007806090234
0.7334078948333791
0.5286647353731476
0.7334078948333791
0.5636052680281112
0.7274988342518417
0.5985458006830748
0.725529147391329
0.5985458006830748
0.725529147391329
0.5636052680281112
0.7274988342518417
0.5286647353731476
0.7334078948333791
0.4879007806090234
0.7334078948333791
0.4510191072510063
0.7373472685544042