0.1544069893675075
0.39943995715724673
0.18380276044824337
0.49927655893677125
0.22544676947928585
0.5889848098111267
0.26831560230535895
0.680139967957649
0.3111844351314321
0.7712951261041713
0.38589868662830246
0.8277245097186852
0.470411528485418
0.8798131715166979
0.5524747227524723
0.9290080187703766
0.6320882694294653
0.9695214223910533
0.7117018161064582
0.9145389460487064
0.7717181820629607
0.8335121388073533
0.831734548019463
0.745250795205165
0.8819523236157201
0.6512018225143086
0.915022566081548
0.5470244989182829
0.9431935133672531
0.44284717532225737
0.9346197468020385
0.3285415008210627
0.9015495043362106
0.2373863426745403
0.04907214299487065
0.1925322172373626
0.11153815654143436
0.1910853099651956
0.1703296987029061
0.17661623724352538
0.23157088845443913
0.16793479361052324
0.28791278302584955
0.1650409790661892
0.4312171670444369
0.1303152045341807
0.5206293040816751
0.1259744827176796
0.6124910887089746
0.1115054099960094
0.705577697131305
0.10137705909084024
0.7913153627834512
0.11005850272384239
0.1605311083426608
0.3126255208272254
0.18135311285818204
0.25185541539621054
0.25361771676499106
0.22725799176937114
0.3087347875413708
0.25185541539621054
0.3381305586221066
0.3328822226375637
0.3454795013922906
0.3849708844355765
0.33568091103204534
0.46310387713259565
0.2768893688705736
0.4804667643986
0.21687300291407122
0.4341657316892552
0.17767864147309004
0.37628944080257437
0.5157300089015525
0.26777139539004774
0.5439009561872576
0.20266056814253178
0.6100414411189133
0.16070025724968812
0.6896549877959064
0.1925322172373626
0.7410975871871941
0.24896160085187644
0.7263997016468261
0.32564768627672863
0.6896549877959064
0.4081214007902489
0.6308634456344346
0.46165696986042865
0.553699546547503
0.4399533607779233
0.5083810661313686
0.3632672753530712
0.2866879592308189
0.38786469897991055
0.5990180269636375
0.3285415008210627
0.3773249200630878
0.6049007898049638
0.4361164622245595
0.7396097278444965
0.4557136429450501
0.7396097278444965
0.48265976643572467
0.7410566351166634
0.5096058899263992
0.7425035423888307
0.5365520134170737
0.7439504496609977
0.5365520134170737
0.746697702477332
0.5096058899263992
0.745250795205165
0.48265976643572467
0.7438038879329978
0.4557136429450501
0.7423569806608309
0.4361164622245595
0.7423569806608309