0.10990359214963041
0.35749326350072813
0.14160110885544652
0.45879324142580585
0.18122300473771674
0.5515084754589279
0.21688271103175988
0.6459406582704409
0.2565046069140301
0.7352219947467806
0.3040508819727543
0.821069433666338
0.36744591538438665
0.8794456921316369
0.4387653279724729
0.9240863603698067
0.512726200286044
0.9549914383808474
0.5840456128741304
0.9223694115914156
0.6514028358739896
0.8708609482396812
0.7134771394228796
0.8159185873311645
0.7702685235208002
0.7489575849739097
0.8112111492658127
0.6631101460543524
0.8455501256971136
0.5738288095780126
0.8732854528147027
0.4845474731016731
0.8944171306185802
0.3952661366253334
0.09009264420849528
0.25619328557565046
0.14952548803190058
0.2218543100078275
0.2129205214435329
0.192666180775178
0.26971190554145347
0.16176110276413735
0.3331069389530858
0.14115771742344363
0.6381955372465663
0.1239882296395321
0.7068734901091679
0.15832720520735505
0.7861172818737083
0.17034584665609312
0.8613988840500216
0.19094923199678684
0.9261146473243964
0.2218543100078275
0.16801570611029332
0.32487123671129636
0.21424125130627525
0.2664949782459973
0.29084358334533095
0.23387295145656556
0.37008737510987133
0.2321560026781744
0.4004641619529451
0.3008339538138203
0.39253978277649104
0.39354918784694226
0.36480445565890196
0.47939662676649963
0.2974472326590426
0.5085847559991491
0.2234863603454716
0.48969831943684655
0.19046811377691308
0.41071867563085374
0.6249882386191429
0.3008339538138203
0.6461199164230202
0.21670346367265406
0.722722248462076
0.20468482222391607
0.79272093118742
0.23730684901334786
0.8561159645990523
0.3008339538138203
0.846870855559856
0.3798135976198131
0.7993245805011318
0.45879324142580585
0.73064662763853
0.5051508584423667
0.6553650254622166
0.49141526821523773
0.6249882386191429
0.402133931738898
0.2895228534825886
0.37809664884142197
0.73064662763853
0.37122885372785736
0.512726200286044
0.5909982973619242
0.4942359822076512
0.6850257708185309
0.508764010697817
0.7021952586024423
0.5285749586389521
0.7090630537160069
0.5497066364428295
0.7039122073808334
0.5563102857565412
0.6901766171537044
0.5563102857565412
0.6957321728437843
0.5497066364428295
0.7094677630709133
0.5285749586389521
0.7146186094060868
0.508764010697817
0.7077508142925222
0.4942359822076512
0.6905813265086108