0.04402025797040451
0.5206033974478871
0.05492793251174367
0.6012999900322711
0.0694714985668626
0.6802796338382638
0.09128684764954093
0.7575423288658656
0.13491754581489768
0.821069433666338
0.19672770154915298
0.8708609482396812
0.262173748797188
0.9120677189210687
0.3312556875590029
0.9481236432672828
0.40942735510526695
0.961859233494412
0.49487080567909053
0.9515575408240652
0.5748604189822446
0.9309541554833713
0.647578249257839
0.9000490774723308
0.714842242262764
0.8657101019045078
0.7639267776987902
0.8159185873311645
0.8093754216210369
0.7575423288658656
0.8384625537312747
0.6854304801734373
0.8639137943277327
0.6150355802594003
0.10583041370465987
0.33860682693842553
0.16945851519580507
0.31800344159773175
0.23490456244384011
0.30598480014899376
0.3058044469625448
0.3197203903761229
0.3512530908847914
0.3506254683871635
0.569406581711575
0.2579102343540416
0.6330346832027202
0.3077017489273849
0.702116621964535
0.33860682693842553
0.7766523979970194
0.35749326350072813
0.847552282515724
0.3471915708303813
0.12400987127355846
0.4639440877609793
0.1676405694389152
0.3798135976198131
0.2748993690954171
0.355776314722337
0.3676146026968002
0.3987000341821157
0.3948837890501481
0.5000000121071934
0.39851968056392784
0.6098847339242268
0.3603428196692407
0.6785626850598727
0.24581223698517932
0.6802796338382638
0.15127905762690647
0.647657607048832
0.12037397975977873
0.5480745779021455
0.5457732868720067
0.5034339096639756
0.5857680935235837
0.4090017268524626
0.6857551101525261
0.38324749517659534
0.7766523979970194
0.43303900974993864
0.8093754216210369
0.5309050901182341
0.8057395301072572
0.6098847339242268
0.7475652658867814
0.6974491216221754
0.6457603035009493
0.7317880971899983
0.5421373953582269
0.7094677630709133
0.5294117750599978
0.6116016827026179
0.31489417574699413
0.5755457583564039
0.5912219307942533
0.5927152461403153
0.41488119237593657
0.718052506962869
0.27308142333852725
0.7832965605417327
0.34034541634345217
0.810767740995991
0.42397092116038587
0.8227863824447291
0.5075964259773196
0.8159185873311645
0.5894039850373635
0.821069433666338
0.5839501477666939
0.8691439994612901
0.5021425887066501
0.8880304360235928
0.4185170838897163
0.8880304360235928
0.3367095248296724
0.8742948457964635
0.262173748797188
0.845106716563814