0.22451404653802498
0.49501256935645177
0.22657136776390463
0.5668317852002673
0.24302993757094205
0.6466309139156178
0.26566047105561863
0.7184501297594335
0.3068068955732123
0.7842844109495978
0.36441188989784334
0.8281739317430405
0.4343608115777525
0.8680734961007158
0.5125390181611804
0.8860283000616697
0.5989465096481271
0.8780483871901347
0.6791820374574347
0.8561036267934132
0.7470736379114642
0.8142090842178542
0.8026213110102156
0.76433462877076
0.8437677355278093
0.6945103911448283
0.8725702326901248
0.6187012188652451
0.8869714812712826
0.5369071119320108
0.8931434449489217
0.44912807034512514
0.8890288024971622
0.3613490287582395
0.12164798524404086
0.33541431192575055
0.16485173098751416
0.2915247911323078
0.21217011918274686
0.25162522677463245
0.2677177922814983
0.2256905099421435
0.33355207150964805
0.2137206406348409
0.5145963393870602
0.14788635944467662
0.5742586549375709
0.14788635944467662
0.6503795402951191
0.14190142479102533
0.7265004256526675
0.1458913812267929
0.7573602440408627
0.18180098914870063
0.20805547673098745
0.4690778525239628
0.20394083427922816
0.38528876737284473
0.2492019012485811
0.3274343990542155
0.33355207150964805
0.35336911588670444
0.37675581725312146
0.42518833173052
0.3973290295119183
0.4830427000491491
0.3932143870601589
0.5648368069823835
0.3438386776390465
0.6326660663904314
0.27388975595913734
0.6167062406473613
0.22245672531214522
0.5588518723287322
0.5316294150110374
0.3913639824977247
0.5316294150110374
0.2963074541447178
0.5896454194260484
0.207070713241895
0.6976752207505519
0.19931099664164947
0.7656939845474613
0.2594488002935519
0.779697847682119
0.350625470346436
0.753690673289183
0.4495618569995656
0.6976752207505519
0.5426784562025112
0.5976476269315673
0.5640176768531862
0.5456332781456953
0.49224029830091565
0.3315742273730684
0.5000000149011611
0.6036492825607063
0.43404242379907476
0.4405327752553916
0.5987514366864076
0.44160458057395136
0.7077563927564399
0.4596095474613686
0.6961168178560716
0.4816156181015452
0.6922369595559491
0.501621136865342
0.6961168178560716
0.5156249999999999
0.7058164636063785
0.5156249999999999
0.7133922214079113
0.501621136865342
0.7036925756576043
0.4816156181015452
0.6998127173574819
0.4596095474613686
0.7036925756576043
0.44160458057395136
0.7153321505579726