0.25183732878780424
0.28964930026349056
0.19473967809974296
0.36924145621576354
0.13764202741168174
0.45533093102128325
0.08435088676949128
0.536547416686868
0.05389880640252526
0.6340071994855695
0.05389880640252526
0.7460859497040764
0.06912484658600827
0.8500430513560246
0.12241598722819874
0.9247622181683627
0.24612756371899813
0.9166405696018042
0.3736456502556682
0.9101432507485574
0.489744206654726
0.8890269644755053
0.6039395080308486
0.8630376890625182
0.697199004154682
0.8029374896699857
0.7714259500491616
0.7298426525709594
0.8456528959436411
0.6534991560453098
0.9065570566775731
0.5674096812397901
0.9484286671821515
0.47644721729433526
0.3546131000263145
0.16620024205180184
0.4040977306226342
0.17107323119173692
0.43645306601253564
0.2019354957446591
0.4554856162418894
0.24254373857745143
0.4630986363336309
0.2831519814102438
0.6020362530079132
0.2912736299768023
0.6857794740170696
0.2782789922703087
0.7752324600950323
0.26853301399043855
0.8665887011959302
0.26528435456381516
0.946525412159216
0.2734060031303736
0.29344214747349423
0.2599147436461898
0.32305393864711124
0.22358605382186886
0.3711730993042389
0.19989343002339863
0.42484447080641985
0.22200654556863747
0.41929225996136665
0.27728933443173465
0.400784890477856
0.31519753250928706
0.3600686776141325
0.3546852388400707
0.31009878000865376
0.3799573708917724
0.25087519766141964
0.3673213048659215
0.25827814545482397
0.31361802425605567
0.6117689025898775
0.3625827801062275
0.6561865893503029
0.3246745820286751
0.7024550130590796
0.3009819582302049
0.7598278584579625
0.3072999912431303
0.7598278584579625
0.35784425534653347
0.7357682781293987
0.3925934369176231
0.6950520652656753
0.43208114324840685
0.6450821676601965
0.45893278355333983
0.5951122700547178
0.44787622578072034
0.5858585853129625
0.40364999469024254
0.32796752970521925
0.30426826768329573
0.6781664539253281
0.38061176420894544
0.3203545096134777
0.4212200070417377
0.1691408980412622
0.586814755047423
0.19406697589336067
0.5741166519513828
0.22684015232852717
0.5723922181975997
0.2589209377122465
0.5755275522953873
0.284077812581494
0.5825820540154095
0.26192129893518423
0.6068808932732642
0.2351488449458933
0.6192654629595256
0.20468363868221742
0.6302391323017825
0.1767571996071812
0.6278876317284416
0.16360176962968476
0.6040590925852553