0.07260369777753459
0.49376058354295355
0.1322063493375846
0.5717530273215612
0.18187522563762623
0.6591045643536017
0.23750436709367287
0.7324174615054929
0.3070407939137311
0.8026106609062398
0.3745904656817878
0.866564464804698
0.4639944430218628
0.9258387220764399
0.5653189506739478
0.9663947928413157
0.6805507436900444
0.9507963040855943
0.7659812109261159
0.8962015934405688
0.8335308826941726
0.8166493007863892
0.8871732690982176
0.7386568570077815
0.926908370138251
0.6544250177268852
0.9328686352942559
0.5545946896902675
0.9110143297222376
0.457884059404794
0.879226248890211
0.3674128246216091
0.8573719433181927
0.2769415898384243
0.03485535178950293
0.3518143358658877
0.10439177860956124
0.3362158471101661
0.18187522563762623
0.3299764516078775
0.25538516256168786
0.32529690498116104
0.32690834443374783
0.3315363004834497
0.41829907682582446
0.2722620432117079
0.4918090137498861
0.2379453679491205
0.5553851754139394
0.1958294483086724
0.6149878269739893
0.14747413316593563
0.670616968430036
0.10847791127663182
0.11829906397357295
0.47714956130659747
0.16200767511760955
0.4506321304218709
0.22161032667765954
0.4412730371684379
0.28319973328971115
0.44751243267072655
0.33485536464175447
0.45999122367530376
0.33485536464175447
0.4641234549070826
0.28319973328971115
0.4516446639025054
0.22161032667765954
0.44540526840021677
0.16200767511760955
0.45476436165364975
0.11829906397357295
0.48128179253837633
0.5116765642699028
0.40383666415470626
0.5295573597379177
0.33052376700281505
0.5911467663499694
0.2852881496112227
0.658696438118026
0.2494116254730632
0.7461136604060993
0.23225328784176946
0.7461136604060993
0.23638551907354832
0.658696438118026
0.25354385670484203
0.5911467663499694
0.28942038084300153
0.5295573597379177
0.3346559982345939
0.5116765642699028
0.4079688953864851
0.22399443274006156
0.45737779266447676
0.607438157776383
0.3023288144326048
0.34677589495376454
0.5140386189253915
0.33882887474575785
0.7355371592566372
0.36465669042177945
0.6232280402154422
0.4818752384898778
0.5608340851925561
0.6229348471819961
0.5436757475612624
0.730219619990086
0.5764325739482776
0.813663332174156
0.6575447154780296
0.7739282311341227
0.7714136833947968
0.6666434583260327
0.8509659760489765
0.5196235844779094
0.8650046159291259
0.3984315263058078
0.8072902075329562