0.16712355420044142
0.3580865120413743
0.20017990146876738
0.4544156570733862
0.23166213696241106
0.5541851287136841
0.264718484230737
0.6539546003539821
0.30721950214715604
0.7485635820818508
0.3481464082888929
0.8466128904180058
0.39064742620531195
0.9309008923210161
0.46305656784069255
0.9825057914453083
0.5606514978709881
0.9790654648370221
0.6393570866050974
0.92746056571273
0.7149144517898424
0.8603741968511504
0.7904718169745875
0.7812466848605691
0.8613068468352858
0.6986788462617018
0.9211230942732089
0.6109505177504054
0.9415865473440773
0.5043003928935351
0.9368642120200308
0.39248977812423574
0.9211230942732089
0.2875598165715086
0.07739918304355678
0.16198789536906458
0.11990020095997582
0.1551072421524923
0.16869766597512362
0.16026773206492148
0.21119868389154267
0.1843500183229245
0.24268091938518635
0.2135927944933566
0.3449981847395285
0.06393858703290968
0.4362966676710953
0.06049826042462354
0.5275951506026623
0.06909907694533891
0.6110230746608182
0.09318136320334187
0.6771357691974699
0.11898381276548789
0.1450859893548908
0.29960095970051004
0.16240121887639486
0.26175736700936253
0.20805046034217825
0.2583170404010764
0.2536997018079617
0.2703581835300779
0.27731137842819453
0.3099219395253685
0.2788854902028766
0.3391647156958006
0.26786670778010135
0.3890494515159496
0.23166213696241106
0.41141157446980947
0.19230934259535643
0.3942099414283788
0.16712355420044142
0.35464618543308823
0.41268499105086254
0.2583170404010764
0.44416722654450624
0.20671214127678433
0.5039834739824293
0.19983148806021206
0.5653738331950346
0.19811132475606905
0.618893633534229
0.22219361101407198
0.6141712982101823
0.2789590000507932
0.5811149509418565
0.3340042257833714
0.5275951506026623
0.3632470019538036
0.46777890316473913
0.3615268386496605
0.42685199702300225
0.3133622661336546
0.21119868389154267
0.3305638991750852
0.48509413268624313
0.2858396532673655
0.264718484230737
0.5421439855846827
0.3591651907116682
0.7244812958238479
0.37490630845849005
0.7158804793031326
0.40953676750149814
0.7193208059114188
0.4394448912204597
0.7279216224321341
0.46620479139005694
0.7382426022569925
0.47879768558751445
0.7640450518191384
0.44888956186855283
0.7674853784274246
0.41583321460022693
0.7726458683398538
0.38120275555721883
0.7709257050357108
0.3670357495850791
0.7434030921694217