0.05452492595338405
0.45948130525088315
0.11170426931466895
0.5390969852464449
0.1571545166018441
0.6329297509554996
0.19380794183343697
0.7253408080932053
0.2480550111761945
0.8035347795174176
0.322827998648644
0.8689333737994862
0.4049316711674119
0.9300668423675068
0.4958321657417623
0.9826700595074316
0.6028601674180134
0.9627661395085411
0.6908283879738364
0.9002109623691711
0.7743981975018682
0.8333906595157533
0.8433066369372628
0.7594618138055889
0.8975537062800203
0.6713158823819313
0.9415378165579317
0.5703745738161299
0.9752589677709972
0.4623247223935818
0.9737928307617335
0.3471663281142872
0.9371394055301406
0.2547552709765817
0.029600596795900894
0.32441899097269816
0.07505084408307605
0.2917196938316639
0.11317040632393265
0.2490684366911844
0.13956087249067953
0.1936218024085611
0.15128996856478924
0.13817516812593778
0.2715132033244139
0.1054758709849035
0.37560893098213766
0.0983673281281569
0.47823852163059777
0.07135486527251991
0.5881987973253764
0.051450945273629464
0.6996252100294188
0.040077276702834945
0.057457199971911475
0.4082997966823078
0.08091539212013091
0.3514314538283351
0.12636563940730608
0.3144670309732529
0.18647725678711843
0.30878019668785567
0.24658887416693076
0.33010582525809545
0.2641825182780953
0.3827090423980201
0.2436566001484033
0.44099909382334207
0.1952740788427007
0.4779635166784243
0.13223018744436094
0.4864937681065202
0.07798311810160348
0.4609030138222325
0.3932025750933022
0.2604421052619789
0.415194630232258
0.16803104812427339
0.4899676177047075
0.10831928812760214
0.5940633453624312
0.1140061224129994
0.6776331548904629
0.14954883669673227
0.708422032085001
0.23200793383499263
0.6776331548904629
0.32299728240134884
0.6057924414365409
0.38697416811206803
0.507561261815872
0.39550441954016397
0.42252531527857656
0.3471663281142872
0.173282023703745
0.4139866309677051
0.5266210429363003
0.24480331097713648
0.25098728519472185
0.5760614081015271
0.32722640967643507
0.7040151795229657
0.30376821752821564
0.6315080423841505
0.3682782459358191
0.6016521623858148
0.4386528223804774
0.6229777909560545
0.48263693265838886
0.6798461338100272
0.5163580838714543
0.7338710595213012
0.5207564948992455
0.8177518652309108
0.4753062476120703
0.8660899566567876
0.41079621920446685
0.8348123680871027
0.3682782459358191
0.7708354823763834