0.03748745616796789
0.6953846834575301
0.07395143253691742
0.7680484073248921
0.14053782416717303
0.8213351381609574
0.21505116718198292
0.8697776207391987
0.2879791199198819
0.91822010331744
0.36249246293469184
0.9521298411222088
0.45603048927243184
0.9602035882185824
0.549568515610172
0.9650478364764065
0.643106541947912
0.9618183376378571
0.7160344946858109
0.9279085998330882
0.7635962029931365
0.8649333724813746
0.798474789085175
0.7858106509369138
0.8254264237926594
0.6986141822960795
0.8333533751772136
0.6033439665588717
0.8270118140695703
0.5080737508216638
0.8127433015773726
0.4160330339230054
0.8095725210235509
0.32883656528217114
0.09773228669058011
0.5048442519831144
0.1500501658286381
0.42410678101937893
0.24358819216637814
0.3950412914724342
0.35615090182704845
0.39181179263388477
0.45444509899552105
0.38212329611823653
0.5828617114252997
0.3465988088941929
0.6272526391788034
0.27232033560755636
0.663716615547753
0.19642711290164497
0.7001805919167025
0.12376338903428309
0.7667669835469582
0.09792739832588772
0.1849287519206768
0.6194914607516188
0.1991972644128744
0.5193769967565868
0.27371060742768427
0.4709345141783456
0.36249246293469184
0.4580165188241479
0.44810353788787766
0.49515575546746615
0.495665246195203
0.5565162333999052
0.4845675142568271
0.6420979526214646
0.4005418295805521
0.6840814375226072
0.3165161449042772
0.7066879293924531
0.224563508843448
0.690540435199706
0.6272526391788034
0.4418690246314008
0.6256672489018925
0.34982830773274237
0.6589604447170204
0.27877933328465515
0.7033513724705241
0.21580410593294153
0.7731085446546014
0.22064835419076564
0.7953040085313533
0.2836235815424793
0.7905478377006208
0.3659758019254895
0.7556692516085822
0.44509852346995027
0.7033513724705241
0.5064590014023891
0.6446919322248228
0.5177622473373121
0.4465181476109668
0.6146472124937946
0.6748143474861289
0.46609026592052144
0.6827412988706831
0.6243357090094429
0.4259080740111257
0.868162871319924
0.47664056287227285
0.7971138968718368
0.5828617114252997
0.7761221544212656
0.6748143474861289
0.7244501730044749
0.7524984710547605
0.6598601962334866
0.7699377641007797
0.7728926555827161
0.7572546418854931
0.8810808666741217
0.6827412988706831
0.9553593399607582
0.5733493697638347
0.9682773353149559
0.4813967337030054
0.934367597510187