0.022398568844015646
0.5150366413877829
0.0850079923757161
0.5947307913829356
0.14225089389041365
0.6729212781706329
0.20843799876678268
0.7496081017508741
0.28178046633248893
0.8217839357087484
0.3551229338981951
0.8819304640069767
0.4570868522212502
0.9255366970231925
0.5644172925613081
0.9556099611723068
0.6860584582800403
0.960120950794674
0.7826558545860925
0.9089964017411797
0.8416875967731242
0.8247912621236598
0.8953528169431533
0.7330678064688613
0.9400738337515107
0.6413443508140628
0.9686952845088594
0.5436062423294414
0.9579622404748538
0.43834981780754156
0.9543845591301852
0.3300860668707302
0.936496152406842
0.22934063197119745
-0.0026452005686645437
0.4007582376211487
0.05459770094603302
0.3631666574347559
0.11362944313306485
0.3240714140409074
0.1869719106987711
0.2864798338545146
0.23527060885179713
0.23535528480102025
0.4052104727235554
0.1586684612207789
0.5232739570976193
0.15115014518350034
0.6520704855056887
0.12408420744929749
0.7898112172754297
0.11355856499710751
0.906085860977159
0.14663915556113322
0.05996422296303592
0.4548901130895544
0.08143031103104748
0.39925457441369305
0.14225089389041365
0.357152004604933
0.2173822021284542
0.3406117093229201
0.27462510364315174
0.3631666574347559
0.2960911917111633
0.4172985329031616
0.276413944315486
0.4789487244088458
0.22453756481779133
0.5270659470474286
0.1476174159074165
0.5375915894996186
0.09037451439271897
0.5060146621430486
0.5357958418039592
0.26993953857250164
0.5644172925613081
0.20828934706681743
0.6431262821440171
0.18573439895498176
0.7289906344160635
0.18122340933261463
0.8112773053434412
0.2007710310295389
0.8345322340837871
0.25490290649794456
0.8023331019817698
0.31956042441854016
0.7236241123990607
0.34211537253037594
0.6431262821440171
0.3556483413974773
0.5715726552506453
0.3270787404558188
0.21380452078378553
0.4308315017702629
0.6771142549183689
0.26993953857250164
0.4195211981022299
0.5030073357281372
0.5018078690296076
0.6699139517557213
0.5000190283572733
0.6413443508140628
0.5357958418039592
0.6308187083618728
0.569783814578311
0.629315045154417
0.6001941060079939
0.6383370243991514
0.6127159907143341
0.6623956357184427
0.6037717873526627
0.6939725630750128
0.5769391772676481
0.7150238479793928
0.5411623638209622
0.7225421640166713
0.5196962757529506
0.6999872159048356