0.14339519717765464
0.5249243557916173
0.17472028522725797
0.6085414619308713
0.20980438384281366
0.687334504254399
0.2574185176782107
0.7645195253060182
0.31129766912352835
0.8256243336385498
0.3714418381787667
0.8819050781553553
0.4365980213219416
0.9285376950407085
0.5042602115090847
0.9671302055665181
0.5831994333940851
0.9751703119260617
0.6546206341471806
0.9414018652159785
0.7210298208123397
0.8915532057868079
0.7799209863455939
0.8288403761823673
0.8363061448348797
0.7596954614902919
0.8876792892362291
0.6825104404386729
0.9277754019397214
0.5956772917556015
0.9453174512474992
0.49919601544107767
0.9503294653354358
0.3994986965827364
0.05317894359479713
0.21940031412895872
0.08826304221035283
0.1856318674188754
0.12209413730392439
0.16311956961215318
0.16469625705138494
0.14060727180543095
0.2072983767988454
0.1261350803582524
0.5042602115090847
0.06824631456953813
0.5869584439600375
0.060206208209994505
0.6696566764109902
0.06985433584144687
0.7485958982959905
0.08593454856053416
0.820017099049086
0.11809497399870875
0.11457611617201961
0.3383938882502048
0.14590120422162292
0.2628168884704944
0.22609342962860737
0.25799282465476825
0.3025266444696394
0.3255297180749349
0.3476347712610682
0.413970888029915
0.36517682056884604
0.5104521643444387
0.3376107430851951
0.5892452066679665
0.25616551415622657
0.5988933342994189
0.19852735214495648
0.5249243557916173
0.1446482006996388
0.42844307947709365
0.5531273488664659
0.30784148408393885
0.5706693981742437
0.1856318674188754
0.6721626834549584
0.16311956961215318
0.771149961691705
0.19688801632223651
0.8338001377909116
0.29980137772439525
0.8325471342689275
0.38985056895128406
0.7899450145214669
0.49758799416916905
0.7034877715045619
0.5715569726769706
0.6070065003117836
0.5458286323264309
0.5606453699983708
0.42844307947709365
0.288743605727814
0.4927639303534428
0.668403672889006
0.4541714198276332
0.4629110952836084
0.6342698022814109
0.4528870671077353
0.7211029509644824
0.4766941340254338
0.71145482333303
0.5092722255970213
0.71145482333303
0.5393443101246405
0.7130628446049387
0.5644043805643231
0.7162788871487562
0.5556333559104342
0.7420072274992959
0.5405973136466246
0.7645195253060182
0.5142842396849578
0.7757756742093793
0.4892241692452752
0.7629115040341095
0.46416409880559256
0.7452232700431133