0.12453887998850574
0.7792652537359113
0.17805288082663132
0.8489609032416892
0.25228197876338615
0.8985222540013534
0.3472261737987703
0.924851721592425
0.44734914310881174
0.9372420592823411
0.5491983705104057
0.9480836047610177
0.6510475979119995
0.9527299813947362
0.7477180510389362
0.94033964370482
0.8288521813419009
0.9062662150575509
0.904807537370208
0.8598024487203657
0.9686790867576482
0.7947531758483063
0.9876679257647252
0.7064720198076544
0.9859416676731727
0.6104469027108049
0.9721316029407532
0.5206169544589134
0.9462377315674666
0.43388459062950085
0.908260053553313
0.3517986034338069
0.8771874079053691
0.28210295392802903
0.05721481441796061
0.56243434416238
0.13144391235471548
0.4989338635015603
0.21085178456612766
0.440079759474459
0.2954384310521972
0.36883531775744155
0.385203851812924
0.3053348370966217
0.581997274249902
0.18143146019746106
0.6286062427218179
0.14116286270523384
0.6717626950106288
0.09315030415680904
0.7045615987501253
0.04204016118590526
0.7373605024896215
-0.010618773996237998
0.19013668746749846
0.6058005260770863
0.17460036464352646
0.5020314479240393
0.25918701112959597
0.4323357984182615
0.37829881944671423
0.4106527074609082
0.4784217887567557
0.4292382139957823
0.5353883057779862
0.5206169544589134
0.56646095142593
0.622837240400721
0.4870530792145178
0.6925328899064987
0.3472261737987703
0.7126671886526125
0.25918701112959597
0.6739473833716246
0.6752152111937337
0.34870101901132794
0.6700364369190764
0.25732227854819695
0.6890252759261533
0.1643947458738264
0.7598018576798032
0.09934547300176712
0.8323046975250057
0.12877252501531772
0.8702823755391592
0.20311455115481417
0.8944499888208933
0.2913957071954661
0.8806399240884739
0.39361599313727363
0.794327019510852
0.4462749283194169
0.7097403730247825
0.41375029188338736
0.4732430144820983
0.559336759739901
0.7926007614192996
0.29294449940670564
0.8202208908841385
0.5237145388813924
0.7995057937855093
0.7018256431739358
0.7908745033277471
0.6693010067379062
0.7977795356939569
0.6367763703018765
0.8133158585179289
0.6166420715557629
0.8357572137081105
0.5949589805984098
0.8547460527151873
0.635227578090637
0.8599248269898446
0.6708497989491456
0.8599248269898446
0.7095696042301334
0.8426622460743203
0.7374478640324446
0.8115896004263764
0.7250575263425285