0.2257020081574188
0.3287777720478012
0.17246211521120297
0.40045218681335176
0.12093963816647803
0.47212660157890246
0.07456940882622554
0.5358371924816142
0.04022109079640888
0.6122899015648681
0.02991659538746386
0.7046702583738
0.03506884309193637
0.7986433799552999
0.06598232931877132
0.8798743833562572
0.1260918858709505
0.9372139151686978
0.20509301733952884
0.965883681074918
0.30813797142897875
0.9674764458474858
0.41118292551842867
0.9674764458474858
0.5039233841989338
0.951548798121808
0.5880767633719846
0.9181007378978844
0.6653604789390719
0.8639467356305792
0.7443616104076504
0.8018289095004354
0.8027537510583386
0.7349327890525882
0.3751171915871212
0.09304858570776783
0.3940087665035204
0.16153747092818296
0.43179191633631875
0.22684082660346241
0.46614023436613544
0.29055141750617414
0.4987711364944612
0.35266924363631796
0.6292947450077645
0.45460618908065675
0.6997087969688887
0.47690489589660584
0.7752750966344854
0.49761083793998706
0.8525588122015727
0.5119457208930973
0.931559943670151
0.5167240152108006
0.2566154943842538
0.513538485665665
0.33905145765581374
0.42275089362930085
0.46098798666166285
0.3654113618168603
0.4764447297750804
0.47371936635147016
0.40431326191246547
0.5581358992975632
0.40431326191246547
0.5581358992975632
0.4764447297750804
0.47371936635147016
0.46098798666166285
0.3654113618168603
0.33905145765581374
0.42275089362930085
0.2566154943842538
0.513538485665665
0.49403971255393025
0.6353610150318667
0.594241262832965
0.5346880848982082
0.7144831231678066
0.5331392705884597
0.6727324772182087
0.6554956010585984
0.5909012111569971
0.7437780167142682
0.5909012111569971
0.7478102746586137
0.6727324772182087
0.6595278590029439
0.7144831231678066
0.5371715285328051
0.594241262832965
0.5387203428425537
0.49403971255393025
0.6393932729762122
0.38748258607785524
0.46671120135217187
0.6132795573859816
0.6225085266304531
0.4245071157740348
0.6213769709422214
0.11750480636349635
0.5963622538391902
0.213680096846983
0.644145197016224
0.31672505093643294
0.7205979060994779
0.43866157994228205
0.7779374379119185
0.552011029440677
0.8241276163163844
0.43522674813930046
0.8989875606270707
0.30126830782301545
0.9069513844899096
0.17589694701418465
0.8910237367642319
0.08830873603815216
0.8081999685907065
0.08830873603815216
0.6807787867852831