-0.037488390103819776
0.3147826778959318
-0.00925601043851537
0.42980349165251075
0.028387162448557136
0.5380583751881146
0.07387266302043645
0.6446217761684745
0.1256320257401612
0.7478022120383468
0.18052831953380863
0.835759304911025
0.25895159638187637
0.9118760198969964
0.349922597525635
0.969386426775286
0.4550097885020458
0.9879927348829679
0.5491177207197271
0.9490886361123603
0.6244040664938721
0.8814293339026079
0.6965534811940944
0.800238171250905
0.7577236371355873
0.7190470085992021
0.8079145343183507
0.622632502950305
0.8565369659641527
0.5245265147461642
0.9020224665360319
0.4179631137658042
0.9161386563686842
0.3063252651197127
-0.0029821482906699573
0.05950235015058318
0.059756473187784265
0.01552380371424418
0.15543287094242692
0.022289733935219373
0.23856154440137872
0.061193832705827
0.2965947692689489
0.13223610002606698
0.5522546517936499
0.12208720469460416
0.6134248077351426
0.04427900715338891
0.7043958088789012
0.008757873493268916
0.8063460687813893
0.0036834258275374697
0.8737900868707276
0.05950235015058318
-0.0029821482906699573
0.25558078846239846
0.059756473187784265
0.21160224202605943
0.15543287094242692
0.21836817224703464
0.23856154440137872
0.2572722710176423
0.2965947692689489
0.32831453833788227
0.3201217523233692
0.42811200909726693
0.25581466530795366
0.455175729981168
0.15856980201634963
0.43995238698397365
0.07073573194651372
0.3976653231028784
0.0017232483202141262
0.3418463987798327
0.5522546517936499
0.3181656430064194
0.6134248077351426
0.24035744546520418
0.7043958088789012
0.2048363118050842
0.8063460687813893
0.19976186413935274
0.8737900868707276
0.25558078846239846
0.8769270179446503
0.34015491622458893
0.7953668100226597
0.3993568056581222
0.7059642744158626
0.4348779393182422
0.6087194111242585
0.4568672125364118
0.5350015308870748
0.42303756143153554
0.20248683705126755
0.3790590149951965
0.6620472393809446
0.36214418944275845
0.4301234686489257
0.4920500496854829
0.3577649252104418
0.8120785491376118
0.3891342359496689
0.791780758474686
0.4267774088367413
0.7883977933641984
0.46912597833469794
0.7867063108089545
0.5020637546108864
0.8019296538061489
0.5052006856848091
0.8306848572452936
0.46442058172381384
0.8306848572452936
0.4267774088367413
0.835759304911025
0.3875657704127075
0.8408337525767565
0.34835413198867365
0.835759304911025