0.05358023153696103
0.4854672589518179
0.08236353191861649
0.5645899804962787
0.10776056166713598
0.6501716997178383
0.1297713207825196
0.7357534189393978
0.18733792154583054
0.8003433957103862
0.2567564695251172
0.8600891242235505
0.3346406940872438
0.9117611056403411
0.41929745991564216
0.9585888387993077
0.5124199023268805
0.9747363329920546
0.6021560741049828
0.94567084344511
0.6834265693002454
0.8972283608668687
0.747765711329828
0.8342531335151551
0.810411718042843
0.7728926555827161
0.8730577247558576
0.7018436811346289
0.911999837036921
0.6162619619130694
0.9255449195694647
0.5258359944336856
0.9357037314688725
0.43218052811575247
0.012944983939329772
0.24648434489916096
0.07897726128548056
0.18027961870889792
0.18056538027955868
0.22549260244858976
0.268608416741093
0.29169732863885284
0.35157204725292346
0.3223775676050723
0.4921022785280649
0.2803940827039299
0.5733727737233274
0.285238330961754
0.6563364042351577
0.16897637277397495
0.7646970644955077
0.08662415239096477
0.8950684838712413
0.08339465355241535
0.07389785533577665
0.35628730540984116
0.10945369698370395
0.2820088321232046
0.1991898687618063
0.2674760873497322
0.2855397699067727
0.3175333193472482
0.3481857766197875
0.3982707903109836
0.3668102651020351
0.49354100604819146
0.3295612881375399
0.5484424863035317
0.22966630446002975
0.5613604816577293
0.1348507267322235
0.5242212450144109
0.09252234381802428
0.44348377405067557
0.5513620146079437
0.34175456063636883
0.5953835328387109
0.24486959547988627
0.6918922458830852
0.19158286464382085
0.8002529061434351
0.21903360477149095
0.8510469656404741
0.2997710757352264
0.85443323627361
0.40150028914953306
0.8188773946256828
0.5032295025638397
0.7308343581641483
0.5597457322384546
0.6140080213209586
0.5371392403686086
0.5666002324570554
0.44509852346995027
0.3007779877558844
0.512917999079488
0.747765711329828
0.4822377601132685
0.40067297143339453
0.6211062101708935
0.4125249186493703
0.7971138968718368
0.42945627181505
0.7858106509369138
0.4531601662470015
0.7809664026790897
0.47855719599552116
0.7858106509369138
0.4954885491612008
0.7971138968718368
0.5090336316937445
0.818105639322408
0.485329737261793
0.8229498875802321
0.4565464368801374
0.8213351381609574
0.427763136498482
0.8213351381609574
0.40575237738309844
0.8148761404838586