0.20599882054259833
0.3603624402613237
0.17978907096514238
0.4528723223541943
0.124986867303189
0.5384003265532634
0.07018466364123564
0.6169464528585309
0.04635761857082116
0.7094563349514016
0.08209818617644292
0.8054571559911728
0.14881391237360356
0.8805123433495397
0.27271454673975903
0.9101853243981961
0.4156768171622461
0.9154217328185473
0.541960156035443
0.8927306296636923
0.6563299723734327
0.8578212401946845
0.7373419256128418
0.8019662170442721
0.8255019923733757
0.7338929075797068
0.9041312411057436
0.6570922507478899
0.9613161492747384
0.5698187770753703
1.0113529439226088
0.48079983392940057
1.0351799889930233
0.38305354341617875
0.19885070702147395
0.1910519013366359
0.24888750166934448
0.17359720660213207
0.31083781885242223
0.1631243897614297
0.37517084054254135
0.15614251186762815
0.4395038622326605
0.15963345081452898
0.663478085894557
0.12996046976587233
0.732576516598759
0.11599671397826922
0.811205765331127
0.12123312239862041
0.8826869005423705
0.13345140871277314
0.9231928771620752
0.1631243897614297
0.29838613134371117
0.3465157102679633
0.3156032278665051
0.31847117289851434
0.35134379547212685
0.32370758131886557
0.3894670675847901
0.32370758131886557
0.3989978856129559
0.35163509289407174
0.39661518110591437
0.3673443181551252
0.38708436307774857
0.4005082381506826
0.35134379547212685
0.4197084023586369
0.3084551143453808
0.4127265244648353
0.29415888730313206
0.379562604469278
0.5610217920917746
0.362107909734774
0.5800834281481062
0.3359258676330182
0.6158239957537279
0.31847117289851434
0.6563299723734327
0.3062528865843616
0.6658607904015984
0.3289439897392166
0.663478085894557
0.35163509289407174
0.6515645633593496
0.3865444823630795
0.6182067002607694
0.41796293288518654
0.5753180191340233
0.4197084023586369
0.5514909740636088
0.39352636025688104
0.3346648639228368
0.3603624402613237
0.6086758822326036
0.36385337920822447
0.2893934782890491
0.4842907728763013
0.10592523124685742
0.6361466170664851
0.2131469340637227
0.5925098802302253
0.4013805901199973
0.6239283307523324
0.5824661326551476
0.6047281665443782
0.7540208571621322
0.5977462886505766
0.7016013580072202
0.7251655602124549
0.5657872011058575
0.8194209117787759
0.3989978856129559
0.8909851601902419
0.2226777520918885
0.8665485875619365
0.1154560492750232
0.7600749496814627