0.05460329934087058
0.38932494226242803
0.09372808909450739
0.4803641057238148
0.1379561122942708
0.567833105912206
0.18388521330940974
0.6570871877370951
0.24342293684755276
0.7463412695619841
0.3131671272779488
0.8230997799313886
0.39311778460059804
0.8873627188453086
0.48327490881550034
0.9373450046672465
0.5836384999226558
0.9337748413942509
0.6669913128760561
0.8748671473898243
0.7452408923833298
0.8034638819299129
0.8081807715522238
0.7267053715605084
0.8541098725673627
0.6285258815531305
0.8694195729057423
0.519635901726766
0.8830281954287463
0.4071757586274059
0.8864303510594974
0.2911454522550501
0.8745228063518687
0.18225547242868553
0.043506711140004366
0.23840753530299083
0.0924884841484562
0.26043637474907916
0.165961143661134
0.28062947757466017
0.230687057993731
0.3026583170207486
0.2761701329301505
0.3412087860514032
0.43361154617160286
0.26227211136958656
0.47559592303599013
0.19802132965182878
0.550817931584684
0.15212791413914467
0.6190425439893134
0.10623449862646055
0.6942645525380072
0.06584829297529853
0.06293947646420006
0.360925916227236
0.10469700514216003
0.32068043933164975
0.16824107052166443
0.3151629142733839
0.233298089838776
0.3323646100432715
0.28504111450494374
0.36384695890514146
0.3162079656196531
0.41934676978534513
0.2683986211912641
0.45569752311039086
0.20424937423671688
0.4605659275735666
0.13888976413208387
0.4518027995398503
0.08926487497856615
0.4164257271074397
0.5140816018283452
0.2769580043336454
0.57530881808891
0.2182144324774098
0.6522801756736201
0.17415675358523308
0.7310008822943461
0.1484564408981299
0.8079722398790561
0.16314233386218888
0.820217683131169
0.23106458882096131
0.767737212050685
0.29715110715922644
0.6960139015740234
0.35038746915394003
0.6120451478452488
0.36690909873850636
0.5385724883325711
0.3283586297078517
0.230687057993731
0.3889379381845947
0.6872671563939428
0.24207900854400552
0.3356480001546992
0.5688401269943164
0.3727048508160919
0.7026817156433667
0.4186339518312308
0.7116071238258554
0.4679652084771208
0.7026817156433667
0.5121932316768842
0.6866159809148865
0.54791586579977
0.6723353278229043
0.54791586579977
0.6785081673750684
0.5121932316768842
0.6927888204670506
0.4679652084771208
0.7088545551955308
0.4186339518312308
0.7177799633780195
0.3727048508160919
0.7088545551955308