0.08930877887587843
0.39932078049411396
0.07036478896641196
0.48018127919051046
0.05314297995780607
0.5562852779635895
0.044532075453503094
0.6387312766344251
0.044532075453503094
0.7227627752796999
0.07725351256985431
0.7956957741039007
0.1237523968930903
0.8607012730559056
0.17197346211718678
0.9209502720845932
0.24086069815161043
0.9574167714966937
0.3286919240955005
0.9669297713433285
0.41996751184111186
0.960587771445572
0.5060765568841413
0.9431472717267413
0.5852968783237286
0.9209502720845932
0.6541841143581522
0.8828982726980537
0.7144604458882727
0.8353332734648794
0.776458958319254
0.7861827742572658
0.8264022044442112
0.7386177750240913
0.15130729130685974
0.226501283280247
0.1995283565309562
0.23125778320356444
0.24774942175505277
0.23601428312688189
0.2976926678800099
0.23125778320356444
0.347635914004967
0.2249157833058078
0.7316822548968787
0.3644397810564527
0.7609593302115087
0.38663678069860086
0.7867920437244176
0.410419280315188
0.8091803954356053
0.44212927980397093
0.82295784264249
0.4738392792927538
0.16680691941460501
0.36285428108201356
0.23741633634988923
0.3057762820022043
0.3355806476989429
0.29626328215556946
0.39757916012992417
0.3644397810564527
0.3958569792290635
0.4548132795994841
0.3545246376084094
0.5277462784236849
0.28735958247484633
0.5959227773245681
0.19263963292751388
0.6006792772478856
0.12203021599222966
0.5340882783214415
0.1237523968930903
0.44371477977841006
0.5474088985047955
0.5214042785259283
0.6300735817461038
0.45639877957392333
0.7368487975994604
0.43895827985509267
0.8057360336338841
0.5087202787304151
0.8126247572373264
0.6117777770689596
0.776458958319254
0.6862962758675996
0.7024051795822486
0.7497162748451653
0.5887412401254497
0.7528872747940437
0.490576928776396
0.7084932755097475
0.490576928776396
0.6149487770178379
0.28219303977226456
0.4865232790882671
0.616296134539219
0.6181197769667162
0.3545246376084094
0.6403167766088643
0.2253610700438651
0.6989802756631127
0.2959704869791493
0.6958092757142345
0.36313554211271226
0.7195917753308215
0.423411873642833
0.7687422745384351
0.4578554916600448
0.8147217737971705
0.4303005972462754
0.8733852728514189
0.3614133612118517
0.8813127727236145
0.2994148487808705
0.8511882732092708
0.23741633634988923
0.8083797738994138
0.19780617563009564
0.7576437747173611