0.09177042378490961
0.28265940546824975
0.11621192604957135
0.3897772607358613
0.14676380388039856
0.4968951160034728
0.1757880878196844
0.6040129712710843
0.207867559542053
0.7033686631135068
0.26897131520370743
0.7903048934756262
0.33924063421461
0.8663740950424809
0.4140927349001367
0.936233565869184
0.5149139317418665
0.9610724888297896
0.6157351285835962
0.9207092390188056
0.7012803865099124
0.8539546335621782
0.7868256444362287
0.7872000281055506
0.8509845878809659
0.7064735284835825
0.8998675924102895
0.6040129712710843
0.9380574396988233
0.49534268331843495
0.9533333786142368
0.3835675299957098
0.94569540915653
0.27023994398794693
0.05052538871329287
0.021850714381891102
0.1299602710734436
0.04358477197242099
0.22161590456592525
0.08394802178340506
0.31327153805840685
0.13207343501957836
0.40187198376780575
0.18175128094078952
0.4889448355856633
0.14759776186995685
0.6004591896681827
0.125863704279427
0.6982251987268298
0.08394802178340506
0.805156771134725
0.05134693539761024
0.9120883435426203
0.035822608547231745
0.11621192604957135
0.21435236732658433
0.1757880878196844
0.17554155020063814
0.2506401885052111
0.16777938677544887
0.3239646952991964
0.18951344436597878
0.38506845096085085
0.22987669417696283
0.40187198376780575
0.30439346305877957
0.3316026647569032
0.3059458957438174
0.2536953762882938
0.3028410303737417
0.17426049392814308
0.29973616500366607
0.11468433215803
0.2717923766729848
0.5760176874035209
0.2127999346415465
0.6462870064144235
0.1708842521455246
0.7318322643407397
0.16312208872033535
0.8204327100501386
0.1708842521455246
0.8952848107356653
0.20503777121635727
0.8998675924102895
0.2764496747280983
0.8234878978332213
0.2966312996335903
0.733359858232281
0.29507886694855245
0.6432318186313407
0.29973616500366607
0.5622693423796487
0.2888691362084011
0.2659161274206247
0.2857642708383254
0.7028079804014539
0.28421183815328754
0.3896512326354749
0.4968951160034728
0.4064547654424298
0.7747805666252477
0.4308962677070916
0.7592562397748692
0.47061370888716697
0.7639135378299827
0.5103311500672424
0.7701232685701342
0.5393554340065283
0.7918573261606641
0.5531037790304004
0.8244584125464589
0.5164415256334078
0.8244584125464589
0.4736688966702498
0.8213535471763832
0.432423861598633
0.8182486818063075
0.4003443898762644
0.8027243549559291