0.17600382264974893
0.5393262924760103
0.22705238900727145
0.6149537950213464
0.28913848322587987
0.6951189477194027
0.35536365039239565
0.7631837000102052
0.4257278905068186
0.8206606019446606
0.5057499674996917
0.8796500539300228
0.5843923535099291
0.9295642056099446
0.6685535034507094
0.965865406831706
0.7637521812525758
0.9643528567807993
0.8285976574364557
0.8993132045918101
0.8824056057592496
0.8146104017410337
0.9320744811341364
0.7253699487375371
0.9638073737347586
0.6255416453776935
0.9748449015958446
0.5196631418142229
0.9693261376653015
0.410759538148939
0.9486307729257655
0.3094186847381886
0.9210369532730505
0.2171531316328786
0.011820595716095441
0.3184939850436289
0.07666607189997539
0.3366445856545096
0.13737247513594814
0.3653830366217374
0.19945856935455658
0.38655873733443147
0.26706342750370804
0.3971465876907785
0.3788183970972032
0.3048810345854685
0.482295220794884
0.24891668270191977
0.5830126625272933
0.17328918015658365
0.6795910313117954
0.09766167761124753
0.7858272369747475
0.0401847756767921
0.15944753085812
0.5045376413051558
0.1787632046150204
0.4773117403888347
0.22705238900727145
0.4727740902361146
0.27534157339952253
0.4712615401852079
0.31673230287859483
0.4727740902361146
0.32914952172231643
0.5121003915596893
0.30155570206960164
0.5453764926796373
0.2615446635731651
0.5605019931887045
0.213255479180914
0.5650396433414246
0.1801428955976562
0.5378137424251036
0.49333274865597004
0.33361948555269616
0.5554188428745784
0.2973182843309348
0.6216440100410942
0.26555473326189366
0.6906285591728812
0.23379118219285253
0.7540943443741255
0.20807783132743826
0.7637521812525758
0.26555473326189366
0.7320192886519536
0.3351320356036029
0.6699331944333451
0.37748343702899106
0.6023283362841938
0.4001716877925919
0.5361031691176781
0.3789959870798978
0.20911640623300679
0.5181505917633162
0.5595579158224857
0.35177008616357686
0.40227314380201096
0.6951189477194027
0.5071296584823274
0.7873845008247127
0.5512797699266713
0.7692339002138321
0.6037080272668295
0.7525958496538582
0.6478581387111733
0.7238573986866305
0.6892488681902456
0.6875561974648692
0.6933879411381528
0.7193197485339103
0.6671738124680737
0.7707464502647388
0.6326815379021801
0.8146104017410337
0.5830126625272933
0.8251982520973807
0.5333437871524066
0.80251000133378