0.10717439453300524
0.39611584885831247
0.11641832403057396
0.4700672851143525
0.14599889842279376
0.5475402183349658
0.17927704461404095
0.6267739000378659
0.2107064049057745
0.7060075817407658
0.25507726649410417
0.7711552755853724
0.32717991657513984
0.8204562330893991
0.40298013845520303
0.8679964421111391
0.4787803603352662
0.9084936572037325
0.5675220835119256
0.8856039269340058
0.6470198771910163
0.8433459633591258
0.7117273836739969
0.7905235088905258
0.7727373183579502
0.7271365635282058
0.8300496812428761
0.6567066242367392
0.8744205428312057
0.582755187980699
0.8818156864292608
0.4894355184195057
0.8744205428312057
0.3978765973405991
0.06465231884418934
0.2640597126868124
0.12196468172911519
0.2411699824170857
0.18297461641306845
0.22356249759421906
0.24398455109702177
0.20771576125363908
0.3031456998814613
0.19186902491305902
0.5139072924260272
0.18130453401933908
0.6100441592007414
0.17074004312561902
0.7135761695735107
0.17602228857247904
0.8134106081472524
0.20067276732449238
0.8910596159268295
0.23236624000565242
0.14230132662376627
0.3609008792125791
0.18297461641306845
0.30807842474397906
0.25507726649410417
0.286949442956539
0.3216335588765987
0.30631767626169243
0.36230684866590085
0.3679438731417258
0.3586092768668734
0.4207663276103258
0.31978477297708496
0.4788710275257858
0.25507726649410417
0.5017607577955124
0.1940673318101509
0.4771102790434992
0.15709161381987613
0.4190055791280391
0.5730684412104667
0.3573793822480057
0.6008002297031729
0.3027961792971191
0.676600451583236
0.2834279459919658
0.7505518875637855
0.30631767626169243
0.8078642504487114
0.3485756398365724
0.7912251773530877
0.4154840821634658
0.7413079580662169
0.46654578814977915
0.6784492374827498
0.5000000093132257
0.6044978015022003
0.4841532729726459
0.571219655310953
0.42604857305718574
0.2661699818911866
0.40315884278745906
0.6710540938846948
0.3925943518937391
0.40667771025423055
0.5422579728881057
0.39928256665617556
0.6320561454847258
0.43625828464645033
0.6531851272721658
0.4861755039333212
0.6584673727190258
0.5268487937226234
0.6479028818253058
0.5471854386172745
0.6285346485201524
0.5471854386172745
0.6285346485201524
0.5268487937226234
0.6479028818253058
0.4861755039333212
0.6584673727190258
0.43625828464645033
0.6531851272721658
0.39928256665617556
0.6320561454847258