0.12318550102889668
0.5538346342101003
0.16439227194054504
0.6196325386794198
0.2018529727693162
0.6914120708277685
0.23931367359808736
0.763191602976117
0.28988561971692856
0.8309833833384462
0.3591879162501552
0.8728547770916496
0.44160145807345186
0.8967812878077658
0.5315071400625028
0.9067506672728142
0.6195397870101151
0.8987751637007753
0.6907151185847803
0.856903769947572
0.7543983099936914
0.801075244943301
0.8049702561125324
0.7292957127949523
0.840557921899865
0.6515345529675747
0.8798916577700747
0.5697856413541778
0.9042411133087761
0.4840489779547614
0.9192253936402847
0.39033681098330636
0.9117332534745303
0.2946307681188416
0.031406783998407295
0.3285266583000061
0.08385176515868696
0.3145695270489383
0.14753495656759805
0.3085878993699093
0.21683725310082475
0.3085878993699093
0.28052044450973573
0.3165634029419481
0.4303632478248205
0.2268389877565123
0.5614757007255197
0.20490635293340576
0.7000802937919731
0.20490635293340576
0.823700606526918
0.24278999490058983
0.8798916577700747
0.3404899136580642
0.14004281640184377
0.47009184670369364
0.13067764119465095
0.3883429350902966
0.2280754633494561
0.39631843866233535
0.31610811029706837
0.4282204529504903
0.3760452316231022
0.4999999850988388
0.4003946871618035
0.5657978895681585
0.3966486170789264
0.6774549395767007
0.31610811029706837
0.7153385815438846
0.23931367359808736
0.6654916842186425
0.19061476252068485
0.5817488967122358
0.44909359823920614
0.42622657705748057
0.48280822898510023
0.3085878993699093
0.5708408759327125
0.2268389877565123
0.6907151185847803
0.22883286364952196
0.7731286604080768
0.3085878993699093
0.7918590108224625
0.4282204529504903
0.7675095552837613
0.5478530065310712
0.6869690485019032
0.6375774217165069
0.5745869460155897
0.6196325386794198
0.49217340419229294
0.523926495814955
0.2786474094682972
0.5657978895681585
0.5951903314714138
0.48006122616874203
0.4758155648303961
0.5898573253438085
0.5015385793994858
0.8070568726223301
0.505284649482363
0.7871181136922332
0.5183958947724329
0.775154858334175
0.5296341050210642
0.775154858334175
0.5483644554354498
0.7851242377992235
0.5539835605597655
0.8070568726223301
0.5483644554354498
0.8250017556594171
0.5352532101453799
0.8349711351244656
0.5146498246895557
0.8329772592314558
0.505284649482363
0.8210140038733978