0.11105176625530712
0.314335416418564
0.1385921770275034
0.41021139760220027
0.16127251531048856
0.5121747426705119
0.17423270861505147
0.6187036106523298
0.2325535784855847
0.6993611821242779
0.31193476247603263
0.7648003438845375
0.3832158256511289
0.8271958237024596
0.4642170338046472
0.8880694625492127
0.5581784352627285
0.9261154868284336
0.6586199333730912
0.8880694625492127
0.7590614314834541
0.8317613466159659
0.856262881267676
0.7769750716538881
0.935644065258124
0.7130577508647974
0.992344910965587
0.617181769681161
1.0247453942269942
0.5076092197570053
1.0377055875315573
0.3949929878905119
1.0296054667162053
0.28694227893752505
0.05435092054784429
0.1393237047341486
0.10295164543995533
0.11801793113778497
0.1726126844519811
0.11345240822427845
0.2406536993009365
0.10736504433960316
0.2989745691714697
0.10736504433960316
0.5273979761643915
0.08910295268557719
0.6132592568071209
0.07388454297388891
0.710460706591343
0.08149374782973302
0.8092821805386354
0.08605927074323955
0.8967634853444352
0.09214663462791484
0.1321120803752219
0.27172386922583674
0.16289253947355892
0.21693759426375891
0.23417360264865505
0.1865007748403823
0.2908744483561179
0.21693759426375891
0.3329950765959475
0.2808549150528497
0.34433524573744
0.35085959972661585
0.3167948349652438
0.3980366698328496
0.23741365097479578
0.4132550795445379
0.1726126844519811
0.3934711469193431
0.1385921770275034
0.33107566710142106
0.5840988218718544
0.25802730048531725
0.6294594984378246
0.1941099796962264
0.7120807307544134
0.15302027347466804
0.7914619147448614
0.19106629775388875
0.8514028087784649
0.25498361854297963
0.8514028087784649
0.33716303098609646
0.8044221080494243
0.404124033717525
0.7137007549174837
0.42390796634271977
0.6294594984378246
0.4056458746886938
0.5905789185241358
0.33259750807258986
0.2730541825623439
0.30976989350505746
0.7477212623419615
0.3082480525338886
0.36701558402042517
0.4923908100453171
0.4253364538909583
0.6156599287099922
0.4350565988693806
0.6065288828829792
0.44801679217394347
0.6156599287099922
0.4625970096415768
0.6278346564793429
0.47231715461999896
0.6430530661910311
0.4755572029461398
0.6582714759027195
0.4674570821307879
0.6765335675567454
0.4496368163370138
0.6704462036720702
0.441536695521662
0.653705952989213
0.43181655054323986
0.6369657023063559