0.03199870247911936
0.28436157834936127
0.04668165140150006
0.3854420985389197
0.07164266456954725
0.4949459954109413
0.0995402675220706
0.6010805416099778
0.1582720632115934
0.6954223604535655
0.2258136282545447
0.7830254779511828
0.3051015524354005
0.8520971667473811
0.38879436129297046
0.9144301541976089
0.47689205482725483
0.9548623622734322
0.5693946330382532
0.932961582899028
0.6369361980812045
0.8588358680933518
0.7000728784474415
0.7762867766052124
0.7529314945680121
0.6886836591075951
0.7867022770894877
0.5876031389180365
0.8248779442876776
0.4848379433919856
0.8513072523479629
0.37701872185645646
0.8865463297616765
0.2759382016668981
0.08045243392297569
0.13105612272853095
0.18470137127187872
0.14790287609345734
0.29335519329749593
0.20012781152472925
0.40494560510758937
0.2405600196005526
0.522409196486635
0.26246079897495694
0.7499949047835359
0.24224469493704529
0.8072584055808207
0.2102358635436851
0.8659902012703435
0.17148833080435438
0.9203171122831522
0.1276867720555457
0.9628976641580563
0.08388521330673705
0.1626769478883076
0.22202859089913357
0.24490146185363965
0.21697456488965564
0.32565768092673353
0.22876729224510411
0.39907242553863703
0.25572209762898634
0.4783603497194928
0.28436157834936127
0.48717011907292124
0.346694565799589
0.4093504897843036
0.36859534517399334
0.32565768092673353
0.37196469584697855
0.24783805163811573
0.3433252151266037
0.18323307637964065
0.28436157834936127
0.6853899295250608
0.3028930070507803
0.7265021865077268
0.2607761236384643
0.7793608026282974
0.23550599359107466
0.835156008533344
0.22034391556264096
0.8792048553004862
0.23550599359107466
0.8645219063781054
0.28773092902234654
0.832219418748868
0.33658651378063315
0.7778925077360593
0.365225994501008
0.7176924171542984
0.37364937118347125
0.6751118652793944
0.346694565799589
0.3520869889870188
0.2793075523398833
0.7632095588136786
0.28773092902234654
0.6648338010337278
0.5791797622355733
0.45927251612039793
0.735854568529389
0.49597988842634966
0.7291158671834184
0.5370921454090157
0.735854568529389
0.5782044023916817
0.730800542519911
0.6134434798053954
0.7190078151644625
0.6134434798053954
0.7190078151644625
0.5782044023916817
0.730800542519911
0.5370921454090157
0.735854568529389
0.49597988842634966
0.7291158671834184
0.45927251612039793
0.735854568529389