0.0017935982874489823
0.4022186952643097
0.05398040999726252
0.49185155751183623
0.09849269057327993
0.5869167144410312
0.14914459605633426
0.679265724029392
0.21514556380698077
0.7634662915952504
0.2964955938252195
0.8354441961273551
0.38552015497725434
0.910138248000294
0.47914943480956684
0.9590289001353085
0.6019419329503045
0.9766838578507304
0.7047806501431724
0.929151279386133
0.7830608677078927
0.8639637432061136
0.853666554138817
0.7838373966515064
0.9043184596218712
0.6914883870631456
0.9365514903838148
0.5882747881114483
0.9488307401978886
0.4809869681484997
0.9687845211457584
0.3641926324926317
0.9795288647330731
0.25554673885926604
0.01560775432828197
0.31530198035761714
0.10770212793383527
0.3220923487097025
0.20593612644642542
0.32480849605053663
0.30417012495901563
0.32888271706178784
0.3824503425237359
0.3465376747772098
0.5267315278391027
0.2718436229042709
0.6433844010728036
0.24196600215509534
0.737013680905116
0.18764305533841255
0.84752692923178
0.13467818219214678
0.9641798024654809
0.12109744548797607
0.08621344075920614
0.3682668535038829
0.14453987737605656
0.3343150117434561
0.21361065758022152
0.3220923487097025
0.2842163440111457
0.3220923487097025
0.3456125930815146
0.3533280431292951
0.3578918428955884
0.3940702532418072
0.3195191872266078
0.4375286106951535
0.24584368834216522
0.4416028317064047
0.17216818945772255
0.4402447580359876
0.10770212793383527
0.41036713728681207
0.5896626831362308
0.28814050694927573
0.6464542135263219
0.25147251784801483
0.7170598999572462
0.22295297076925638
0.7922703050684481
0.20529801305383444
0.8628759914993721
0.20937223406508565
0.8628759914993721
0.26505325455218554
0.819898617150114
0.31666005402803427
0.7446882120389121
0.3302407907322049
0.6710127131544695
0.34789574844762683
0.5988721204967862
0.3533280431292951
0.2550531257027205
0.370983000844717
0.6894315878755801
0.2759178439155221
0.44691640404762323
0.5842005671001971
0.4929635908503998
0.7444532602094114
0.5236617153855843
0.7267983024939895
0.5574296523742871
0.714575639460236
0.5958023080432676
0.7105014184489846
0.6311051512587297
0.71729178680107
0.6372447761657666
0.7295144498348236
0.597337214270027
0.7322305971756577
0.5651041835080832
0.7430951865389943
0.5267315278391027
0.7485274812206627
0.4883588721701222
0.7539597759023309