0.1471734277293018
0.4775822964073005
0.17305778982974035
0.55396855837971
0.20263991794452726
0.6320153912645632
0.2359198120736626
0.7100622241494164
0.28029300424584297
0.7781456315596075
0.3487016755112877
0.8312839007578053
0.42265699579825494
0.8777798863062286
0.5021589651067447
0.9192941591173207
0.5890564664439314
0.9408815809790886
0.6759539677811179
0.9159730172924333
0.7425137560393884
0.8694770317440101
0.7998291292617882
0.8013936243338191
0.8423534384267943
0.7266679332738534
0.8774822155631038
0.6486211003890001
0.9070643436778907
0.5689136965917031
0.9274020567568068
0.4842245800570752
0.9255531737496325
0.40451717625977834
0.06582257541363781
0.2915983542136078
0.11574241660734076
0.2600475068771778
0.1712089068225662
0.23015723045319147
0.2248265140306175
0.19860638311676151
0.2821418872530171
0.1720372485176625
0.5224966781856608
0.11723840840702093
0.6019986474941507
0.13716525935634516
0.6833494998098146
0.16041325213055674
0.7683981181398271
0.17037667760521882
0.8460512044411428
0.18864295764209932
0.1712089068225662
0.40949888899710946
0.18599997087995968
0.34141548158691837
0.25625752515257855
0.306543492425601
0.3228173134108491
0.3397549106744747
0.36534162257585534
0.39787489261000364
0.38383045264759713
0.47592172549485684
0.37273715460455203
0.544005132905048
0.29878183431758476
0.5572897002045974
0.2248265140306175
0.5323811365179422
0.18599997087995968
0.4742611545824132
0.5890564664439314
0.36466347436112995
0.6112430625300215
0.2849560705638331
0.6722562017667696
0.2401206559278536
0.7610025861111304
0.25838693596473417
0.8035268952761365
0.32148863063759414
0.8035268952761365
0.3845903253104542
0.777642533175698
0.45765544545797626
0.7203271599532983
0.5207571401308363
0.6389763076376342
0.5091331437437305
0.6019986474941507
0.44271030724598315
0.3283639624323717
0.4742611545824132
0.6630117867308986
0.4360680235962084
0.44299470887717096
0.6203913948774574
0.4577857729345644
0.7515764969605085
0.463332421956087
0.6718690931632116
0.5613232213363186
0.6452999585641127
0.6500696056806794
0.6452999585641127
0.7036872128887307
0.7200256496240784
0.7129316279246015
0.8047147661587064
0.6944427978528598
0.8877433117808907
0.6149408285443699
0.9392210100666449
0.5280433272071834
0.9143124463799897
0.483670135035003
0.8329444716702491