0.04388111075502688
0.427619607157151
0.04058519287497888
0.5205712647607527
0.0504729465151229
0.6150467200299871
0.07354437167545894
0.7003793893054246
0.12133518093615499
0.7689502842589012
0.18725353853711507
0.8238070002216825
0.2614116908381952
0.8786637161844638
0.3405137199593473
0.9243776461534481
0.4327994206006915
0.9579011947973699
0.5316769570021316
0.9746629691193309
0.6223146987034517
0.9472346111379404
0.6997687688845798
0.8939016928407918
0.7689830443655878
0.834473583881112
0.821717730446356
0.7598074982651042
0.854676909246836
0.6744748289896667
0.8695085397070522
0.5830469690516981
0.895875882747436
0.5083808834356902
0.15099844185658703
0.2188593269654557
0.2185647583975711
0.17924058765900253
0.2993147464587473
0.14876463434634632
0.3833606523999714
0.11981247869932285
0.4674065583411955
0.10000310904609627
0.7904065105859001
0.1960023619809635
0.8299575251464761
0.21428793396855725
0.8662126218270041
0.24324008961558072
0.8975238416874602
0.2767636382595026
0.9255391436678682
0.31181098456905726
0.18725353853711507
0.3438107355473463
0.23174842991776315
0.2645732569344401
0.3421616788993714
0.24324008961558072
0.42455962590057145
0.3026681985752604
0.4492790100009314
0.4047626421726589
0.45092696894095546
0.5099046811013229
0.41631983120045146
0.5845707667173308
0.3026106643387953
0.5921897550454949
0.21526884051752312
0.5403806344139792
0.18725353853711507
0.4352385954853151
0.6602177543240038
0.4230482141602526
0.6882330563044118
0.3453345332129792
0.7689830443655878
0.3087633892377917
0.8513809913667881
0.3407631402160807
0.8645646628869801
0.4154292258320885
0.8497330324267641
0.49771429977626047
0.811829976806212
0.5647613970641042
0.7393197834451559
0.6150467200299871
0.6668095900840998
0.5952373503767605
0.6519779596238837
0.5129522764325886
0.3883045292200433
0.4535241674729089
0.7228401940449158
0.4840001207855652
0.6107789861232837
0.5876183620485964
0.5036616550217236
0.7354267356149792
0.5250851212420355
0.6866652103147293
0.5580443000425156
0.6470464710082761
0.6008912324831397
0.6577130546677058
0.5992432735431157
0.7079983776335886
0.5860596020229236
0.7582837005994715
0.5646361358026116
0.8085690235653542
0.5366208338222036
0.8512353582030731
0.49871777820165153
0.835997381546745
0.4970698192616276
0.7826644632495965