0.0674041762010546
0.278056208630222
0.09228878460873832
0.37238232510793484
0.11095224091450115
0.46855797328128923
0.1296156972202639
0.5647336214546435
0.15450030562794767
0.6609092696279979
0.19027193021399302
0.7496867910187864
0.24159643505484069
0.8273671222357265
0.29914209199760927
0.9050474534526665
0.3691300531442197
0.945737150756778
0.4468944544182313
0.9216932387134394
0.5199929916158023
0.8828530731049694
0.591536240787893
0.8366147807139337
0.6630794899599837
0.7922260200185393
0.7252910109791929
0.734890537453655
0.7735049397690802
0.6535111428454322
0.812387140406086
0.5721317482372092
0.8590457811704929
0.5036990754984764
0.04407485581885113
0.12084601450070047
0.09539936065969876
0.19482728232635768
0.15450030562794767
0.2669590184563734
0.21204596257071626
0.3409402862820306
0.277368059640886
0.3834795152817835
0.43289686218890927
0.42231968089025346
0.5495434640999267
0.4149215541076877
0.664634777985464
0.394576705455632
0.7828366679219616
0.37608138849921774
0.8901515416800977
0.3631346666297277
0.1016205127616197
0.29534336375319303
0.14205800142410577
0.3545283780137188
0.1871613541630325
0.40631526549167885
0.24470701110580112
0.4396068360132246
0.29914209199760927
0.467349811447846
0.29914209199760927
0.47410656836821347
0.24470701110580112
0.44636359293359207
0.1871613541630325
0.4130720224120463
0.14205800142410577
0.36128513493408626
0.1016205127616197
0.3021001206735605
0.4640026226985139
0.48399559670861886
0.5324352958196441
0.5154376355345232
0.6101996970936557
0.522835762317089
0.6864088103421871
0.5154376355345232
0.7595073475397581
0.49879185027375034
0.7595073475397581
0.5055486071941178
0.6864088103421871
0.5221943924548906
0.6101996970936557
0.5295925192374564
0.5324352958196441
0.5221943924548906
0.4640026226985139
0.49075235362898634
0.19493779429043373
0.3960071094041159
0.6105107546987518
0.5106780745338846
0.29447622792116857
0.6553606745410735
0.28825507581924764
0.7410805024027777
0.3162502602778918
0.768823477837399
0.3458007327620162
0.7910178581850962
0.3831276453735418
0.7965664532720205
0.42045455798506737
0.7928673898807377
0.42045455798506737
0.7996241468011052
0.3831276453735418
0.803323210192388
0.3458007327620162
0.7977746151054637
0.3162502602778918
0.7755802347577665
0.28825507581924764
0.7478372593231452