0.09857586554146763
0.7377354919861089
0.14938756317788404
0.8115154708125042
0.21364941607099894
0.8721790089586515
0.2868780391352461
0.9213656615095818
0.3660845089802482
0.9525172081251708
0.45425774899638255
0.9721918691455429
0.5469143740980831
0.9787500894856671
0.6395709991997837
0.9721918691455429
0.7247553158255405
0.9525172081251708
0.7890171687186553
0.9049701106592718
0.8398288663550718
0.8393879072580314
0.8801793321251672
0.7574101530064811
0.9145519511145076
0.6688741784148067
0.9459356467134706
0.5803382038231323
0.9698470338364903
0.4852440088913338
0.9803082657028114
0.38359159361941136
0.9683525721413014
0.2917765088576749
0.014886010610899406
0.4278595809152485
0.0761589401136368
0.3639169325990393
0.12398171435967581
0.2917765088576749
0.18077125877684713
0.23931074613668274
0.25250542014590555
0.21471741986121765
0.4124128215310984
0.10322767407910914
0.4572466723867599
0.03928502576289981
0.5289808337558185
0.013052144402403714
0.6126706886863867
0.011412589317372684
0.6903826968362
0.01961036474252773
0.07765340180882555
0.5803382038231323
0.10455371232222246
0.47868578855120986
0.18525464386241328
0.4098244749799074
0.3018226560871333
0.4049058097248144
0.38850143440807894
0.48360445380630285
0.4423020554348728
0.5868964241632563
0.44678544052043895
0.7098630555405818
0.361601123894682
0.7852825894520081
0.2480220350603394
0.77216614877176
0.15088202487307273
0.6934675046902717
0.5872648398681785
0.38359159361941136
0.5857703781729897
0.24914807664686878
0.6545156161516708
0.16225165714022538
0.74866670294856
0.11470455967432613
0.8547734833069589
0.1638912122252564
0.8697181002588462
0.2704622927522719
0.8637402534780912
0.3917893690445664
0.8218953260128072
0.5065582249967369
0.7127996222640307
0.5475471021225121
0.6380765375045948
0.4688484580410238
0.30929496456307687
0.6344435216291555
0.7157885456544082
0.41802225040506247
0.57381468461148
0.6983861699453647
0.6186485354671415
0.8164341360675973
0.621637458857519
0.7836430343669772
0.6425599225901609
0.763968373346605
0.6709546947987467
0.754131042836419
0.6993494670073322
0.763968373346605
0.7113051605688421
0.7951199199621942
0.6993494670073322
0.8246319114927524
0.6814159266650677
0.8393879072580314
0.6560100778468594
0.8508647928532483
0.6261208439430852
0.8393879072580314