0.13228801922527275
0.43774836516279164
0.1533891756661138
0.53973512497379
0.18909882502753708
0.6364238712881132
0.2475327967098661
0.7185430804865793
0.32057526131277747
0.7847682491950199
0.40335672119607696
0.8483444111551227
0.4845150151993117
0.9119205731152256
0.5851512997633229
0.958278191211134
0.6939034137276575
0.9185430899860696
0.7945396982916687
0.8562914314001355
0.8692053287746447
0.7794702356983445
0.9179003051765856
0.6854304961323591
0.9601026180582676
0.588741749818036
0.9844501062592381
0.4867549900070376
0.9730879450987853
0.3807947200735328
0.9454941251376854
0.2801324636367033
0.9179003051765856
0.19139073756739303
0.032689013197557175
0.2623155629701033
0.08443502557837108
0.2759364489746089
0.14452716898834847
0.2800227147759605
0.20128085998666054
0.2881952463786639
0.25302687236747445
0.2963677779813672
0.30477288474828834
0.25278094276694935
0.3348189564532771
0.2037457531507293
0.3732111591874293
0.15607265213495974
0.4249571715682432
0.11520999412144302
0.46835705291989355
0.07434733610792628
0.14953484760584662
0.39171398001290625
0.14452716898834847
0.36038594220254344
0.16956556207583912
0.31816119558857614
0.2196423482508203
0.3099886639858728
0.2580345509849725
0.337230435994884
0.2747268130432996
0.36583429660434563
0.2847421702782959
0.4053348660174118
0.26304222960247065
0.44483543543047804
0.21129621722165678
0.457094232834533
0.17624246689916992
0.4312145494259725
0.4099341357157488
0.25278094276694935
0.4199494929507451
0.19829739874892707
0.45500324327323194
0.1519863863336081
0.5301184225357037
0.13155505732684972
0.5935490183573465
0.1574347407354103
0.6152489590331718
0.19557322154802592
0.613579732827339
0.26640182877145496
0.5751875300931868
0.3113507525863234
0.5017415770365478
0.33041999299263114
0.4416494336265702
0.31271284118677395
0.2475327967098661
0.4033112774344026
0.5705428068427407
0.2801324636367033
0.20962699101582408
0.5088535996516542
0.3097805633657864
0.7145289783196885
0.2413422889266455
0.6150965104867978
0.3648650281582657
0.5483541690647205
0.4967338984190495
0.4979568908480498
0.6002259231806774
0.5660613208705777
0.6336104472973314
0.6559591685003144
0.6619872927964875
0.7649262565363592
0.6235950900623353
0.8820658761751072
0.48838776738988604
0.9120318253850194
0.38322651642242556
0.8316685979584364