0.07310821417989746
0.314442889094691
0.09450435604494187
0.41478706976646196
0.12412978324269565
0.513538485665665
0.15704692457353317
0.6059188424745969
0.19490163710399633
0.7062630231463679
0.24098563496716888
0.7859012617747575
0.3150492029615533
0.8623539708580115
0.39075862802247957
0.9244717969881554
0.4763431954826572
0.9690692106200536
0.5833239048078792
0.9722547401651892
0.6771377576007661
0.9165079731253165
0.7561388967947761
0.8384624992694946
0.8120980370572
0.7428966129154272
0.851598606654205
0.6457379617887917
0.8861616050515844
0.5422082515718852
0.9157870322493381
0.44186407090011437
0.9289538887816731
0.3383343606832079
0.11754635497652813
0.21887700274062347
0.1899640659043707
0.18065064819899646
0.28706963283034137
0.1854289425166998
0.37594591442360276
0.22046976751319125
0.453301196551071
0.26028888682738605
0.6590333298688055
0.2491395334194115
0.7149924701312291
0.21409870842292006
0.7808267527929043
0.19180000160697097
0.8548903207872888
0.19180000160697097
0.9092036039831707
0.22365529705832682
0.17679720937203566
0.28418035841590294
0.24098563496716888
0.276216534553064
0.31011163176192763
0.2698454754627928
0.37759177149014456
0.2746237697804962
0.4417801970852777
0.2969224765964453
0.4335509117525684
0.3415198902283434
0.37594591442360276
0.36859689136199597
0.30681991762884386
0.3717824209071315
0.23933977790062697
0.3654113618168603
0.18173478057166134
0.3303705368203689
0.6623250440018892
0.30170077091414865
0.7166383271977711
0.2857731231884707
0.7775350386598205
0.28418035841590294
0.83843175012187
0.29055141750617414
0.8878074621181263
0.32081394818496217
0.8861616050515844
0.3590403027265891
0.8334941789222443
0.3813390095425382
0.772597467460195
0.3797462447699705
0.7166383271977711
0.36700412658942816
0.6623250440018892
0.3494837140911824
0.3693624861574353
0.3128501243221232
0.8219731794564511
0.3287777720478012
0.6096576178725491
0.5342444277090463
0.4529039207074228
0.7033404849939123
0.48983165626937397
0.6832216434539078
0.5351258319195795
0.6804602338307698
0.5792660158334743
0.6915058723233214
0.6147512617250365
0.7120192009523457
0.6187902328021249
0.7479175260531382
0.5775350282290077
0.7605411129017685
0.5316638567106466
0.7573852161896109
0.4883891665989852
0.7518623969433351
0.4500189413666454
0.7348994521154881