0.033121823198949595
0.41347640832922045
0.0411231625110554
0.5051766083629698
0.07512885458750504
0.5968768083967193
0.11513555114803399
0.6856189374616382
0.14914124322448363
0.7640078181356497
0.22315363186146223
0.8276063439655081
0.3191697036067318
0.8734564439823829
0.4171861101800279
0.9163484730304269
0.525204190893456
0.9562824311096404
0.64122361091899
0.9799469988602854
0.7412403523203126
0.9370549698122413
0.7992500623330796
0.8601451246226451
0.8452577633776879
0.7773191374953876
0.8892651295942697
0.6885770084304687
0.9172698171866402
0.6013139148499652
0.9352728306388782
0.5036975728785545
0.947274839607037
0.41051833736038984
0.1071342118359282
0.3469198115305314
0.22715430151751517
0.3321294566863783
0.33717271705896984
0.3572730599214386
0.46719448088068904
0.3691053437967611
0.5932155750463554
0.377979556703253
0.7312386781801803
0.3838956986409142
0.7852477185368946
0.3676263083123457
0.8372564240655822
0.34839884701494667
0.8892651295942697
0.3321294566863783
0.9492751744350632
0.3276923502331323
0.18714760495698615
0.4149554438136358
0.2611599935939648
0.3942489470318214
0.3391730518869963
0.3838956986409142
0.4211867798360807
0.3853747341253296
0.4691948157087155
0.4297457986577889
0.4991998381291123
0.46524265028375644
0.4271877843201601
0.4859491470655708
0.3451740563710757
0.48742818254998616
0.2651606632500177
0.4859491470655708
0.19714927909711846
0.45341036640843396
0.6752293029954398
0.40756026639155923
0.7272380085241275
0.3912908760629908
0.7952493926770268
0.39720701800065206
0.8672614464859788
0.3942489470318214
0.9232708216707195
0.40016508896948266
0.9152694823586137
0.44453615350194203
0.8632607768299261
0.47411686319024826
0.7972497275050532
0.48447011158115555
0.7292383433521539
0.48151204061232483
0.6832306423075455
0.4548894018928492
0.3391730518869963
0.420871585751297
0.7692450399126829
0.4282667631733736
0.7172363343839953
0.5998348793655499
0.4911984988170064
0.7713307635922083
0.5332055302055618
0.750624266810394
0.587214570562276
0.7328758409974102
0.6532256198871488
0.7328758409974102
0.7112353298999159
0.741750053903902
0.7112353298999159
0.7447803568382506
0.6532256198871488
0.7359061439317588
0.587214570562276
0.7359061439317588
0.5332055302055618
0.7536545697447425
0.4911984988170064
0.7743610665265569