0.05238848337988187
0.23488177583583553
0.06819498902567313
0.3512751355912075
0.09118626996500587
0.4691054504052878
0.12279928125658841
0.5869357652193681
0.16878184313525388
0.6961443496811986
0.24350350618808533
0.7837986082624048
0.3167882141822084
0.8685789567261942
0.39869465252858133
0.9433006197790256
0.5079032369904118
0.9763505861293166
0.630044416980617
0.9476114849551506
0.7291943160314894
0.8743267769610275
0.8096637993191541
0.7909833835559463
0.8772006870784441
0.697581304739907
0.9217462938984011
0.5941205405129096
0.9562332153074004
0.4762902256988293
0.9820984063641497
0.3570229558260407
0.9921570917751077
0.23200786571841894
0.029397202440549133
0.14722751725462943
0.10268191043467226
0.12567319137400498
0.17165575325267046
0.10268191043467226
0.24781437136421017
0.08400149467146438
0.3225360344170416
0.08974931490629758
0.630044416980617
0.08256453961275609
0.7033291249747402
0.08256453961275609
0.7794877430862799
0.06963194408438145
0.8642680915500693
0.07394280926050632
0.930368024250651
0.09406018008242248
0.08687540478888099
0.22626004548358572
0.1558492476068792
0.17596661842879538
0.2406295960706687
0.14435360713721287
0.3311577647692914
0.14722751725462943
0.38719901205891494
0.20183180948554472
0.3757033715892486
0.2765534725383761
0.3282838546518748
0.34696427041508265
0.24350350618808533
0.3598968659434573
0.16016011278300413
0.34121645018024943
0.08974931490629758
0.29235997818416737
0.6257335518044922
0.19752094430941983
0.7018921699160319
0.15010142737204601
0.7837986082624048
0.1285471014914216
0.8657050466087777
0.14866447231333774
0.9260571590745261
0.20183180948554472
0.9246202040158178
0.27224260736225125
0.8628311364913611
0.32972080971058304
0.785235563321113
0.3512751355912075
0.7018921699160319
0.3239729894757499
0.648724832743825
0.26074696689258486
0.23200786571841894
0.23488177583583553
0.77086601273403
0.22626004548358572
0.44898807958337167
0.4734163155814127
0.4001316075872896
0.6688422035657411
0.4418033042898302
0.6559096080373664
0.489222821227204
0.6573465630960746
0.5366423381645778
0.6559096080373664
0.5783140348671183
0.6674052485070328
0.5783140348671183
0.6903965294463655
0.5352053831058695
0.697581304739907
0.489222821227204
0.7018921699160319
0.4403663492311219
0.7004552148573235
0.39869465252858133
0.6918334845050739