0.11666247813405246
0.6766004578845686
0.16556291807048168
0.7354672731436935
0.2266884679910182
0.7998528523333616
0.29829268361221806
0.8532009036619437
0.37164334351686185
0.8973510151062875
0.4502333362718373
0.92678442273585
0.5340626618771444
0.9433407145274788
0.6213848760493396
0.9488594784580219
0.7069606459380906
0.9304635986895453
0.7803113058427343
0.8899926631988968
0.8309581900626075
0.8200883200786858
0.8746192971487049
0.7483443889816273
0.907801738534139
0.6674025180003302
0.923519737085134
0.5809418830884904
0.9217732928016901
0.49080207222295513
0.923519737085134
0.39882267338057215
0.9270126256520218
0.30684327453818927
0.2424064665420132
0.4135393771953534
0.3087713493128814
0.35651214991307606
0.3838684535009691
0.30868286251503696
0.4589655576890568
0.25901398714015017
0.5235839961764811
0.2148638756958064
0.6999748688043149
0.2442972833253689
0.748875308740744
0.1891096440199392
0.7925364158268416
0.1284032407839665
0.8431833000467147
0.08057395338592736
0.9130410713844708
0.06769683754799377
0.2581244650930083
0.529433419736756
0.280828240777779
0.4300956689869823
0.368150454949974
0.35099338598253305
0.472937111956608
0.30868286251503696
0.5654986589791346
0.33811627014459944
0.5794702132466859
0.4632082525702402
0.5742308803963542
0.5809418830884904
0.5131053304758176
0.6876379857456544
0.40133289633540814
0.6931567496761973
0.30178557217910584
0.625091994532834
0.7768184172758464
0.3638705018204667
0.7803113058427343
0.2792494548854744
0.8152401915116123
0.1964679959273298
0.8781121857155927
0.13760118066820476
0.9357448470692414
0.14863870852929068
0.9357448470692414
0.2369389314179783
0.9339984027857975
0.33259750621405654
0.9147875156679146
0.4264164930332871
0.8431833000467147
0.46504784054708787
0.7942828601102856
0.4208977291027441
0.5183446633261494
0.5036791880608887
0.8536619657473782
0.34915379800568547
0.7960293043937294
0.5386313596209942
0.6999748688043149
0.7465048010047796
0.7087070902215346
0.7262693332594552
0.7226786444890856
0.7078734534909787
0.7436359758904123
0.7041942775372834
0.7628468630082954
0.6986755136067404
0.7680861958586271
0.7207505693289122
0.7611004187248515
0.7501839769584747
0.7471288644573002
0.7649006807732561
0.7279179773394173
0.7759382086343422
0.7069606459380906
0.7685798567269514