0.1363299365312675
0.22287699122343693
0.08142235651088024
0.3135717944005631
0.051472767408850865
0.41182449784244984
0.029842508612940723
0.51259650137259
0.011539981939478318
0.6133685049027302
0.06145596377619398
0.7078422582122367
0.12468287410270049
0.7922388111687292
0.19955684685777403
0.8829336143458554
0.28275014991896674
0.9572529669493337
0.40754010451075595
0.9799266677436153
0.5090359342454112
0.9282810159344185
0.6055401657963947
0.8640388636839539
0.7053721294698261
0.7985370613893629
0.7935570307146904
0.7342949091388985
0.880078065898331
0.6637545066678003
0.9532881725921807
0.5856562039319417
1.0081957526125678
0.51259650137259
0.34264932812302556
0.07675758610473364
0.4141955687556514
0.15863483897297256
0.510699800306635
0.24051209184121147
0.5938931033678277
0.32490864479770387
0.70703599553105
0.36647709625388675
0.8068679592044814
0.4319788985484779
0.8534562089187493
0.4319788985484779
0.9050360568166887
0.4281999484160976
0.9532881725921807
0.4231613482395906
0.9982125562452248
0.41560344797483006
0.29439721234753374
0.24177174188533826
0.37759051540872657
0.253108592282479
0.44580902391890465
0.2845998433856478
0.5090359342454112
0.3261682948418307
0.555624183959679
0.38159289678340774
0.5423132554698883
0.4193823981072103
0.46078381846991934
0.42190169819546386
0.38091824753117426
0.3954490472688021
0.3343299978169063
0.34884199563611223
0.29938881053120536
0.28963844356215485
0.7619435755514372
0.4622104996075199
0.8251704858779437
0.44583504903387217
0.8983805925717935
0.45087364921037915
0.9649352350207475
0.45717189943101294
1.0015402883676725
0.5012596509754492
0.9865654938166578
0.5302316019903646
0.9200108513677034
0.5453474025198856
0.8434730125514062
0.5440877524757588
0.7819099682861235
0.5239333517697308
0.7319939864494078
0.4899228005783085
0.4341619614903376
0.31105249431230964
0.8002124949595859
0.4798456002252945
0.6854057367351399
0.6158878049909837
0.26611148930672823
0.5692807533582939
0.35928798873526413
0.5642421531817869
0.4674392827148148
0.6335229056087583
0.5689351124494699
0.7028036580357298
0.695388933102483
0.711621208344617
0.5739267106331416
0.7960177613011092
0.46244768453114327
0.8527020132868132
0.3476409263066972
0.8212107621836444
0.26111989112305667
0.736814209227152
0.24947282869448967
0.6385615057852653