0.01628359985099916
0.5050725498797975
0.05742111526404978
0.5980695879382901
0.10416829186978913
0.6876849155219282
0.15652512966821722
0.770536822155858
0.2257109510447114
0.8398618868903706
0.30985586893504213
0.8888966887757576
0.3958706738896026
0.9277863592365816
0.49310480122954037
0.9616034639851244
0.6015582509548557
0.9818937268342501
0.7044020394874821
0.9683668849348329
0.7773276349924355
0.9024235306751747
0.8371640210477818
0.8330984659406621
0.9044799553600466
0.7603916907312952
0.9400078095804084
0.6758489288599383
0.9474873578373267
0.57439761461431
0.9418776966446379
0.4729463003686819
0.9530970190300154
0.38671268325989794
0.11538761425516658
0.2396082776037371
0.15652512966821722
0.20071860714291298
0.20701208040241567
0.1702832128692245
0.2593689182008437
0.14492038430781748
0.31172575599927177
0.13984781859553605
0.7511492160932215
0.10941242432184756
0.7997662797631904
0.10603071384699331
0.8427736822404706
0.11279413479670189
0.8857810847177509
0.12632097669611897
0.9082197294885056
0.14830209478267173
0.15839501673244674
0.4086938013464507
0.19953253214549735
0.3038607766259683
0.3005064336138943
0.24298998807859135
0.42017920572458706
0.2869522242516969
0.4669263823303264
0.3884035384973251
0.49310480122954037
0.49323656321780757
0.47627581765147414
0.6014512984131443
0.35473315847655196
0.6403409688739685
0.23693027343008885
0.62174156126227
0.17709388737474244
0.5169085365417874
0.7305804583866962
0.3900943937347523
0.7548889902216808
0.3021699213885412
0.8091157150843383
0.23622656712888285
0.8876509717819804
0.2582076852154356
0.9213089389381127
0.3326053156622296
0.9362680354519493
0.4086938013464507
0.9119595036169648
0.4966182736926619
0.850253230497389
0.5456530755780489
0.749279329028992
0.533817088916059
0.7324503454509258
0.45772860323183767
0.40522010921075047
0.4594194584692649
0.8072458280201087
0.4036212356341694
0.7044020394874821
0.6352684031616871
0.6676432765794333
0.7625898025399509
0.6701127529421989
0.7526906136953774
0.675118448272129
0.7431142244870402
0.6839952146572046
0.7361202323685916
0.6898018212399235
0.7433294242445309
0.6881999987343458
0.7537666124828312
0.6851298389319888
0.7633430016911685
0.6793232323492701
0.7729193908995058
0.6709136641949877
0.7800209828966999
0.6678435043926306
0.7703369938096172