0.08051141439730918
0.40701443453347913
0.07488334019722312
0.49902121378922837
0.09551961226420524
0.5929855840929724
0.11990793379791141
0.6810771812527323
0.15930445319851358
0.7554656410765296
0.21933724466609794
0.8141933725163695
0.2868741350671304
0.8690059218602201
0.35441102546816283
0.9140305159640976
0.4425841879361773
0.9355640174920389
0.5288813256708298
0.9022849696761295
0.6057983397386723
0.8611755576682415
0.6864674032732387
0.8141933725163695
0.7596323678743571
0.7652535963165029
0.8177891346085795
0.7026106827806737
0.8646897529426297
0.6282222229568762
0.8759459013428019
0.5283850795091484
0.885326025009612
0.4324631181574098
0.04674296919679295
0.15840037143815658
0.07488334019722312
0.12316373257425257
0.12178395853127336
0.10554541314230063
0.17994072526549576
0.10163023104631132
0.23059339306627002
0.10750300419029524
0.5457655482710878
0.08596950266235397
0.6133024386721203
0.07422395637438599
0.6977235516734108
0.07618154742238065
0.7558803184076333
0.11337577733427925
0.7821446646747013
0.1701459177261246
0.08238743913067118
0.3502442941416338
0.1086517853977393
0.2543223327898952
0.2118331457326499
0.23670401335794322
0.2868741350671304
0.2876013806058045
0.34503090180135276
0.39135370614952175
0.3581630749348868
0.48727566750126033
0.3243946297343706
0.5851552199009937
0.2155851951993739
0.6223494498128923
0.12928805746472147
0.5871128109489883
0.10114768646429129
0.4716149391173031
0.4632204600031594
0.3659050225255911
0.5307573504041918
0.27585583431783656
0.6226825623389304
0.22104328497398587
0.740872120540737
0.24453437754992183
0.7690124915411671
0.35807465833361246
0.7652604420744432
0.4755301212132924
0.716483799007031
0.5890704019969829
0.6170544881388444
0.6360525871488549
0.4951128804703136
0.5929855840929724
0.4500882868696253
0.49706362274123367
0.23434544253299402
0.4461662554933724
0.560773746137984
0.4637845749253244
0.35253500073480076
0.6086463124769296
0.3318987286678186
0.7182714111646309
0.3787993470018689
0.7123986380206471
0.43132803953600524
0.7084834559246576
0.48573275680350353
0.7104410469726523
0.5326333751375538
0.7104410469726523
0.5195012020040197
0.7495928679325456
0.4819807073367795
0.7750415515564762
0.43132803953600524
0.7809143247004603
0.3806753717352309
0.7789567336524656
0.33752680286790465
0.7554656410765296