0.04781862165436366
0.37869966888925
0.04365668440751399
0.4764380648047172
0.04365668440751399
0.5741764607201842
0.05406152752463816
0.6684241996386704
0.07903315100573621
0.7591812815601756
0.12897639796793225
0.8377210639922474
0.18932448804725244
0.9075342039318668
0.2725632329842458
0.9564034018896004
0.3807736014023372
0.9633847158835622
0.48482203257357903
0.940695445403186
0.5784656206276966
0.9040435469348858
0.659623396941265
0.8534290204786618
0.7345382673845591
0.7958331800284758
0.8011292633341538
0.7295106970858374
0.8531534789197747
0.6509709146537656
0.9010157572585459
0.5794124462156558
0.9384731924801929
0.5078539777775459
0.0956808999931349
0.19020419105227768
0.13521930383820674
0.17624156306435382
0.1810006135535531
0.1675149205719014
0.22886289189232428
0.16402426357492042
0.2788061388545203
0.1692602490703919
0.6138420872259187
0.1570429495809585
0.6825140517989383
0.16053360657793947
0.7511860163719578
0.17624156306435382
0.8136150750747029
0.1989308335447301
0.8677202592837485
0.2216201040251064
0.08319508825258588
0.32459448543604497
0.1206525234742329
0.27048930198283994
0.19556739391752695
0.24256404600699222
0.26423935849054647
0.28445192997076385
0.28088710747794515
0.34728375591642124
0.27464420160767067
0.4136062388590597
0.23926773500944845
0.4729474078077362
0.1685148018130041
0.5026179922820745
0.10400477448683423
0.4572394513213219
0.08319508825258588
0.39266229687717386
0.5118746246781019
0.3647370409013261
0.5701417461339973
0.2896879154662353
0.6658663028115396
0.2739799589798209
0.7636718281125068
0.30539587195264967
0.8261008868152518
0.382190325886231
0.8011292633341538
0.4607301083183028
0.7303763301377094
0.5130899632730174
0.6325708048367422
0.551487190239808
0.534765279535775
0.5183259487684888
0.497307844314128
0.43629550933943606
0.1872435194238276
0.4048795963666073
0.6200849930961932
0.4258235383484931
0.307939699582468
0.5602138327322604
0.26840129573739613
0.7661625955541376
0.2912919505950693
0.7487093105692327
0.320425511323017
0.7487093105692327
0.34331616618069016
0.7661625955541376
0.3641258524149385
0.7871065375360233
0.382854570025762
0.8063051510194187
0.357882946544664
0.8132864650133806
0.3141826054527425
0.8132864650133806
0.27464420160767067
0.8097958080163996
0.25175354674999745
0.7905971945330044