0.0988025953993202
0.5178683071045687
0.15445849206298595
0.5974634601086971
0.2135928822681308
0.6786830039904609
0.2744665192440152
0.7550293752393187
0.34577563684433704
0.8248781829776355
0.4188240012153983
0.8817318636948701
0.5057863397523762
0.9402099352897398
0.5962271718308331
0.9775709254753512
0.6988427313044668
0.988941661618798
0.7892835633829237
0.928839199146293
0.8466787068173289
0.8443708735092588
0.9005953567102553
0.7550293752393187
0.9284233050420883
0.655941531703567
0.9458157727494837
0.5503561246572741
0.9458157727494837
0.44314632673334614
0.9162485776469113
0.3424340923199591
0.8745066551491619
0.2547169849276543
0.06053916644304994
0.42527802707935813
0.12315205018967391
0.43015119971226395
0.19620041456073525
0.4350243723451698
0.26924877893179655
0.4398975449780756
0.3405578965321184
0.4382731541004402
0.4570874301716686
0.371673128117394
0.5405712751671673
0.2985755386238067
0.6310121072456242
0.22060477649731355
0.7231921860948206
0.16212670490244369
0.8171115117147567
0.11501936945102074
0.11619506310671575
0.5032487892058511
0.1631547259166837
0.4821317077965927
0.21707137580960997
0.46751218989787524
0.27098802570253616
0.45614145375442827
0.3301224159076811
0.4593902355096988
0.34577563684433704
0.5000000074505807
0.3005552208051086
0.5259902614927451
0.24837781768292194
0.5422341702690978
0.19272192101925617
0.5568536881678153
0.14054451789706948
0.5389853885138273
0.5405712751671673
0.3700487372397588
0.5875309379771353
0.31806822915543004
0.6466653281822802
0.282331629847454
0.7162351990118625
0.24659503053947793
0.7823265762999655
0.22872673088548995
0.784065823070705
0.2937023659909009
0.7597163682803513
0.35380482846340605
0.7005819780752063
0.39766338215955843
0.6275336137041451
0.4139072909359111
0.5579637428745629
0.42365363620172275
0.26924877893179655
0.4805073169189573
0.6536223152652384
0.3278145744212417
0.49187236558645975
0.6332000594166731
0.4866546252742411
0.769805084568578
0.5231788074597717
0.7421904396487783
0.5683992234990002
0.7243221399947903
0.6118803927674891
0.7097026220960728
0.6588400555774571
0.7015806677078965
0.6588400555774571
0.7062976489102605
0.6118803927674891
0.7144196032984368
0.5683992234990002
0.7290391211971543
0.5231788074597717
0.7469074208511423
0.4866546252742411
0.774522065770942