-0.024048135251990992
0.4851824935879271
-0.00873234480718111
0.5800145107833361
0.02572818369364109
0.6704012771727103
0.0812479240560769
0.7548610424873713
0.15399792866892378
0.8215398045778933
0.24397819753218175
0.864510562369563
0.3473597830346484
0.8956273180118065
0.4545703161483175
0.9208170725793371
0.5694387444843915
0.9385980758034763
0.6651624347644531
0.908963070429911
0.7321690179604964
0.8452478088767456
0.7896032321285333
0.7785690467862237
0.8412940248797667
0.7029997830836321
0.8968137652422025
0.6289122696497188
0.9159585032982148
0.5370437529916664
0.9312742937430247
0.44517523633361394
0.9197874509094174
0.36367897155630935
0.07167555502807071
0.36516072182498766
0.1520834548633225
0.3073724613465353
0.24397819753218175
0.2688469543609004
0.34544530922904715
0.23624844844997853
0.44308347331471004
0.20513169280773497
0.7053663846820791
0.16364268528474354
0.75322822982211
0.15327043340399568
0.8049190225733432
0.14586168206060438
0.8604387629357791
0.14141643125456957
0.9140440294926135
0.14141643125456957
0.188458457169746
0.4318394839155095
0.24780714514338423
0.37256947316837896
0.32247162356183234
0.33404396618274407
0.41053741861948906
0.3207082137646397
0.475629528009931
0.3592337207502746
0.4813729494267348
0.4244307325721183
0.4583992637595199
0.49110949466264014
0.3971361019802805
0.5444525043350578
0.2975834640890163
0.545934254603736
0.21526109044816324
0.5088904978867793
0.7168532275156865
0.35478846994423974
0.7436558607941038
0.2970002094657875
0.7896032321285333
0.2525477014054395
0.8566098153245766
0.233284947912622
0.8948992914366012
0.2673652040922221
0.8968137652422025
0.328116965108031
0.8853269224085951
0.3888687261238399
0.8527808677133741
0.44072998552757914
0.7704584940725211
0.4466569866022922
0.720682175126889
0.41405848069137036
0.3301295187842373
0.46295623955775317
0.7896032321285333
0.37256947316837896
0.7838598107117297
0.5400072535290229
0.6268729586524285
0.7000362825462756
0.6268729586524285
0.6733647777100669
0.6613334871532508
0.6644742760979973
0.6900505942372692
0.6555837744859276
0.7130242799044841
0.6481750231425363
0.7072808584876803
0.685218779859493
0.6977084894596741
0.7089267841583452
0.6823926990148643
0.7326347884571974
0.6460176967084409
0.7400435398005888
0.6287874324580298
0.719299036039093