-0.02441634964732405
0.41749448745735573
-0.00702388140539456
0.5017936057113029
0.014716703897017302
0.5878863222259725
0.04515352332039386
0.6632174491763083
0.1016790451066647
0.7313741830837549
0.17777109366510618
0.7851821309054234
0.2625593763445124
0.838990078727092
0.3451736004936775
0.8838300352451489
0.43213594170332487
0.9161148039381499
0.51475016585249
0.8820364369844267
0.5951903314714138
0.838990078727092
0.6712823800298553
0.7941501222090348
0.7430263115278143
0.7493101656909779
0.8038999503745676
0.693708619608587
0.832162711267703
0.6129966978760844
0.8452070624491501
0.5269039813614149
0.8495551795096324
0.4408112648467454
0.11254933775787065
0.32960817268196396
0.20603385455824158
0.3027041987711297
0.30169242988885375
0.2865618144246292
0.40387318081018947
0.28297461790318457
0.4973576976105605
0.29194260920679604
0.6865007897415435
0.3062913952925743
0.7582447212395027
0.3027041987711297
0.8299886527374617
0.3062913952925743
0.9017325842354209
0.3134657883354634
0.9582581060216917
0.3224337796390748
0.22125226426992992
0.4354304700645785
0.269081551935236
0.39417771006796604
0.34299954196343624
0.3565121465927981
0.4234397075823601
0.37444812920002096
0.4734430537779074
0.41749448745735573
0.4603987025964602
0.4820640248433578
0.40604723934043063
0.5286975796221371
0.33647736637271275
0.5556015535329715
0.2560372007537889
0.5448399639686378
0.20820791308848274
0.5035872039720253
0.669108321499614
0.4461920596289122
0.7082413750439556
0.40493929963229974
0.7669409553604674
0.36368653963568726
0.8234664771467382
0.3834161205036324
0.8473811209793912
0.43004967528241167
0.8539032965701148
0.47309603353974644
0.8234664771467382
0.5358719726650263
0.7604187797697438
0.5591887500544159
0.6821526726810612
0.5591887500544159
0.6451936776669611
0.5161423917970812
0.30169242988885375
0.4677152387575796
0.7212857262254024
0.48385762310408015
0.6082346826528608
0.6040287065724729
0.49255288832517596
0.7414509442212678
0.5051977928252329
0.7285370367440674
0.5174865028323306
0.7167971208557034
0.5333371577690217
0.7047637070701303
0.5476739861106356
0.7123946523975668
0.540817242121168
0.7288305346412763
0.5306656990718266
0.7435054295017315
0.5152602872513345
0.7549518474928864
0.5009234589097208
0.7674255081242731
0.48925808926530195
0.7572998306705593