0.0672087065616487
0.42775435129562944
0.09868205207344516
0.5240818617914785
0.13714947436564082
0.6123820797460069
0.18086245424313593
0.700682297700535
0.2298209917059304
0.7873770571467991
0.29626472111972296
0.8564117730021577
0.3697025273139147
0.9158137378079313
0.4641225638493041
0.9527392834980066
0.5725307539454918
0.9687938685806482
0.6669507904808814
0.9254464888575161
0.7368915582848734
0.8596226900186859
0.8103293644790651
0.8002207252129123
0.8767730938928576
0.7279750923410256
0.9152405161850533
0.6412803328947615
0.9362227465262509
0.5401364468741201
0.9344742273311513
0.42935980980389366
0.9257316313556522
0.32661046527498805
-0.01147465721784245
0.251153915386573
0.06371166817144912
0.2896849195849126
0.13540095517054104
0.336243216324573
0.20534172297453318
0.37959059604770506
0.2752824907785253
0.4116997662129881
0.4046729112159107
0.3603250939485353
0.527069254872897
0.32661046527498805
0.6127466954327874
0.22065020372955418
0.7071667319681767
0.12271723472544101
0.7963412109182667
0.052077060361818375
0.05322055300085028
0.347481425882422
0.10392760965874456
0.3378486748328371
0.16512578148723767
0.3699578449981202
0.23156951090103026
0.40367247367166725
0.28227656755892455
0.4373871023452145
0.3172469514609206
0.48073448206834646
0.2735339715834255
0.5112381937253653
0.19659912699903415
0.5016054426757804
0.13365243597544127
0.47110173101876157
0.08469389851264673
0.41330522472125214
0.527069254872897
0.3442705088658938
0.5655366771650927
0.2768412515187994
0.6267348489935858
0.2222556622378183
0.7071667319681767
0.19496286759732778
0.757873788626071
0.23670478881219564
0.7771074997721689
0.30252858765102586
0.7456341542603724
0.3811960545559692
0.6791904248465799
0.4261488927873654
0.5970100226768892
0.45504714593612006
0.5078355437267992
0.432570726820422
0.24206062607162906
0.46949627251049736
0.5690337155552923
0.41972705875430877
0.45596280760550495
0.490206687267105
0.2140843189500322
0.6493076254360822
0.3574628929482161
0.6444912499112898
0.5253207356777972
0.6300421233369125
0.6547111561151827
0.5321091543327993
0.7841015765525682
0.5786674510724596
0.7980897301133665
0.6814167956013653
0.7298974815044742
0.8275135198534029
0.5882674267013902
0.8997591527252897
0.41691254558160934
0.8981536942170255
0.27703100997362506
0.8178807688038181