0.10780069629886906
0.3989529304093259
0.09530705667262586
0.4716486676128858
0.10780069629886906
0.5646992112334424
0.13457278121224733
0.650480181133643
0.1756233114127607
0.7289915773134876
0.23452189822219285
0.7987794850289052
0.30769893031876017
0.8627517337680378
0.40229363034603
0.9180004940427433
0.49867313603419183
0.9616179363648792
0.6111158926703806
0.9427170446919538
0.6950017587322991
0.8976456876257465
0.7788876247942177
0.8394890978628987
0.83778621160365
0.7638855311711965
0.8877607701086228
0.6839202202472805
0.9252416889873523
0.6010470798352224
0.9430897455962711
0.5079965362146658
0.959152996544298
0.41930773682632266
0.077459000063707
0.3073563015328405
0.15242083782116614
0.29572498358027094
0.23452189822219285
0.28263975088363014
0.3166229586232196
0.26664668869884695
0.37909115675443555
0.2651927739547758
0.5586310567612683
0.24398891874738315
0.637273377103079
0.2550454436291347
0.7179386510228137
0.2698372809709376
0.799615401731511
0.2835832308239261
0.8721888613395482
0.3130174930091297
0.17352751798702912
0.41076218551214727
0.21700477128928752
0.35915061012326754
0.284253760210047
0.34139622818949295
0.3574456830354317
0.35295722107660193
0.3918521424832622
0.4000269778312603
0.3874731385535383
0.4570061570605835
0.3530666791057078
0.5094435176556853
0.28394097421506675
0.5338041812392366
0.2188814872591692
0.5106821954650185
0.1750914479619305
0.45948351267924975
0.6189058572337897
0.4033132275951124
0.6543334009800372
0.3556147480129895
0.7264425608175324
0.3419273582198586
0.7972976483100276
0.3551999786253188
0.8440118431612744
0.399165533718406
0.8440118431612744
0.4526707847279178
0.7994922749137775
0.5007840336977113
0.7308318140250321
0.520278194918231
0.658095618015037
0.5111532683894771
0.6211004838375395
0.46386955819502484
0.3005597076751926
0.4280312252907499
0.6932169530714072
0.4236694810585363
0.45226818885100273
0.6373949484370022
0.4606274864379675
0.7638672970583051
0.47093520672709027
0.7392576126440839
0.49744077318483454
0.7248127978792148
0.5224738081727041
0.7406842610159229
0.5336650473437516
0.7663639317090233
0.5332232879027892
0.7916869403091642
0.5246826053775161
0.8159399626304258
0.49729352003784705
0.8282448048375364
0.4701989409921529
0.8129083348402679
0.4606274864379675
0.7881203193795668