0.1566496487298852
0.6277521315298206
0.20520243219287052
0.6875970833866132
0.2453840460932722
0.7574161938862045
0.28723989390619065
0.827235304385796
0.3441638469317597
0.8828056168242462
0.42452707473256307
0.9255520110076694
0.5149357060084668
0.9483500879054951
0.6204124424970212
0.9497749677116093
0.7191922433355087
0.934101289844354
0.7878358337486948
0.8842304966303602
0.849782488511814
0.8201109053552252
0.9050322076248664
0.7531415544678622
0.940191119787718
0.6761980449377003
0.9485622893503015
0.5878554969586255
0.9435395876127514
0.4980880691734367
0.9284714824001007
0.41117040100047597
0.8983352719747993
0.3399264106947705
0.09135452614173244
0.5522335018057728
0.10474839744186633
0.5009378287856648
0.12818767221710067
0.451067035571671
0.1583238826424019
0.4054708817760195
0.20017973045532034
0.36414936739871034
0.37597429126957765
0.2601331415523804
0.456337519070381
0.23733506465455464
0.5400492146962179
0.22166138678729944
0.6287836120596049
0.2145369877567289
0.7124953076854417
0.21026234833838658
0.14158154351723456
0.6021042950197666
0.12986190612961743
0.5351349441324035
0.1666950522049856
0.4695904730511544
0.24203557826823877
0.4453675163472146
0.3090049347689082
0.4752899922756109
0.3341184434566593
0.5223110258773764
0.3374669112816927
0.5949798959891961
0.3123534025939417
0.6676487661010156
0.240361344355722
0.6961463622232978
0.1851116252426697
0.6519750882337604
0.43959517994521363
0.39692160293933487
0.4295497764701132
0.31570345399083066
0.5048903025333664
0.2615580213584945
0.6170639746719877
0.25158386271569577
0.6957529685602742
0.2900556174807767
0.7476542198482932
0.36414936739871034
0.7543511554983602
0.43824311731664406
0.6773363955225902
0.502362708591779
0.5618142555589354
0.5137617470406919
0.4898221973207157
0.4653158336328121
0.240361344355722
0.5921301363769678
0.5634884894714521
0.40832064138824775
0.4278755425575964
0.6049540546319948
0.4228528408200462
0.7688152323351173
0.4228528408200462
0.6975712420294119
0.4864737294956823
0.6448506892031899
0.5651627233839689
0.6277521315298206
0.6589198224849061
0.633451650754277
0.6823590972601404
0.6961463622232978
0.6857075650851738
0.775939631365688
0.6321320798846383
0.8357845832224806
0.5500946181713182
0.8500333812836217
0.4714056242830316
0.8186860255491113