0.05458540773752837
0.38266064671040523
0.05458540773752837
0.4771621377925123
0.03114176821069334
0.5685135791718824
0.04156116355595331
0.6630150702539894
0.07021450075541837
0.755941536484728
0.11449693097277337
0.8409928784586242
0.1978520937348535
0.902418847661994
0.3385139308958636
0.9370693943920999
0.48178061689318885
0.9669948665681004
0.6302570005631439
0.951244618054416
0.765709140051524
0.9102939719188361
0.8855321865220142
0.8551681021209405
0.9845164423019843
0.7827169589579916
1.0418231167009144
0.6913655175786215
1.0782910004093245
0.5952890016451461
1.0887103957545845
0.4960624360089337
1.0756861515730094
0.4015609449268267
0.04937571006489833
0.29760930473650893
0.08844844260962341
0.280284031371456
0.14315026817223844
0.27240890711461374
0.20306179140748348
0.27713398166871905
0.25255391929746857
0.2865841307769298
0.41665939598531376
0.2787090065200875
0.5364824424558038
0.26453378285777146
0.671934581944184
0.25980870830366615
0.7943624772509891
0.2739839319659822
0.9089758260488493
0.30390940414198275
0.05979510541015835
0.38266064671040523
0.09105329144593839
0.3543101993857732
0.14575511700855348
0.33383487631798325
0.2108763379164285
0.33540990116935177
0.26297331464272855
0.3527351745344047
0.24473937278852356
0.3999859200754582
0.20566664024379852
0.42991139225145875
0.1483599658448684
0.45196174017061713
0.08063389610067838
0.45668681472472245
0.05719025657384336
0.42203626799461647
0.48438546572950386
0.35116014968303627
0.5625309308189538
0.32280970235840417
0.664120035435239
0.32438472720977257
0.765709140051524
0.3480100999802993
0.8568788493225493
0.374785522453563
0.8751127911767542
0.4267613425487219
0.7735236865604692
0.43778651650830097
0.6667248842715541
0.43778651650830097
0.5651357796552688
0.4314864171028272
0.4869903145658188
0.3936858206699844
0.18743269838959353
0.3779355721562999
0.6953782214710191
0.38108562185903677
0.05979510541015835
0.4960624360089337
0.14575511700855348
0.678765318767674
0.18222300071696346
0.6630150702539894
0.23952967511589357
0.6708901945108318
0.29944119835113864
0.6819153684704108
0.3489333262411237
0.6976656169840955
0.3671672680953287
0.7260160643087274
0.3046508960237686
0.7307411388628328
0.24213452395220852
0.7338911885655697
0.17701330304433346
0.7338911885655697
0.15877936119012848
0.6992406418354637