0.07096373439987405
0.3697887217659275
0.05923463822745219
0.45830674370022423
0.03343062664812408
0.5468247656345211
0.03577644588260845
0.6379085273350293
0.07096373439987405
0.7251436793862205
0.11553429985507713
0.8072473519049884
0.1601048653102802
0.8867852846575451
0.21640452693790518
0.9611917378776785
0.3548078617724832
0.9881320054228993
0.5260526658898423
0.9778690463580533
0.673839277662358
0.9470801691635153
0.7887844201520922
0.8842195448913336
0.8873088280004359
0.8033987422556712
0.9670666819729046
0.717446460087586
1.0444787167108889
0.6250798285039718
1.107815836041967
0.5352789366865693
1.1500405822626856
0.44547804486916676
0.09442192674471776
0.2851193094809479
0.15541322684131148
0.2645933913512559
0.2351710808137802
0.2491989527539869
0.31727475402073324
0.2504818226370927
0.37122859641387385
0.2774220901823134
0.5565483159381392
0.2312387743905064
0.6785309161313267
0.23508738403982365
0.8005135163245142
0.24278460333845817
0.9084212011107953
0.26202765158504443
0.9975623320212014
0.28896791913026515
0.1436841306688896
0.35311141328555273
0.18121723842063958
0.31975679632480314
0.24220853851723328
0.30051374807821696
0.303199838613827
0.3159081866754859
0.3360413078966082
0.35054567351934124
0.3125831155517645
0.3839002904800908
0.2680125500965614
0.41853777732394604
0.21640452693790518
0.44162943521984954
0.1601048653102802
0.42495212673947474
0.14133831143440523
0.38903177001251377
0.580006508282983
0.3377169746882837
0.6808767353658111
0.2992308781951112
0.8192800702003891
0.30692809749374567
0.9436084896280608
0.3454141939869182
1.0233663436005296
0.39672898931114825
1.032749620538467
0.46728683288196454
0.931879393455639
0.5006414498427141
0.7840927816831235
0.4865298811285508
0.6480352660830299
0.4660039629988588
0.5846981467519518
0.41340629779152305
0.23751690004826456
0.3762030711814562
0.8052051547934829
0.39929472907735974
0.12960921526198338
0.4608724834664357
0.19060051535857708
0.666131664763356
0.23047944234481138
0.6584344454647214
0.27974164626898324
0.6686974045295674
0.3290038501931551
0.6815261033606249
0.3735744156483582
0.6969205419578939
0.37592023488284254
0.7161635902044803
0.32431221172418634
0.7059006311396341
0.2750500078000145
0.6982034118409997
0.22578780387584266
0.6892233226592593
0.18356305765512396
0.6738288840619904