-0.09237031180362236
0.34916100768623237
-0.12037803890763332
0.4414217541180346
-0.10870815261429541
0.5410047820126781
-0.0877023572862872
0.6405878099073218
-0.04569076663027077
0.7328485563391239
0.024328551129756647
0.8148581087229481
0.13635945954580048
0.8690429915479749
0.2437224134445092
0.9217634180804333
0.3604212763778882
0.9686260194426186
0.500459911897943
0.9979151452939843
0.62882866112466
0.9730193883203234
0.7011819561433549
0.8954032048142041
0.7548634330927092
0.809000283552675
0.8202147963354014
0.7299196437539874
0.8738962732847558
0.6479100913701633
0.8925680913540964
0.5527204323532244
0.9229097957167749
0.4633885985065589
0.09434786888978405
0.2554358049618619
0.22271661811650098
0.2290755916956327
0.3627552536365558
0.2554358049618619
0.4887900256046051
0.30522731890918375
0.6264946838659924
0.31694296924973003
0.7128518424366928
0.35648328914907385
0.7735352511620499
0.3330519884679812
0.8528904779567477
0.3257297070051397
0.9415816137861156
0.32865861959027637
1.0116009315461432
0.33744535734568604
0.08501195985511373
0.33598090105311773
0.19470889101249
0.3140140566645935
0.31607570846320415
0.296440581153774
0.428106616879248
0.3213363381274349
0.49812593463927535
0.3769856772450299
0.49345798012194025
0.43263501636262486
0.3884290034818991
0.4619241422139906
0.27406411780718776
0.448744035580876
0.15969923213247628
0.4209193660220785
0.05467025549243519
0.38870132758557613
0.7315236605060335
0.4165259971443737
0.7758692284207175
0.3872368712930079
0.8435545689220774
0.3784501335375982
0.9135738866821047
0.3872368712930079
0.9229097957167749
0.4253127348997834
0.9112399094234371
0.4736397925545369
0.8762302505434234
0.5058578309910393
0.8062109327833961
0.5087867435761758
0.7478615013167065
0.4853554428950832
0.7268557059886983
0.448744035580876
0.33941548104987995
0.3974880653409859
0.7922070692313905
0.4619241422139906
0.8248827508527367
0.6054408588856829
0.4607822985005942
0.7474931192648069
0.5121297981912809
0.7357774689242605
0.5658112751406352
0.7430997503871021
0.6264946838659924
0.7445642066796704
0.677842183556679
0.7430997503871021
0.6661722972633413
0.7665310510681947
0.6148247975726544
0.7665310510681947
0.5588093433646324
0.763602138483058
0.500459911897943
0.7650665947756264
0.44211048043125356
0.763602138483058