0.3443520872718385
0.8902729965215731
0.42801068508553575
0.9177456297515285
0.5104390094019726
0.9484503374791258
0.6014792481992315
0.9662267472161558
0.6949800339910106
0.9759229707090814
0.7934019137718308
0.9743069334602605
0.8869026995636102
0.9726908962114394
0.9459558274321023
0.9080494062586031
0.9717915708745676
0.7997749105876019
0.979173211858129
0.6753400424283917
0.9742521178690882
0.5509051742691814
0.959488835901965
0.4329344551052548
0.9090476225142946
0.3602127789083137
0.8450734006567614
0.2988033634531191
0.7724872643184066
0.2357779107491035
0.701131401477312
0.17921660704037154
0.6223938976526557
0.13881567581984874
0.20410090858416974
0.6236268504661224
0.20902200257321074
0.6575636326913616
0.21517337005951198
0.6979645639118844
0.21886419055129278
0.7367494578835864
0.2225550110430735
0.7690702028600045
0.23977884000471705
0.4911117960628076
0.28037786541430537
0.3893014493870902
0.32220716432115404
0.2891071399601936
0.3775694716978654
0.19860905402622248
0.4317015055773165
0.11942322883399782
0.3295888053047155
0.8466399908034083
0.3074438823540309
0.798158873338781
0.3037530618622502
0.72543719714184
0.3258979848129348
0.686652303170138
0.37633919820060513
0.6818041914236752
0.4107868561238922
0.6963485266630635
0.434162052571837
0.7351334206347654
0.4403134200581383
0.8110871713293483
0.4107868561238922
0.8563362142963338
0.36772728371978336
0.8773446985310057
0.39233275366498843
0.4765674608234195
0.3997143946485499
0.3796052258941647
0.4476950610416998
0.30688354969722365
0.5042876419156714
0.24385809699320804
0.5682618637732045
0.20184112852386432
0.6150122566690942
0.20507320302150617
0.613781983171834
0.30203543795076093
0.5904067867238891
0.3909174866359111
0.5522683083088213
0.483031609818703
0.47476107798142536
0.5072721685510169
0.4107868561238922
0.7545258676206164
0.5534985818060816
0.32627599668307455
0.49567572743484967
0.8805767730286475
0.7171249569416952
0.891889033770394
0.7060524954663528
0.8579522515451548
0.715894683444435
0.8288635810663784
0.7318882389088183
0.8062390595828856
0.750342341367722
0.7933107615923183
0.7823294522964886
0.798158873338781
0.7823294522964886
0.8337116928128411
0.7687964438266258
0.8611843260427965
0.7552634353567631
0.8870409220239311
0.7318882389088183
0.8999692200144985