-0.025134275340481294
0.6125442761718143
0.05011211328257791
0.6738025540893048
0.12535850190563708
0.7293623875493542
0.2083224688490101
0.7849222210094038
0.2951452249525399
0.8376328322407328
0.3858267702162267
0.8817957767859003
0.48808468296038404
0.9145618324161859
0.601918963185012
0.9444786658177511
0.7215414271498753
0.967272443647515
0.8295875236342681
0.9387802213603101
0.9086927014174841
0.8846449990146209
0.947280593019053
0.8034421654960869
0.9549981713393668
0.7065686097195903
0.947280593019053
0.6068458317143732
0.9376336201186608
0.5128214981665971
0.9337748309585039
0.41452333127574026
0.9106220959975625
0.3347451088715666
0.05204150786265635
0.48717849810811276
0.12921729106579397
0.47293238696451034
0.21604004716932385
0.4586862758209079
0.30672159243301056
0.44871399802038614
0.3626740352552854
0.41737255350446073
0.4861552883803056
0.3846064978741751
0.5614016770033647
0.3432927755577281
0.6231423035658749
0.28488371986895805
0.7118944542494832
0.24499460866687123
0.8064347886733269
0.22077621972274705
0.03467695664195038
0.5783536094271684
0.09448818862438207
0.5512859982543238
0.1851697338880688
0.5270676093101996
0.27392188457167704
0.5099722759378766
0.36653282441544227
0.5014246092517152
0.39740313769669733
0.5498613871399635
0.3260155382337949
0.5911751094564105
0.24305157129042199
0.6210919428579756
0.15429942060681373
0.6438857206877395
0.07133545366344077
0.6253657762010564
0.5671898607436001
0.4202217757331812
0.6289304873061102
0.37605883118801364
0.6983886921889341
0.3390189422146473
0.7755644753920717
0.3148005532705232
0.8585284423354448
0.3162251643848834
0.8758929935561507
0.360388108930051
0.8353757073745035
0.41452333127574026
0.7639881079116011
0.44871399802038614
0.6771653518080712
0.4643847202783489
0.5961307794447767
0.46296010916398855
0.2179694417494023
0.5712305538553671
0.7350471892104246
0.3988526090177776
0.5787662282240708
0.7065686097195903
0.5594722824232864
0.8133566887919724
0.6077071469252473
0.7891382998478483
0.6694477734877575
0.7706183553611652
0.7273296108901107
0.7549476331032025
0.7755644753920717
0.7478245775314012
0.7755644753920717
0.7507315542647579
0.7273296108901107
0.7578546098365592
0.6694477734877575
0.7735253320945219
0.6077071469252473
0.792045276581205
0.5594722824232864
0.8162636655253291