0.05147618901551954
0.45562349301742316
0.07994139196955603
0.5429897718511884
0.1099879950877057
0.6275825180235641
0.15268579951876043
0.71217526419594
0.20961620542683349
0.7815135807306742
0.2791978126478116
0.8453048319426297
0.351942220197016
0.9090960831545851
0.4294308282385598
0.9604064373902885
0.5148264371006694
0.9923020629962664
0.6065476466192314
0.9590196710595938
0.6761292538402096
0.9035490178318065
0.7425480607329614
0.8425312992812403
0.8105482677898265
0.7801268143999796
0.8627344732055601
0.7177223295187186
0.8927810763237097
0.6372898823384269
0.9149206786212936
0.544376538181883
0.9370602809188776
0.4639440910015913
0.030917986882048727
0.33774835490837496
0.13370899754940277
0.311399794625176
0.2507326096937751
0.31278656095587065
0.363012021345808
0.33497482224698555
0.47212863266961463
0.3266542242628175
0.6033848462910052
0.31556009361725995
0.6966874559736804
0.3238806916014281
0.78208306483579
0.3016924303103131
0.8801298750108045
0.29891889764892376
0.9481300820676697
0.3363615885776802
0.11947639607238456
0.42234110108075074
0.18905800329336267
0.39044547547477293
0.2697094116631327
0.3848984101519943
0.351942220197016
0.4098602041044985
0.4183610270897679
0.44452936237186574
0.4120354264333153
0.5027735482610425
0.3440352193764503
0.5388294728591043
0.26496521117079336
0.5416030055204937
0.18747660312924952
0.5208015105600734
0.11631359574415827
0.4805852869699275
0.6191988479321365
0.44175582971047633
0.6856176548248883
0.4070866714431092
0.7646876630305455
0.394605774466857
0.8405948709079761
0.40292637245102514
0.907013677800728
0.43759553071839224
0.8991066769801622
0.49029265128479027
0.8390134707438629
0.5332824075363255
0.7631062628664323
0.5526971361660512
0.6840362546607752
0.5346691738670202
0.6223616482603628
0.5000000155996531
0.25547681018611457
0.4542367266867285
0.759943462538206
0.45701025934811784
0.5401288397264796
0.6608649099602366
0.4594774313567095
0.7829003470613689
0.49110543463897227
0.7787400480692849
0.5258962382494614
0.7801268143999796
0.5606870418599504
0.773192982746506
0.5954778454704395
0.7815135807306742
0.5923150451422132
0.7967680103683157
0.5606870418599504
0.7967680103683157
0.5243148380853483
0.799541543029705
0.487942634310746
0.8023150756910944
0.45157043053614376
0.799541543029705