0.03602002773261224
0.428125366266348
0.06321003371911332
0.5058673210688773
0.10308870916598152
0.5850761052073034
0.14840538581014992
0.6642848893457295
0.202785397783152
0.7390931854764652
0.2662287450849878
0.8051005055918202
0.34779876304449087
0.8623068496917947
0.43299411513552755
0.9092453884404917
0.5218148013580977
0.9503166098456014
0.6142608217122012
0.9547170978532917
0.690392838474404
0.9048449004328013
0.7628995211050735
0.8388375803174463
0.8245302013411426
0.7742970895379879
0.8644088767880107
0.6950883053995619
0.9006622181033455
0.6232136679406196
0.9459788947475138
0.5601400064970582
0.9677308995367148
0.4911990277099095
0.09402537383714782
0.34744975279202517
0.21184873311198568
0.34011560611254127
0.33329742651835703
0.35185024079971555
0.44930811872742815
0.3665185341586833
0.5725694791995662
0.36798536349458005
0.7175828444609051
0.4061229262278963
0.7937148612231081
0.3899878035330318
0.8789102133141448
0.388520974197135
0.9622928983394144
0.388520974197135
1.0311742468385505
0.4046560968919996
0.13571671634978277
0.45012780630479976
0.22635006963811954
0.4779975636868385
0.31698342292645637
0.501466833061187
0.4130547774120934
0.5044004917329805
0.48012345884546265
0.488265369038116
0.48012345884546265
0.488265369038116
0.4130547774120934
0.5044004917329805
0.31698342292645637
0.501466833061187
0.22635006963811954
0.4779975636868385
0.13571671634978277
0.45012780630479976
0.690392838474404
0.49853317438939343
0.7520235187104731
0.5205356144278451
0.8190922001438423
0.5337370784509161
0.8879735486429784
0.5337370784509161
0.9278522240898467
0.508800979740671
0.9278522240898467
0.508800979740671
0.8879735486429784
0.5337370784509161
0.8190922001438423
0.5337370784509161
0.7520235187104731
0.5205356144278451
0.690392838474404
0.49853317438939343
0.31444568903438297
0.48445161276478427
0.8154668660123088
0.5190687850919485
0.6523268300933026
0.6569507426662455
0.5127514660292639
0.7845648948892654
0.5417541390815317
0.7728302602020912
0.5834454815941666
0.7728302602020912
0.6323874923698685
0.7713634308661944
0.6577648312906028
0.7728302602020912
0.6577648312906028
0.7728302602020912
0.6323874923698685
0.7713634308661944
0.5834454815941666
0.7728302602020912
0.5417541390815317
0.7728302602020912
0.5127514660292639
0.7845648948892654