0.024400294924907324
0.4679345733734879
0.08806475562765106
0.5539282349916894
0.1608241392879296
0.6384643769214468
0.24571008689158796
0.7171704400974278
0.35484916238200587
0.7944189835849648
0.4397351099856642
0.877497605826278
0.5337159805468574
0.9591187083791471
0.706519516740019
0.9664063068213676
0.8641648480039559
0.9255957555449332
1.0187785382820478
0.8847852042684985
1.1552023826450701
0.8352295348613994
1.2885945860222476
0.7813013063889679
1.3037527909514721
0.686562526640102
1.2855629450364026
0.5889087075143477
1.2916262270080925
0.49125488838859344
1.2855629450364026
0.3936010692628392
1.2340250482770387
0.3105224470215259
0.06987490971258142
0.3790258723783983
0.07896983267011626
0.374653313313066
0.10928624252856563
0.374653313313066
0.13960265238701508
0.3804833920668424
0.16991906224546446
0.3833984314437306
0.3124061885801767
0.3178100454637464
0.4548933149148889
0.27991453356420004
0.6125386461788258
0.25076413979531814
0.7853421823719875
0.23181638384554493
0.961177359550994
0.22452878540332447
0.048653422811666854
0.4766796915041525
0.06381162774089154
0.4475292977352706
0.11534952450025555
0.4271240220970534
0.1790139852029993
0.4110913055241683
0.22145695900482842
0.41546386458950063
0.2548050098491228
0.4446142583583825
0.22145695900482842
0.4723071324388203
0.17295070323130937
0.4956274474539257
0.11838116548610048
0.5145752034036989
0.0668432687267365
0.5043725655845903
0.4639882378724237
0.36882323455928967
0.5519058264619269
0.33092772265974324
0.6762031068815695
0.3134374863984141
0.7974687463153671
0.2988622895139732
0.9247976677208546
0.295947250137085
0.9642090005368389
0.342587880167296
0.8611332070181109
0.3790258723783983
0.7428992085701582
0.4038037070819479
0.6246652101222055
0.4256665024086093
0.5124944936459428
0.39943114801661556
0.14869757534454994
0.4562744158659352
0.6671081839240347
0.3600781164286251
0.14263429337286002
0.6151440619063413
0.35484916238200587
0.7259155582280924
0.40941870012721476
0.7157129204089837
0.4670198788582686
0.7098828416552074
0.5306843395610125
0.7055102825898751
0.5822222363203765
0.7157129204089837
0.606475364207136
0.7302881172934246
0.5458425444902371
0.7332031566703129
0.48824136575918325
0.7390332354240893
0.43064018702812934
0.7434057944894216
0.3669757263253856
0.7419482748009775