0.05045207230021136
0.5080899259606196
0.09845395086419838
0.5772219648231646
0.13102665417547527
0.656650264792897
0.17045676871017887
0.7287240925432098
0.22360170569173593
0.787559870298567
0.2956045235377165
0.8390411758345048
0.36760734138369694
0.8831680091510228
0.44818192325896083
0.9243530535797728
0.5390426219693648
0.9523000480135676
0.6419037903207655
0.9596545202329873
0.7104779025550326
0.9052314258092817
0.78419507320687
0.8419829647222726
0.8493404798294237
0.7787345036352635
0.8853418887524139
0.7007770981094149
0.911057180840264
0.6198779036957986
0.9384868257339709
0.5389787092821822
0.9384868257339709
0.455137725980798
0.06073818913535145
0.3845347926743692
0.1550275934574688
0.3712967426794138
0.2544600561971561
0.35217511490892267
0.3487494605192734
0.3301116982506637
0.43961015922967744
0.3212863315873601
0.5973306173684919
0.31246096492405645
0.6950487273023226
0.2903975482657975
0.7961955428478665
0.2845139704902617
0.8870562415582706
0.3021647038168689
0.9573447065983944
0.3374661704700833
0.10431605350497546
0.4513695736582212
0.18100022768836146
0.4113209818903085
0.2726878272554535
0.38700576545979015
0.36437542682254553
0.3855754586109362
0.4343914119465067
0.4241937435299948
0.4293902701519381
0.4885575517284259
0.3743777104116829
0.5443395188337328
0.28435715810944706
0.5657941215665432
0.19433660580721124
0.5529213599268569
0.11765243162382522
0.5114424613100902
0.627768894669828
0.4127512887391626
0.6927837379992206
0.37556331066895793
0.7728020067123191
0.3583996284827096
0.8594884644848424
0.3583996284827096
0.9261703550790912
0.39272699285520624
0.9311714968736599
0.4556604942047833
0.8711577953388361
0.5042909270658201
0.7878054320960252
0.5243152229497765
0.7027860215883579
0.5243152229497765
0.6377711782589653
0.47997571063530176
0.28602420537430323
0.4642423352979074
0.7828042903014564
0.435636198320827
0.5819014421157819
0.6301741648029862
0.5211939484928848
0.7632024722874677
0.546088455951279
0.7538404638222413
0.574834047436386
0.7489514149570676
0.6034421002062533
0.749471526538469
0.6319126142608809
0.7539444861385216
0.6343883111351962
0.7635145392363085
0.60523010350437
0.7663231417758763
0.5767595894497425
0.7682995657852021
0.547738920534156
0.7701719674782472
0.5207813323471656
0.7737087262317772