0.07113669571127407
0.5849701535204059
0.11488568249700863
0.6497927377609352
0.1563320910308624
0.7146153220014644
0.19547592131283545
0.7759339827695327
0.25073779935797386
0.8319967583289093
0.32672288167003904
0.8792997252071333
0.40961569873774667
0.9125869981955133
0.49711367230921577
0.9406183859752014
0.5869142241325657
0.9581380033375066
0.6836225107115578
0.9616419268099677
0.7550024365198614
0.9213468068766658
0.8010540015574769
0.8617801078448281
0.8355926753356884
0.7934536001318377
0.8701313491138998
0.7268790541550781
0.8954597098845882
0.6550486229696267
0.9115777576477537
0.5814662300479448
0.9230906489071575
0.5148916840711852
0.11028052599324711
0.5026279519175715
0.23231717334292767
0.45006909983065585
0.37737960321141595
0.4395573294132728
0.5224420330799042
0.4675887171929611
0.6652018846965118
0.4798524493465748
0.7365818105048154
0.4518210615668864
0.7688179060311461
0.42378967378719806
0.8033565798093577
0.3957582860075098
0.8448029883432114
0.37298278343651303
0.888551975128946
0.35896708954666884
0.19547592131283545
0.5742794856017881
0.27836873838054293
0.5900471412278627
0.3704718684557736
0.5970549881727848
0.46257499853100426
0.5900471412278627
0.5178368765761426
0.5515039830307912
0.5178368765761426
0.5569387657407175
0.46257499853100426
0.5954819239377891
0.3704718684557736
0.6024897708827112
0.27836873838054293
0.5954819239377891
0.19547592131283545
0.5797142683117145
0.7457921235123385
0.523472595251103
0.7826333755424308
0.530480442196025
0.8194746275725229
0.530480442196025
0.8494081448469728
0.5182167100424113
0.8701313491138998
0.5006970926801062
0.8701313491138998
0.5061318753900326
0.8494081448469728
0.5236514927523377
0.8194746275725229
0.5359152249059513
0.7826333755424308
0.5359152249059513
0.7457921235123385
0.5289073779610294
0.3649456806512597
0.5833039392071813
0.8134879241176328
0.5233868478280972
0.7596075930236231
0.7076074750565423
0.6375709456739425
0.8337487200651397
0.6513864151852271
0.8144771409666041
0.6790173542077962
0.80046144707676
0.699740558474723
0.7934536001318377
0.7365818105048154
0.8144771409666041
0.7342792322529346
0.8355006818013703
0.7204637627416499
0.8617801078448281
0.6974379802228424
0.8722918782622112
0.6652018846965118
0.8705399165259807
0.6375709456739425
0.858276184372367