0.12059642585833792
0.6080180527737511
0.17916623104118432
0.6640274279584917
0.23241150848013561
0.7120354638311265
0.2980806839881755
0.7632440354286035
0.3708492298214089
0.8048509998515537
0.4453926182359407
0.8464579642745038
0.5234856918130693
0.8864646608350327
0.598029080227601
0.9248710895331407
0.6867712092925199
0.9424740360197734
0.7737384957761402
0.9200702859458773
0.8305334583776882
0.8656611786235577
0.8731296803288492
0.7936491248146056
0.9104013745361152
0.7184365352808111
0.9370240132555907
0.6400234100221743
0.9405736984181876
0.5536089454514317
0.9157259022800103
0.4703950166055314
0.8820038932353412
0.39838296279657925
0.0496027226064029
0.4975995702666911
0.1010731574640558
0.49599930240426987
0.15431843490300706
0.5024003738539546
0.20578886976065996
0.5056009095787969
0.2590341471996112
0.5072011774412181
0.36907438724011055
0.4383896593571082
0.45604167372373094
0.4271877843201601
0.5323599047195612
0.396782694934158
0.6051284505527945
0.3519751947863656
0.6672479408982377
0.3007666231888885
0.10284800004535415
0.5504084097265893
0.1596429626469022
0.5296049275151143
0.22176245299234534
0.5184030524781662
0.2874316285003853
0.5232038560654296
0.34600143368323166
0.5552092133138529
0.3672995446588121
0.5936156420119606
0.3264781652889496
0.6288215349852262
0.262583832362208
0.6432239457470166
0.20401402717936157
0.617619659948278
0.15076874974041032
0.5936156420119606
0.5341347473008595
0.46079340943100444
0.5909297099024075
0.415985909283212
0.6636982557356409
0.3951824270717369
0.7417913293127695
0.3855808198972099
0.8039108196582126
0.3887813556220523
0.8305334583776882
0.4479912665316352
0.7755133383574385
0.4975995702666911
0.706294477686802
0.528004659652693
0.6282014041096734
0.5296049275151143
0.55543285827644
0.5152025167533238
0.2803322581751917
0.5936156420119606
0.6849963667112215
0.4783963559176372
0.46846557179281956
0.8000501962642903
0.5199360066504726
0.798449928401869
0.5749561266707222
0.7872480533649209
0.6299762466909719
0.7712453747407094
0.6796718389673263
0.7520421603916554
0.734691958987576
0.7680448390158671
0.7506655422192613
0.8048509998515537
0.7133938480119955
0.8336558213751346
0.6601485705730442
0.8560595714490308
0.6033536079714962
0.8608603750362943
0.5501083305325448
0.8368563570999769