0.13366888052111628
0.5691685168561885
0.18015011893194707
0.6398406876066071
0.22995144580069427
0.7150238479793928
0.28473290535631623
0.7841923555223554
0.35279471874360413
0.8383242309907613
0.43247684173359974
0.8834341272144326
0.5187991416394284
0.9240330338157369
0.6084415300031734
0.9586172875872182
0.7063841395117096
0.9811722356990539
0.7910463951885799
0.9571136243797627
0.8491479432021184
0.886441453629344
0.893969137383991
0.8067473036341911
0.9304901104210721
0.7255494904315827
0.9603709065423205
0.6383370243991514
0.9670110834581535
0.5451099055368972
0.9603709065423205
0.44887546025973146
0.9537307296264875
0.3616629942273002
0.11042826131570092
0.5150366413877829
0.17849007470298878
0.4533864498820987
0.29137308227214925
0.43985348101499727
0.3959558686965184
0.4172985329031616
0.4772980359154722
0.37820328950931303
0.5935011319425492
0.33309339328564164
0.6814834760773361
0.3300860668707302
0.764485687525248
0.3015164659290716
0.84748789897316
0.27896151781723594
0.9255099777341975
0.3000128027216159
0.19841060545048766
0.5345842630847072
0.2548521092350679
0.5075183253505043
0.3129536572486063
0.4894743668610358
0.3760353379490195
0.4834597140312129
0.440777062878391
0.4894743668610358
0.44243710710734924
0.5240586206325171
0.399275957154435
0.5676648536487329
0.33951436491193826
0.5872124753456571
0.27643268421152506
0.5842051489307457
0.21501104774007013
0.5736795064785557
0.6632229895587953
0.4157948696957059
0.716344404885459
0.3857216055465916
0.7794260855858722
0.367677647057123
0.839187677828369
0.357152004604933
0.9055894469866985
0.3556483413974773
0.9122296239025315
0.40677289045097154
0.8707285181785756
0.44737179705227575
0.8109669259360788
0.46541575554174436
0.7462252010067074
0.47143040837156724
0.6831435203062942
0.46090476591937724
0.3411744091408965
0.5315769366697958
0.8076468374781623
0.39925457441369305
0.6665430780167119
0.6894615734526456
0.6051214415452569
0.8211680736503756
0.63998237035338
0.8001167887459955
0.6814834760773361
0.7880874830863498
0.7196644933433755
0.771547187804337
0.7595055548383732
0.7730508510117928
0.7595055548383732
0.7766740394850771
0.7196644933433755
0.7751703762776212
0.6814834760773361
0.791710671559634
0.63998237035338
0.8037399772192797
0.6051214415452569
0.8247912621236598