0.13806394867549668
0.5452846782204899
0.18907802152317876
0.6245328907759256
0.2576831539735099
0.7000073789239595
0.33508381622516553
0.7679344182571902
0.42303911423841056
0.8270561006398167
0.5162717301324503
0.8861777830224434
0.6112634519867549
0.94529946540507
0.7220871274834436
0.9830367094790871
0.8364290149006622
0.9490731898124718
0.927902524834437
0.8836619667508423
1.0088213990066224
0.8119612030102099
1.0879811672185429
0.7402604392695777
1.1372361341059603
0.6534647778993385
1.160104511589404
0.5553479433068943
1.1671409354304634
0.45219947617124784
1.1548271937086092
0.34905100903560143
1.1214041804635762
0.25973953139376116
0.046590438741721835
0.3981094263318235
0.09408629966887416
0.39307779378862123
0.15037769039735097
0.39307779378862123
0.203150869205298
0.40314105887502577
0.24185120033112578
0.41949386464043315
0.3016608029801324
0.3264086625911912
0.46701676324503305
0.27860815343076967
0.5971906043046357
0.20816529782593793
0.7414372930463575
0.14275407476430843
0.9103114652317881
0.1138221876408954
0.13630484271523177
0.5075474341464727
0.13806394867549668
0.4685522819366552
0.19259623344370858
0.44213621108484336
0.2629604718543046
0.4484257517638462
0.3104563327814569
0.4786155470230598
0.3333247102649006
0.5125790666896751
0.3298064983443708
0.5603795758500966
0.2805515314569536
0.5918272792451108
0.2154646109271523
0.5867956467019085
0.1697278559602649
0.5540900351710938
0.5074762003311258
0.3830145287022167
0.558490273178808
0.3264086625911912
0.6657957367549668
0.2974767754677781
0.7801376241721854
0.2937030510603765
0.8962386175496688
0.29118723478877534
0.9243843129139071
0.3515668253072025
0.8452245447019867
0.4094305995540286
0.7555101407284768
0.45345738430704846
0.6429273592715231
0.48113136329466094
0.558490273178808
0.43081503786263825
0.2506467301324503
0.5138369748254756
0.7150507036423841
0.36540381480100875
0.3315656043046357
0.7037811033313612
0.506555989255364
0.7754289777526483
0.5453242554270535
0.7667422644103074
0.5843127958383548
0.7593806429337471
0.6248432559269391
0.7565832267726543
0.6653737160155235
0.7559942970545295
0.6735238628811628
0.7636503833901521
0.6360772421471447
0.7689507508532752
0.5931237654228296
0.7726315615915553
0.5523730310946334
0.7777846966251475
0.5129439422041083
0.7842629235245204