0.06900498784141032
0.9053336892587441
0.16849262927706132
0.9418801694797971
0.28016243088850645
0.9518473913582661
0.3938625925292505
0.9551697986510892
0.5055323941406956
0.9418801694797971
0.6090807556349446
0.9186233184300362
0.7105987570998946
0.8920440600874522
0.8039953184476487
0.8571587835128107
0.8892704396782068
0.8139674887061117
0.9481508805278777
0.7558253610817093
0.9542419606157747
0.6644591605290769
0.9481508805278777
0.5714317563300331
0.9420598004399807
0.48006555577740057
0.9034829598832999
0.40032778074964875
0.8405417989750308
0.33886324583242333
0.7715095579788647
0.27407630362237484
0.7146594771584927
0.21095056505873797
0.07915678798790533
0.737552120971183
0.08727822810510134
0.6627979568826655
0.11164254845668936
0.5614645344515641
0.16443190921846332
0.4717595375453431
0.2375248702732274
0.39534416981041426
0.4385305131738285
0.20430575047309196
0.46898591361331354
0.17108167754486198
0.5014716740820976
0.1395188082630435
0.5420788746680776
0.11626195721328252
0.5826860752540575
0.10297232804199052
0.18067478945285534
0.7857270267171163
0.17864442942355635
0.6760875860539575
0.20300874977514438
0.5598033308051525
0.2679802707127124
0.4867103703630466
0.36340719208976546
0.5066448141199845
0.4385305131738285
0.548174905280272
0.5177145543164896
0.6295738839544355
0.4974109540234996
0.7226012881534795
0.40401439267574546
0.7857270267171163
0.2984356711521974
0.8272571178774037
0.5481699547559746
0.3870381515783567
0.5014716740820976
0.3222512093683083
0.5055323941406956
0.23420741610849893
0.5644128349903664
0.18271010306974247
0.6537486762795226
0.17108167754486198
0.7207505572463896
0.22257899058361844
0.7654184778909677
0.29567195102572436
0.7633881178616687
0.3754097260534763
0.7065380370412966
0.43853546461711324
0.6172021957521405
0.43355185367787874
0.3349821516795794
0.6860548079324265
0.6253236358693366
0.3471692640644808
0.7471452376272767
0.5033224068271616
0.7958738783304528
0.6527638408976296
0.8080560385062467
0.6461190263119836
0.8202381986820407
0.6328293971406916
0.8283596387992368
0.617878564322988
0.8263292787699378
0.5996053242124616
0.8263292787699378
0.604655829258263
0.8283596387992368
0.6229290693687894
0.8202381986820407
0.637879902186493
0.8080560385062467
0.651169531357785
0.7958738783304528
0.657814345943431