0.08055071798554125
0.4828416414139484
0.0884977381935479
0.5686333295704168
0.10439177860956124
0.6528651688513132
0.14015336954559124
0.7292977637543485
0.18386198068962792
0.8010508120306676
0.2335308569896695
0.8728038603069866
0.28717324339371453
0.9414372108321613
0.36465669042177945
0.9819932815970372
0.4739282182818712
0.9741940372191765
0.5752527259339562
0.9429970597077335
0.6686302133780344
0.8993212911917132
0.760020945770111
0.8572053715512651
0.8335308826941726
0.8057303586573841
0.8831997589942143
0.7277379148787765
0.9169745948782426
0.6450659244734523
0.9288951251902525
0.5592742363169839
0.926908370138251
0.4703628504093712
0.060683167465524594
0.38145146450175854
0.10439177860956124
0.36117342911932054
0.16200767511760955
0.3642931268704649
0.19578251100163788
0.39081055775519147
0.2176368165736562
0.42044768639106234
0.33882887474575785
0.3642931268704649
0.46796795312586603
0.3502544869903155
0.6030672966619793
0.3424552426124547
0.7322063750420877
0.3315363004834497
0.843464657954181
0.35961358024374845
0.10041826850555795
0.457884059404794
0.12227257407757625
0.43292647739563955
0.16796794027361453
0.426687081893351
0.20571628626164623
0.44228557064907253
0.2315441019376679
0.4688030015337991
0.24346463224967785
0.49844013016967
0.22161032667765954
0.5265174099299688
0.1739282054296196
0.5311969565566852
0.12227257407757625
0.5280772588055408
0.10637853366156291
0.49844013016967
0.45604742281385613
0.4391658728979282
0.5355176248939227
0.4079688953864851
0.6189613370779927
0.4048491976353409
0.7043918043140645
0.4188878375154902
0.7878355164981343
0.4438454195246446
0.801742801862146
0.5031196767963864
0.7163123346260744
0.5202780144276802
0.6249216022339977
0.5218378633032523
0.5355176248939227
0.5171583166765359
0.45207391270985275
0.4922007346673814
0.18584873574162952
0.48752118804066497
0.6666434583260327
0.47504239703608775
0.16399443016961124
0.6559848666024575
0.24743814235368122
0.7667341367680802
0.3070407939137311
0.7698538345192245
0.36664344547378114
0.7636144390169359
0.42823285208583284
0.7620545901413638
0.48584874859388116
0.7682939856436525
0.47988848343787616
0.7963712654039512
0.4341931172418378
0.8166493007863892
0.37260371062978614
0.8244485451642498
0.3130010590697362
0.8244485451642498
0.2673056928736978
0.7994909631550954