0.10740894359838685
0.4441277670569176
0.14448813896391866
0.5450582750857074
0.18750000558793545
0.6369771306119267
0.23792771128505869
0.7216866641360896
0.300220759499152
0.7883728926551116
0.3758623180448368
0.8406404771700206
0.4559533800343854
0.8875010701833872
0.5315949385800701
0.9307570021957258
0.6205850074573462
0.9559896292029232
0.6962265660030311
0.9181406886921271
0.7674186211048521
0.8658731041772181
0.8193294946165967
0.7865705621545975
0.8682740324990985
0.7108726811330052
0.909802731308494
0.622558486607814
0.9350165841570557
0.5162209870774818
0.9364997519716769
0.400871835044579
0.9305670807131918
0.2945343355142468
0.12075745392997835
0.2602900560044788
0.18156733432945038
0.19360382748545696
0.2497930538020288
0.14854556497260435
0.3328504514208199
0.11970827696437869
0.4203573524834749
0.13412692096849158
0.61316916838424
0.08005700595306839
0.6932602303737886
0.04761505694381448
0.7778007958072011
0.04761505694381448
0.8519591865382645
0.08726632795512483
0.9216680738254641
0.11970827696437869
0.15190397803702502
0.39366251304252264
0.21123069062187577
0.3125576405193879
0.2942880882406669
0.26209238650499295
0.38327815711794316
0.27651103050910586
0.44853754096127896
0.34499958952864174
0.46633555473673427
0.4495347585584598
0.4307395271858238
0.5432559445851933
0.3402662904939263
0.5702909020929048
0.24237721472892243
0.5630815800908484
0.17860099870020785
0.4909883600702843
0.629484014345074
0.27290636950807756
0.6635968740813633
0.1990108189869993
0.7436879360709118
0.17017353097877363
0.832678004948188
0.19540615798597108
0.8905215497184175
0.25848772550396476
0.9127690669377366
0.3558135725317264
0.8638245290552347
0.43872077555537525
0.7852166348803074
0.4801743770671996
0.700676069446895
0.47296505506514325
0.6532146993790143
0.382848530039438
0.3180187732746072
0.45133708905897396
0.7733512923633372
0.3468019200291559
0.5998206580526485
0.5702909020929048
0.5404939454677977
0.727093655637632
0.5508761201701466
0.676628401623237
0.5924048189795422
0.6730237406222089
0.6383830212328017
0.6730237406222089
0.6546978671936355
0.7180820031350615
0.6532146993790143
0.7631402656479142
0.6502483637497718
0.8172101806633372
0.6161355040134826
0.8442451381710488
0.5760899730187082
0.8244195026653938
0.5538424557993893
0.7793612401525409