0.13204408977458265
0.4545191094941288
0.1842117379434925
0.5519781266513875
0.23128985946177696
0.6468382366844525
0.28600227095599945
0.7313027182207432
0.35725564406475435
0.8053715712602597
0.4348709254867909
0.8729431564892924
0.5201204968847656
0.9418141952804218
0.6117319765960217
0.987295069953809
0.699526311319309
0.9379158345941313
0.7809587377293146
0.8742426100513893
0.8573016374886947
0.8079704783844532
0.9361893005733877
0.7403988931554206
0.9947188570555792
0.6598327723054203
1.0494312685498017
0.5636732087102585
1.0939646267427734
0.4623158308667095
1.1346808399477764
0.35965899946106383
1.1283189316344946
0.24140872531025678
0.056973571677858756
0.37135408151993493
0.0824212049309855
0.32197484616025723
0.12822694478661364
0.2868895999836441
0.19439079124474318
0.28039233217316023
0.2643717826908417
0.27909287861106347
0.46413570372788665
0.1855322221400952
0.5633814734150809
0.12575735828364326
0.6855301130300893
0.0841748442965463
0.8140406609583795
0.0633835873029978
0.941278827224013
0.06468304086509458
0.15367457803974036
0.4207333168796126
0.16639839466630374
0.35316173165057996
0.2300174777991206
0.31677703191187007
0.30381561423318815
0.3388677424675154
0.3623451707153797
0.3830491635788059
0.38015851399256845
0.4545191094941288
0.36107278905272333
0.5272885089715486
0.2987260875825628
0.5740688372070327
0.2300174777991206
0.5532775802134842
0.17530506630489812
0.4935027163570323
0.5532024201138303
0.3050819498529991
0.6028253049574274
0.20632347913364368
0.7046158379699344
0.1439497081529982
0.8267644775849428
0.14135080102880468
0.9196483389588553
0.1946283970747727
0.9489131171999512
0.2881890535457409
0.8903835607177595
0.39214533851348343
0.793682554355878
0.4610163773046128
0.676623441391495
0.4623158308667095
0.574832908378988
0.4025409670102576
0.29999846924521917
0.45711801661832246
0.8064063709824413
0.28169178573525705
0.3865204223058501
0.6195497118804201
0.4666804670531993
0.7455967074038078
0.48067666534241904
0.7416983467175174
0.5048519169328894
0.7403988931554206
0.5290271685233598
0.7390994395933239
0.5519300384511739
0.7429978002796143
0.5506576567885175
0.7546928823384853
0.5328443135113289
0.7650885108352595
0.5137585885714838
0.7728852322078402
0.4895833369810134
0.7715857786457434
0.4755871386917937
0.7585912430247757