0.1465284300695314
0.5727301570343722
0.19934932723277743
0.6404196105492549
0.24839730317007738
0.7081090640641375
0.3125369640111618
0.7613965061928751
0.3879953885300848
0.8190045517374561
0.4577944312100885
0.8722919938661936
0.5332528557290115
0.9226990337177019
0.6294623469906382
0.9443020507969199
0.7181259958003727
0.9039764189157132
0.7898114990933495
0.8521291779255903
0.8501782387084879
0.7873201266879365
0.904885596484707
0.7153100697572102
0.9520471118090338
0.6404196105492549
0.9539335724220069
0.5482467376779253
0.9162043601625454
0.4560738648065956
0.8671563842252455
0.3711019976283387
0.8218813295138917
0.2962115384203833
0.05409186003385079
0.49207889327195875
0.0691835449376354
0.4560738648065956
0.11634506026196223
0.44599245683629396
0.1653930361992621
0.45463366366798114
0.20500870907169666
0.4647150716382828
0.20500870907169666
0.3855040090144839
0.3181963458500811
0.3293361646085174
0.4125193764987347
0.2530055042619475
0.5181611708252268
0.1824356484698358
0.6558727955722612
0.17955524619260674
0.14841489068250444
0.5482467376779253
0.14464196945655833
0.5093613069353331
0.1748253392641275
0.4819974853016571
0.22764623642737356
0.4848778875788862
0.2710348305257543
0.506480904658104
0.2917858972684581
0.5367251285690091
0.2917858972684581
0.5756105593116013
0.26160252746088886
0.6044145820838919
0.21255455152358899
0.6058547832225063
0.17293887865115443
0.5828115650046739
0.4106329158857617
0.4301502443115342
0.4502485887581962
0.36678139421249506
0.5407986981809038
0.3350969691629755
0.6332352682165843
0.3120537509451431
0.7256718382522649
0.2976517395589978
0.7483093656079418
0.34949898054912076
0.6954884684446958
0.4071070260937018
0.6275758863776651
0.45895426708382475
0.5351393163419845
0.4776768818858136
0.44270274630630396
0.47335627846996997
0.2559431456219696
0.5396055308462382
0.6728509410890189
0.3523793828263498
0.30687758217224265
0.6850658458463053
0.43515690385441164
0.7657171096087187
0.44836212814522314
0.7585161039156461
0.47288611611387305
0.752755299361188
0.5011830253084693
0.752755299361188
0.5257070132771192
0.7585161039156461
0.5313663951160384
0.7671573107473332
0.5181611708252268
0.7815593221334785
0.4974101040825231
0.788760327826551
0.4709996555009
0.788760327826551
0.45402150998414237
0.7786789198562494