0.08773752637043035
0.6232691335658365
0.14485132313697346
0.6780554085279142
0.20196511990351657
0.7343635244611609
0.26498724047349514
0.7937153223367452
0.3339176848469092
0.8469797563276544
0.4146647768271943
0.8880694625492127
0.5052590751465386
0.9291591687707712
0.5997922560015063
0.9626396701364853
0.7022032019277217
0.9900328076175243
0.7987058240505013
0.9702488749923296
0.8617279446204799
0.9093752361455765
0.9208111826548347
0.8454579153564855
0.9720166556179425
0.7784969126250569
1.0192832460454264
0.7024048640666155
1.0626109539372868
0.617181769681161
1.0862442491510287
0.5319586752957066
1.0704887190085342
0.4543447857660963
0.09561529144167771
0.5563081308344079
0.15863741201165626
0.4908689690741483
0.24726226906318866
0.4406482170255768
0.3457343324537802
0.4071677156598626
0.45011471964780725
0.4026021927463561
0.6490282876968022
0.35238144069778465
0.7258364971414636
0.3128135754473952
0.8341557668711143
0.314335416418564
0.9345972715295177
0.33107566710142106
1.0094360397063673
0.3691216913806418
0.16848461835071546
0.5669610176325897
0.22559841511725856
0.5045655378146676
0.3083149483653554
0.45586662673726513
0.4107258942915707
0.44521373993908336
0.48556466246842017
0.4847816051894729
0.5072285164143503
0.5700046995749274
0.4698091323259256
0.6384875432775247
0.37527595147095766
0.671968044643239
0.26892612300911883
0.6689243627009013
0.17636238342196273
0.635443861335187
0.6706921416427324
0.4604321496507716
0.7278059384092754
0.3934711469193431
0.8085530303895606
0.35846880458246005
0.9109639763157757
0.3721653733229795
0.989741627028249
0.4086895566310314
0.9995888333673081
0.4923908100453171
0.954291684207636
0.5593518127767456
0.8755140334951628
0.5973978370559663
0.7652253224977003
0.5760920634596026
0.6943254368564744
0.5258713114110313
0.3516426562572157
0.5760920634596026
0.8459724144779853
0.4786942413047976
0.7022032019277217
0.7084922279512909
0.6687227003749205
0.8348050285583039
0.6825087892496033
0.8211084598177844
0.7022032019277217
0.8134992549619401
0.7297753796770873
0.815021095933109
0.7455309098195818
0.8271958237024596
0.7494697923552056
0.8408923924429791
0.7396225860161464
0.8576326431258363
0.7159892908024044
0.8637200070105115
0.6903865543208506
0.859154484097005
0.6706921416427324
0.850023438269992