0.09607645127486443
0.676680943639805
0.12135829354963257
0.7587610601404348
0.15103697795914298
0.8422323650563295
0.19500539930656582
0.9173565394806349
0.25875961026032895
0.9479626846164629
0.3313075054835766
0.9702216992607015
0.40495461124050985
0.9896983370744102
0.4829985591321855
1.005001409642324
0.5588440859564898
1.0189132937949734
0.6368880338481654
1.0286516127018277
0.7160311922735265
1.025869235871298
0.794075140165202
1.010566163303384
0.8655238248547641
0.978568829752291
0.9303772463422129
0.9368331772943436
0.9765440887570067
0.8784032638532173
0.9787425098243779
0.7810200747846734
0.9655519834201509
0.6905928277924541
0.28404145253509705
0.3142763614632953
0.3401011897530612
0.2697583321748181
0.40275619017313874
0.2363698102084603
0.4775025064637576
0.2349786217931953
0.537959085816464
0.27254070900534794
0.7753885610925473
0.31844992670909006
0.8182577719062845
0.28367021632746725
0.8776151407253054
0.2850614047427322
0.9193851410053572
0.31984111512435504
0.9446669832801252
0.3727062749044217
0.28404145253509705
0.626776370776521
0.3401011897530612
0.5822583414880439
0.40275619017313874
0.548869819521686
0.4775025064637576
0.547478631106421
0.537959085816464
0.5850407183185736
0.537959085816464
0.5876448850628505
0.4775025064637576
0.5500827978506979
0.40275619017313874
0.5514739862659629
0.3401011897530612
0.5848625082323208
0.28404145253509705
0.6293805375207979
0.7753885610925473
0.6309499360223157
0.8182577719062845
0.596170225640693
0.8776151407253054
0.597561414055958
0.9193851410053572
0.6323411244375807
0.9446669832801252
0.6852062842176475
0.9446669832801252
0.6878104509619244
0.9193851410053572
0.6349452911818576
0.8776151407253054
0.6001655808002349
0.8182577719062845
0.5987743923849699
0.7753885610925473
0.6335541027665926
0.40847208494830367
0.5793868596143875
0.8670627196019238
0.6297478802469773
0.7204280344082687
0.6307717259360629
0.6116061915733972
0.8090220531762246
0.6566738234545055
0.7770247196251315
0.7083367185377275
0.7631128354724824
0.7534043504188359
0.7798070964556614
0.776487771626233
0.8159779952525491
0.776487771626233
0.818582161996826
0.7534043504188359
0.7824112631999383
0.7083367185377275
0.7657170022167593
0.6566738234545055
0.7796288863694084
0.6116061915733972
0.8116262199205014