0.1737631783777347
0.617182598344635
0.21612080809460463
0.6778814957945456
0.27118572672653546
0.7419525542138957
0.3326042898159968
0.8009653711790867
0.4088480233063628
0.8566060271748382
0.4850917567967285
0.9088745222011503
0.563453371772938
0.9543986952885833
0.6608759201217387
0.9847481440135387
0.7667699944139136
0.9931785464371374
0.8536031353334969
0.9543986952885833
0.9171395799088018
0.8936997978386726
0.9467899207106106
0.8110818540874052
0.9594972096256716
0.7217195883972589
0.9616150911115152
0.6306712422223928
0.9489078021964543
0.5429950570169663
0.9277289873380192
0.4586910327809792
0.9001965280220539
0.3861895719380302
0.14623071906176918
0.5598558618641637
0.1737631783777347
0.48904048150593454
0.2351817414671961
0.44183022793378174
0.33684005278768386
0.4452023889032212
0.43849836410817167
0.4435163084185015
0.5528639643437205
0.3828174109685908
0.6058110014898078
0.3254906744881196
0.6672295645792692
0.2765943404312471
0.760416349956383
0.28502474285484575
0.8324243204750619
0.3204324330339604
0.21612080809460463
0.5666001838030427
0.252124793353944
0.5261342521697688
0.302953949014188
0.49241264247537403
0.3664903935894928
0.4940987229600937
0.42790895667895423
0.5109595278072911
0.4533235345090762
0.5480532984711255
0.42579107519311066
0.5918913910738388
0.37072615656117974
0.6239269202835138
0.302953949014188
0.6256130007682337
0.24365326741057003
0.6053800349515966
0.6248719348623993
0.44014414744906205
0.6481686312066777
0.3912478133921895
0.6989977868669217
0.35415404272835516
0.768887875899757
0.3440375598200367
0.828188557503375
0.3642705256366736
0.8472494908759663
0.408108618239387
0.828188557503375
0.4603771132656989
0.773123638871444
0.48904048150593454
0.7053514313244521
0.4974708839295333
0.6439328682349907
0.485668320536495
0.33895793427352733
0.5649141033183228
0.7413554165837916
0.42834158405602385
0.6164004089190254
0.6930562201570233
0.5867500681172164
0.8228844174804434
0.6291076978340864
0.7807324053624498
0.6968799053810781
0.7621855200305326
0.760416349956383
0.7453247151833353
0.828188557503375
0.7486968761527748
0.8536031353334969
0.7942210492402079
0.80700974264494
0.8245704979651632
0.743473298069635
0.8464895442665198
0.6778189720084867
0.8616642686289975
0.6100467644614948
0.858292107659558