0.1483801718406527
0.27027103616023396
0.10885985586668874
0.3584228576938097
0.07277608910785208
0.4479103128869851
0.07105781450028843
0.5387334017397601
0.08995883518348859
0.633563391571334
0.1277608765498889
0.7123657774877123
0.19133703702974392
0.7884968960848914
0.26350457054741727
0.8499360444264744
0.34426347710290883
0.9033613908104597
0.4301772074810913
0.9554511035348453
0.5367102331500376
0.9527798362156462
0.6209056889206565
0.8980188561720612
0.6999463208685844
0.8245590048940814
0.7703955797786941
0.7404140843393046
0.8270986418282945
0.6522622628057287
0.8734920562325131
0.5627748076125534
0.8975479007384042
0.48931495633457367
0.25663147211716264
0.22352385807424682
0.3855020676844364
0.21016752147825046
0.5143726632517102
0.22619512539344608
0.6037229428450199
0.2822917390966307
0.701664595476148
0.3223607488846196
0.8030427973224035
0.3651010259918079
0.8374082894736764
0.3544159567150108
0.888956527700586
0.35708722403421006
0.9336316674972408
0.37044356063020634
0.9576875120031318
0.39314933284340015
0.3064614357365085
0.2822917390966307
0.392375166114691
0.27160666981983356
0.47828889649287354
0.2769492044582321
0.5521747046181105
0.30633314496942404
0.5882584713769471
0.3664366596514075
0.569357450693747
0.41051257041819533
0.49547164256851
0.4265401743333909
0.41471273601301845
0.39849186748179866
0.34082692788778146
0.3637653923322082
0.2686593943701082
0.32369638254421923
0.7446214606652393
0.4171907387161935
0.7858600512467669
0.397156233822199
0.8477179371190583
0.3918136991838005
0.888956527700586
0.41051257041819533
0.9009844499535314
0.45592411484458284
0.8820834292703312
0.49198622365377287
0.8477179371190583
0.5173632631861659
0.7892966004618942
0.5093494612285682
0.7411849114501119
0.48797932267497396
0.7274387145896029
0.44523904556778576
0.4507965027718551
0.3504090557362119
0.8150707195753489
0.4545884811849833
0.7892966004618942
0.5587679066337545
0.3855020676844364
0.6522622628057287
0.46454269963236433
0.6095219856985405
0.5676391760861833
0.6202070549753377
0.6672991033248751
0.6509266291461292
0.6638625541097477
0.7163726784665112
0.6174691397055292
0.800517599021288
0.5624843522634922
0.8606211137032715
0.4542330519869824
0.840586608809277
0.37175587082392725
0.7898325297444909
0.3494183009255997
0.7177083121261109