0.06996888889382219
0.2707272699106871
0.06488258959047054
0.3890615769273398
0.072512038545498
0.5044375262685761
0.10811613366895956
0.5976257930441902
0.16025070152831394
0.6908140598198041
0.2098421197359925
0.7795647900822937
0.27214928620205014
0.8653571626693669
0.33191330301643207
0.9378369257170666
0.41202251704422055
0.9792539331728949
0.5086622038079018
0.9629829659581053
0.6002155912682315
0.9348785680416503
0.6866826794252096
0.8905032029104054
0.7629771689754843
0.8357735859152038
0.8316422095707315
0.7692105382183365
0.8964925256884652
0.6893348809820959
0.956256542502847
0.5976257930441902
0.9969469369296602
0.5014791685931598
0.06488258959047054
0.10949677660049782
0.12083188192733867
0.07399648449550206
0.1958547966517755
0.06955894798237756
0.27342086102788815
0.07547566333321021
0.33318487784226997
0.10653841892508152
0.5429947241055255
0.11985102846445496
0.6676090570376408
0.13464281684153653
0.7833223661888908
0.17753900313507315
0.897764100514303
0.232268620130275
0.9880459131487946
0.29439413131401765
0.09921510988809414
0.22043518942860973
0.15389282739912438
0.14795542638090997
0.24163149038194032
0.13908035335466098
0.31792597993221505
0.1967683280252792
0.3586163743590282
0.29143577363860135
0.3497153505781629
0.38462404041421533
0.28995133376378096
0.44970790927337434
0.19204007217426175
0.4511870881110825
0.11828873227566282
0.40089500762900504
0.09031408610722877
0.3106650985288074
0.56461149614477
0.29735248898943395
0.6498070094759102
0.21156011640236075
0.7439035465879157
0.22043518942860973
0.8329137843965695
0.3017900255025584
0.9003072501659788
0.39054075576504793
0.8914062263851134
0.4970416320800354
0.7985812640989459
0.5665630374523188
0.6892258290768853
0.5843131835048168
0.5925861423132041
0.5236668511587822
0.549352598234715
0.41716597484379475
0.24035991555610242
0.27812316409922794
0.7324593731553743
0.3698322520371337
0.32682700371308043
0.5458545337244046
0.33191330301643207
0.6730639137673062
0.3459006261006491
0.6701055560918899
0.3637026736623799
0.6775014502804306
0.3789615715724348
0.6863765233066796
0.39422046948248973
0.699689132846053
0.3993067687858415
0.7115225635477183
0.3789615715724348
0.7144809212231346
0.3586163743590282
0.7115225635477183
0.34081432679729745
0.7056058481968857
0.33318487784226997
0.6893348809820959