0.04611847186810595
0.42390796634271977
0.027704195705371987
0.5000000149011612
0.01933407017685653
0.5821794273442781
0.027704195705371987
0.6613151578450571
0.061184697819433725
0.7313198425188232
0.10303532546201088
0.7921934813655765
0.14655997821029118
0.8561108021546673
0.1900846309585715
0.9154626000302517
0.2553716100809919
0.948943101395966
0.3491170160003648
0.9550304652806413
0.44286242191973774
0.958074147222979
0.5366078278391105
0.9595959881941477
0.6320272588641865
0.95655230625181
0.7073583886208255
0.9245936458572647
0.7692973175318397
0.8774165757510308
0.8245401460200417
0.8211084598177844
0.8647167485569156
0.7708877077692129
0.041096396550996686
0.22606864009077185
0.10470935056771404
0.24585257271596664
0.16330022926732204
0.2762893921393432
0.22021708286122704
0.314335416418564
0.25202355986958574
0.3660780094383042
0.48806109977372103
0.44217005799674564
0.6052428571729371
0.4665195135354469
0.7023363133037163
0.519783947526356
0.7994297694344953
0.5791357454019403
0.888153100036759
0.6339220203640182
0.07122884845365227
0.4216419284131222
0.1063833756734171
0.45207874783649876
0.15325607863310356
0.46577531657701826
0.19845475648708688
0.47795004434636884
0.23193525860114866
0.5053431818274078
0.23193525860114866
0.5091310607281742
0.19845475648708688
0.4817379232471352
0.15325607863310356
0.46956319547778463
0.1063833756734171
0.45586662673726513
0.07122884845365227
0.4254298073138886
0.4445364470254408
0.6088283678668882
0.5215416018877829
0.6346996643767583
0.5935246814330156
0.6757893705983167
0.6705298362953576
0.7153572358487063
0.7475349911576996
0.7244882816757192
0.7475349911576996
0.7282761605764856
0.6705298362953576
0.7191451147494726
0.5935246814330156
0.679577249499083
0.5215416018877829
0.6384875432775247
0.4445364470254408
0.6126162467676546
0.15225166356968173
0.4664517832504664
0.5955335115598593
0.6737265235236608
0.19175865606427459
0.6582714759027195
0.17669243011294675
0.7244882816757192
0.19343268116997767
0.7381848504162387
0.21184695733271158
0.7534032601279271
0.23360928370685174
0.7686216698396153
0.2553716100809919
0.7792745566377971
0.2553716100809919
0.7830624355385635
0.23360928370685174
0.7724095487403817
0.21184695733271158
0.7571911390286935
0.19343268116997767
0.7419727293170051
0.17669243011294675
0.7282761605764856