0.060222557419223895
0.5794035460404569
0.10738646270121603
0.6387557072287994
0.15999235705420728
0.6965037559525921
0.21622624412119795
0.7542518046763846
0.2851581056871864
0.8023751786128785
0.36134595268117375
0.8488944400848227
0.43390580696116177
0.8922054766276671
0.5064656612411496
0.9339124007059619
0.5917234900201355
0.9692028749260572
0.6787953151561209
0.94834941288691
0.7495411730791092
0.9002260389504161
0.8075890565030994
0.8408738777620737
0.8656369399270899
0.7718970417864325
0.9109868488520824
0.6997119808816916
0.9363827978500782
0.6195063576542018
0.9508947687060757
0.5360925094976124
0.9508947687060757
0.45267866134102314
-0.008709304146764634
0.4671156735219712
0.060222557419223895
0.45749099873467247
0.13096841534221212
0.4510745488764733
0.20715626233619944
0.45267866134102314
0.2779021202591877
0.45909511119922225
0.3522759708961753
0.4254087494436765
0.47199973045815535
0.40455528740452923
0.5935374863771351
0.3949306126172304
0.7096332532251158
0.36766070071988394
0.8221010273590971
0.3355784514288879
0.09287449184521845
0.5537377466076602
0.13822440077021095
0.5296760596394132
0.19808628055120092
0.5232596097812141
0.2561341639751913
0.531280172103963
0.3105540546851822
0.5473212967494611
0.3214380328271804
0.5826117709695566
0.27427412754518826
0.6130899077960027
0.21441224776419826
0.617902245189652
0.1527363716262085
0.6130899077960027
0.10013047727321728
0.5922364457568553
0.5155356430261482
0.49919792281296715
0.5862815009491364
0.4735321233801705
0.6642833443001234
0.45909511119922225
0.7440991840081101
0.4542827738055729
0.8221010273590971
0.4494704364119235
0.8221010273590971
0.49919792281296715
0.7586111548641078
0.5409048468912618
0.6842373042271201
0.5649665338595088
0.6007934718051339
0.5681747587886083
0.5336756065961452
0.5425089593558117
0.20897025869319913
0.5665706463240586
0.6824233078701203
0.5072184851357161
0.37041593446617227
0.7767093791800818
0.43753379967516115
0.827116971742996
0.47199973045815535
0.8255128592784463
0.5028376685271502
0.8223046343493466
0.5373035993101446
0.8207005218847968
0.5663275410221397
0.819096409420247
0.5663275410221397
0.8232286406520258
0.5373035993101446
0.8248327531165757
0.5028376685271502
0.8264368655811255
0.47199973045815535
0.8296450905102252
0.43753379967516115
0.8312492029747749