0.0743543397588708
0.41090794013460064
0.10186236255319112
0.5008484878166073
0.13995039411455762
0.5873950525672174
0.18650243268956124
0.670547634386431
0.24151847827820178
0.7486092418085499
0.3028825291270701
0.819882883367876
0.3727105869895754
0.884368559064409
0.453118653619127
0.9318843201039598
0.554686737782771
0.962430166486528
0.6731828359736893
0.9454602518295457
0.7493588990964223
0.8945505078585986
0.8149549534521092
0.8215798748335743
0.863622993780522
0.7384272930143606
0.9017110253418885
0.6535777197294487
0.9334510516430273
0.563637172047442
0.9461470621634829
0.46521166703694417
0.9503790656703013
0.37018014495784285
0.09763035904637261
0.35490722176655876
0.1420663958679669
0.31078544365840455
0.2140104554838815
0.2870275631386292
0.30076652737366083
0.28023959727583625
0.3769425904963939
0.29551252046712034
0.6033547781111839
0.3023004863299133
0.67106683422028
0.27514862287874153
0.7599389078634686
0.27175463994734506
0.8361149709862017
0.2904215460700257
0.8974790218350701
0.3226643839182922
0.1420663958679669
0.40935142809487074
0.19708244145660744
0.38389655610939716
0.26056249405888504
0.37032062438381125
0.3303905519213904
0.37032062438381125
0.39175460277025864
0.3805025731780007
0.39175460277025864
0.385453068149127
0.3303905519213904
0.37527111935493757
0.26056249405888504
0.37527111935493757
0.19708244145660744
0.3888470510805235
0.1420663958679669
0.41430192306599706
0.6499068166861875
0.37541159878090596
0.7006908587680095
0.36522964998671653
0.7493588990964223
0.36013867558962187
0.8043749446850629
0.36353265852101835
0.8466949797532479
0.3720176158495095
0.8466949797532479
0.3769681108206358
0.8043749446850629
0.36848315349214467
0.7493588990964223
0.3650891705607482
0.7006908587680095
0.37018014495784285
0.6499068166861875
0.3803620937520323
0.2643712972150216
0.3853536087155413
0.7502052997977859
0.3697412872311176
0.5165987062214046
0.6077589501555962
0.41291462030435117
0.6943055149062064
0.48485867992026577
0.6824265746463188
0.563150744796408
0.6824265746463188
0.6393268079191412
0.6892145405091116
0.7133868692884652
0.6909115319748099
0.7049228622748281
0.7367303015486624
0.6456748131793689
0.7638821649998342
0.569498750056636
0.7723671223283254
0.4933226869339028
0.7604881820684376
0.42984263433162523
0.735033310082964