0.0699600864512225
0.4882266285940265
0.11634000033761066
0.5680238637121324
0.17342297127470377
0.6399721904579657
0.23764131357893348
0.7053797602269051
0.31256271293386817
0.7655547244143293
0.3874841122888029
0.8257296886017534
0.4624055116437376
0.8845965013937988
0.5355430681568881
0.9486959197673595
0.6443574815057219
0.974858947674935
0.7549557376963398
0.9513122225581169
0.835228665576627
0.8872128041845564
0.9065823792479933
0.8087237204618293
0.9672330358686547
0.7289264853437233
0.9904229928118488
0.6360477362718294
0.9957745213372012
0.5366282302230416
0.9993422070207696
0.43720872417425377
0.9850714642864963
0.34956258068387513
0.02416331301708617
0.33385882454593413
0.07185934250751486
0.356728458815655
0.1323966107069051
0.3849791835017808
0.19476834157900413
0.4091940903756028
0.2461332964148504
0.43071845204122244
0.30850502728694945
0.356728458815655
0.41490386230405957
0.3540379136074525
0.5102959212849169
0.3177155532967194
0.6093569056111918
0.28139319298598625
0.6937421885557964
0.24776137788345562
0.06913131452824028
0.44246511432659397
0.08727661819212314
0.4140841751895806
0.1454743604311621
0.41430418246971246
0.20123797656894846
0.43234477944052724
0.24792894087479342
0.4587456530563536
0.26784451806686005
0.4913067305158729
0.2417329835261505
0.526067880776711
0.18242882033199673
0.5350881792621184
0.12887804610443998
0.5152875240502485
0.09214487039462832
0.4847065121119163
0.4314140263584387
0.4024677273550967
0.5102959212849169
0.3540379136074525
0.616694756302027
0.3365493697541366
0.7249280539918459
0.33116827933773163
0.8038099489183242
0.3325135519418329
0.8386647396997913
0.3876697287099832
0.7487760687370603
0.4293731794371213
0.6607218604470382
0.4683860849560568
0.5561574881026368
0.4670408123519556
0.4570965037763618
0.4468617232904371
0.1727547895064986
0.4791482657888666
0.6111913682839006
0.4065035451674004
0.2534711471056855
0.6701769755712408
0.37087675815904847
0.7280236975475936
0.4350829517038563
0.71322569890248
0.53597839870284
0.689010792028658
0.6607218604470382
0.7118804262983788
0.7230935913191371
0.7643460578583267
0.7304314420099723
0.7952873277526549
0.7029145019193405
0.8679320483741211
0.6020190549203567
0.9082902264971578
0.5066269959394993
0.8625509579577163
0.43875187704927393
0.7939420551485536