0.15501233663771788
0.7304296152158406
0.23341124616234385
0.7890134155760554
0.3192767184988389
0.8358804558642274
0.4014089094293993
0.8788419094617185
0.4872743817658944
0.9159449830231882
0.5806064169142586
0.9315673297859121
0.6720718113596553
0.951095263239317
0.7710037686169215
0.9569536432753386
0.8587358816563837
0.9276617430952311
0.9184683841513368
0.8632195626989946
0.9315348690721077
0.7616743087412885
0.9334015097750751
0.654270674747561
0.9315348690721077
0.5527254207898549
0.8942020550127621
0.4648497202495323
0.8606025223593511
0.3828323997452313
0.8232697083000053
0.30276787258627075
0.7691371279139542
0.24418407222605576
0.10647967836056858
0.6366955346394964
0.14194585171694693
0.5742061475886003
0.1979450728059654
0.5312446939911093
0.2520776531920166
0.4960944137749803
0.29874367076619873
0.4648497202495323
0.3491429697463154
0.3886907797812528
0.425675238567974
0.31643742600365427
0.4928743038747962
0.23637289884469373
0.5675399319934875
0.15630837168573322
0.6440722008151463
0.11334691808824217
0.18861186929112897
0.7069960950717545
0.19047850999409635
0.6210731878767725
0.24461109038014756
0.5585838008258764
0.29314374865729687
0.5214807272644069
0.3603428139641191
0.5429614540631523
0.4163420350531376
0.587875701005984
0.44060836419171223
0.6640346414742635
0.38647578380566106
0.724571235179819
0.31181015568696974
0.7460519619785644
0.23527788686531112
0.7616743087412885
0.4984742259836981
0.3925963664719338
0.5152739923104036
0.32815418607569724
0.5600733691816183
0.26957038571548225
0.6179392309736041
0.2285617254633317
0.6926048590922955
0.22465613877265073
0.7411375173694449
0.28128714578752523
0.7374042359635103
0.3574460862558048
0.6907382183893281
0.42579385334272235
0.6310057158943753
0.4746136869762348
0.5432736028549129
0.46094413355885133
0.31367679638993695
0.6288843612581344
0.6515387636270152
0.3437765328384213
0.5470068842608474
0.6991849216903924
0.623539153082506
0.8046357623387795
0.6384722787062443
0.7558159287052669
0.6795383741715245
0.7069960950717545
0.7318043138546084
0.6796569882369874
0.7934034570525289
0.681609781582328
0.8288696304089073
0.7167600617984571
0.8232697083000053
0.7792494488493529
0.787803534943627
0.8358804558642274
0.7374042359635103
0.861266769353654
0.6720718113596553
0.8495500092816112