0.017895719140057685
0.4403478272389261
0.031864449271887856
0.4963177758518492
0.05581084378359674
0.5714353384639304
0.09971256705506304
0.6465529010760113
0.14161875745055358
0.7201975703035418
0.17753834921811687
0.7894235593774203
0.2194445396136074
0.8571766550667484
0.2892881902727583
0.9160923904487727
0.3770916368156908
0.9543876184470884
0.49682360937423525
0.9514418316779872
0.5926091874210708
0.9087279235260197
0.6624528380802217
0.8586495484512989
0.744269685995227
0.8041524932229265
0.8161088695303537
0.7481825446100033
0.8759748558096259
0.6833752356897765
0.9258631777090194
0.6141492466158979
0.9777470324843885
0.5537606178493231
0.04982424515566953
0.2709650880156062
0.15359195470640802
0.27391087478470744
0.23141773686946185
0.3122061027830233
0.2972703217766613
0.3534471175504403
0.3671139724358122
0.3932152389333067
0.568662792909362
0.39616102570240797
0.6504796408243673
0.42856468016252125
0.7662205476309601
0.4241460000088695
0.8759748558096259
0.40352549262516096
0.9797425653603643
0.40057970585605973
0.05181977803164527
0.37848630508780057
0.13563215882262633
0.35492001093499087
0.23939986837336485
0.3681760513959464
0.3291988477922731
0.40057970585605973
0.3731005710637394
0.45949544123808406
0.39305589982349687
0.5257756435428614
0.30325692040458846
0.539031684003817
0.19150707934994707
0.5287214303119626
0.11368129718689318
0.4889533089290962
0.04782871227969379
0.43592914708527436
0.606577917552901
0.48600752215999504
0.7023634955997364
0.45949544123808406
0.8021401393985236
0.44476650739257795
0.8959301845693833
0.45802254785353347
0.9418274407168253
0.5228298567737603
0.9338453092129224
0.580272698771234
0.8520284612979171
0.6200408201541004
0.7502562846231543
0.6244595003077522
0.6544707065763187
0.5935287392321894
0.5886181216691193
0.5434503641574687
0.22144007248958317
0.45360386769988165
0.7742026791348632
0.5463961509265699
0.42298889296313297
0.6347697539996064
0.25536413138117076
0.7098873166116875
0.3331899135442246
0.6642276216906187
0.4469352874748418
0.689266809227979
0.5666672600333862
0.7039957430734851
0.6085734504288767
0.776167518916465
0.5826315230411921
0.8586495484512989
0.5028102080021625
0.9190381772178738
0.3870693011955696
0.9175652838333233
0.2753194601409281
0.8792700558350075
0.23740433549738907
0.8012067064538253