0.05037842979901377
0.3372309703151664
0.03320719034639215
0.4262670288921208
0.023667612872713486
0.5208678411301348
0.0293913593569207
0.6168598417834138
0.037023021335863625
0.7128518424366926
0.05419426078848524
0.8046702778441769
0.07518133123057828
0.8950975248363962
0.14005045805159322
0.9577010035233172
0.25261747224100145
0.978568829752291
0.37853989489355977
0.9646569455996418
0.498738571061911
0.9479626846164629
0.6036739232723763
0.9145741626501049
0.7009776135038986
0.8700561333616278
0.7906496417564782
0.817190973581561
0.8612425150617002
0.7490227412335804
0.9032166559458864
0.6641602479024207
0.9394670503458652
0.5876448850628505
0.05801009177795667
0.17863549097496642
0.14195837354632893
0.1967209403734103
0.22209082432522972
0.22871827392450325
0.2907757821357161
0.2690627379671857
0.3365657540093737
0.3274926514083121
0.5178177260092683
0.3177543325014576
0.6113055852513192
0.3567076081288752
0.712425106472313
0.38731375326470324
0.8211762896722498
0.42209346364632605
0.9146641489143008
0.4582643624432138
0.09235257068319991
0.312189578840398
0.1686691904726292
0.30662482517933837
0.24307789476732278
0.30662482517933837
0.3041311905988662
0.3414045355609612
0.33084200752516646
0.38870494167996816
0.30985493708307343
0.4346141593837103
0.24307789476732278
0.4443524782905646
0.17057710596736494
0.4304405941379155
0.10570797914635
0.3998344490020875
0.06754966925163533
0.3567076081288752
0.555976035903983
0.43600534779897515
0.6551876416302411
0.43322297096844536
0.7524913318617635
0.45965555085847865
0.8326237826406643
0.5125207106385453
0.9013087404511505
0.5695594356644068
0.8822295855037932
0.6154686533681488
0.7811100642827995
0.6252069722750033
0.6780826275670698
0.597383203969705
0.5903185148092261
0.5500827978506979
0.5464364584303043
0.486088130748512
0.24880164125152995
0.38731375326470324
0.7429517543880849
0.5486916094354332
0.18393251443051506
0.5932096387239103
0.15912961299895056
0.7184165960977523
0.19156417640945797
0.7198077845130172
0.22018290883049396
0.7309372918351366
0.24880164125152995
0.7448491759877857
0.2736045426830945
0.7615434369709646
0.2659728807041516
0.7810200747846734
0.23735414828311557
0.7712817558778191
0.2049195848726081
0.7601522485556997
0.17439293695683641
0.7504139296488453
0.1534058665147433
0.7337196686656663