-0.016126352490246215
0.6068230693035089
0.04007363987919554
0.6880439061800463
0.10790121687679774
0.7586707208552963
0.18929430927392027
0.8169378429623775
0.28231498629920326
0.8663766132350524
0.37921152486720633
0.9034556909395586
0.4761080634352095
0.9387690982771836
0.5749425327745726
0.9687854945141648
0.681528725199376
0.9829108574492148
0.7687356099105788
0.949363120478471
0.8191218099659404
0.8752049650694588
0.8656321484785818
0.7975154689266838
0.9102045562198632
0.7127632913163838
0.9489631716470645
0.6280111137060839
0.9605907562752249
0.5291335731607341
0.964466617817945
0.4267246918816217
0.9586528255038648
0.3384411735375592
-0.014188421718886172
0.5026485176575153
0.08658397839183703
0.42319335114785916
0.2047977554448008
0.3702232401414217
0.33270118635456486
0.32961282170315304
0.46641840957840913
0.3137217884012218
0.6679632097998555
0.2607516773947843
0.7338528560260976
0.1971875441870594
0.8133080176518602
0.1389204220799782
0.8888873177349027
0.08948165180730323
0.9605907562752249
0.11243536657675944
0.08658397839183703
0.5679783212321214
0.1582874169321593
0.4796948028880591
0.2571218862715225
0.41436499931345294
0.3714598017817661
0.3808172623427092
0.4761080634352095
0.41436499931345294
0.4993632326915302
0.5185395509594466
0.4722322018924893
0.6227141026054401
0.37921152486720633
0.6880439061800463
0.2551839555001624
0.6756842136118777
0.1427839707612788
0.6474334877417777
0.6931563098275363
0.38258293270959043
0.7261011329406574
0.3048934365668155
0.7881149176241793
0.23073528115780306
0.8598183561645016
0.17246815905072188
0.9237700716193837
0.22367259969027814
0.9470252408757044
0.29606508473240933
0.9353976562475441
0.3861142734433529
0.8985769715917028
0.46910078068677163
0.7997425022523397
0.5044141880243966
0.7183494098552172
0.4638037695861279
0.3927770402667268
0.550321617563309
0.8501287023077014
0.3472695253719655
0.80943215610914
0.6191827618716778
0.766543743382971
0.7906170358653808
0.7648597483678581
0.7813616381747985
0.7685484993533436
0.7686857674246534
0.7770486646677227
0.7688869717222747
0.7795345620709847
0.7694905846151389
0.7816996985189869
0.7723074447818378
0.7821808399518764
0.7779411651152356
0.7788930401604656
0.7916230573534876
0.7715155381894948
0.7934338960320797
0.7683881188757138
0.7932326917344583