-0.15279840097617817
0.48369953866147364
-0.15523347390602077
0.5701627935759647
-0.13818796339712267
0.6594609093073245
-0.0992267965196413
0.7388370121796441
-0.03591490034373406
0.8068736717844897
0.07609845442902487
0.8479791536290837
0.19054688213162643
0.8905020658821122
0.30012516397454275
0.930190117318272
0.4218788104666721
0.9613735863038262
0.5606779674676995
0.9769653207966034
0.6897368327493565
0.9528690038532206
0.7554838018551063
0.8819974834315064
0.8090554063116433
0.808291102192924
0.8699322295577079
0.733167290545907
0.9137635422948743
0.6566260484904559
0.9283739798739301
0.5673279327590962
0.9381142715933002
0.4865343994783422
0.02739699583217319
0.36180052353612546
0.17350137162272833
0.3263647633252685
0.3683072060101352
0.3277821937337027
0.5436324569588014
0.3532959410855198
0.7189577079074676
0.33061705455057133
0.8309710626802265
0.33628677618430847
0.8674971566278653
0.3277821937337027
0.9088933964351893
0.32069504169153135
0.9551597821021983
0.3235299025083999
0.9892508031199946
0.3334519153674399
0.08827381907823784
0.46243808253495944
0.18567673627194126
0.419915170281931
0.30743038276407053
0.39156656211324536
0.43161910218604244
0.384479410071074
0.5241518735200608
0.4255848919156681
0.5095414359410052
0.4865343994783422
0.4389243209755702
0.5432316158157134
0.3220408203431261
0.5616582111253591
0.20272224678083936
0.5460664766325819
0.09314396493792297
0.5177178684638963
0.7506136559954213
0.455350930492788
0.7920098958027452
0.41141058783132534
0.845581500259282
0.38589684047950823
0.9259389069440874
0.39014913170481114
0.9429844174529856
0.42416746150723383
0.9283739798739301
0.47519495621086794
0.9064583235053466
0.5191352988723307
0.8553217919786523
0.5474839070410162
0.7773994582236896
0.5290573117313706
0.7554838018551063
0.49220412111207934
0.37317735186982043
0.4879518298867765
0.8528867190488097
0.47802981702773656
0.8942829588561338
0.6523737572651531
0.6045092802048659
0.8072209704702215
0.6312950824331345
0.7958815272027474
0.6678211763807732
0.7916292359774444
0.7067823432582546
0.7916292359774444
0.7335681454865232
0.7972989576111815
0.7335681454865232
0.7997865197423182
0.7067823432582546
0.794116798108581
0.6678211763807732
0.794116798108581
0.6312950824331345
0.7983690893338841
0.6045092802048659
0.8097085326013581