0.14767310232723246
0.5704764681017275
0.17715979745414925
0.6320420968379069
0.2192836476354591
0.6919875774494502
0.2677260753439653
0.750312909936357
0.31406231054340605
0.808638242423264
0.36461093076097784
0.8637232786608982
0.4277967060329425
0.9123277223999872
0.5015134438502347
0.9447306848927134
0.5941859142491162
0.964172462388349
0.6847521921389322
0.9447306848927134
0.7542565449380932
0.9026068336521694
0.8258670902463199
0.8621031305362619
0.8743095179548261
0.8053979461739913
0.9227519456633325
0.7454524655624482
0.9543448332993147
0.6774062443277235
0.9606634108265113
0.5980189862205446
0.9543448332993147
0.5186317281133659
0.09501828960059519
0.5040503949916391
0.16662883490882183
0.4862287656206397
0.24455795774424496
0.49756980249309385
0.3203808880706026
0.5186317281133659
0.3835666633425672
0.5445540981075466
0.5162567914136931
0.5008100987423664
0.61103545432164
0.47488772874818563
0.7037079247205216
0.45382580312791365
0.8005927801375341
0.43600417375691436
0.8848404805001536
0.45058550687864113
0.18558456749041125
0.5662029636172826
0.21296507010826257
0.5872648892375546
0.26561988283489985
0.600226074234645
0.3203808880706026
0.600226074234645
0.3688233157791088
0.5824044448636456
0.3688233157791088
0.5866779493480905
0.3203808880706026
0.6044995787190899
0.26561988283489985
0.6044995787190899
0.21296507010826257
0.5915383937219995
0.18558456749041125
0.5704764681017275
0.5962921067581817
0.5516216304955558
0.6531593045029499
0.5694432598665553
0.7226636573021109
0.5662029636172826
0.7858494325740757
0.5435208898723743
0.8279732827553855
0.509497779255012
0.8279732827553855
0.5137712837394569
0.7858494325740757
0.5477943943568192
0.7226636573021109
0.5704764681017275
0.6531593045029499
0.5737167643510002
0.5962921067581817
0.5558951349800006
0.27067474485665705
0.5894016414797771
0.7171875567785406
0.5501940568635783
0.46149578617799036
0.7746151318059015
0.4277967060329425
0.8659303666749986
0.4825577112686453
0.8400079966808177
0.5625930266131339
0.8481087373039992
0.6342035719213605
0.8302871079329999
0.701601732211456
0.8302871079329999
0.701601732211456
0.8345606124174447
0.6342035719213605
0.8345606124174447
0.5625930266131339
0.852382241788444
0.4825577112686453
0.8442815011652626
0.4277967060329425
0.8702038711594434