-0.16681120882559133
0.6692786028590176
-0.10497477332080735
0.7379050628168027
-0.014598444506123031
0.8004313930005624
0.07102123542357786
0.8431323014187397
0.16615421312324558
0.8858332098369173
0.27080048859288
0.9239590209245756
0.39447335960244795
0.9407343778031453
0.5229028794969993
0.9544596697947022
0.6560890482765341
0.9605597995687275
0.7607353237461685
0.9361592804726263
0.810680137038494
0.8690578529583476
0.8701382481007863
0.8004313930005624
0.9200830613931118
0.7272298357122584
0.9533796035879955
0.6509782135369416
0.9628929013579622
0.5655763967005868
0.9557579280304872
0.47712451497721947
0.9557579280304872
0.3962977954713837
0.018698097688760653
0.5030500665168272
0.11145275094593662
0.49084980696877645
0.20896405308809599
0.47712451497721947
0.2969620574602886
0.4572990932116371
0.38020341294749777
0.43747367144605476
0.5609560705768663
0.39477276302787734
0.6679806704889925
0.36274708171424436
0.7654919726311518
0.3230962381830797
0.8677599236582947
0.2803953297649023
0.9700278746854373
0.24226951867724392
-0.014598444506123031
0.6502114845183832
0.07577788430856125
0.6425863223008516
0.1566409153532788
0.6273359978657882
0.22799064862802954
0.6014104463261805
0.28031378636284676
0.5724348298995601
0.28031378636284676
0.5762516238051312
0.22799064862802954
0.6052272402317516
0.1566409153532788
0.6311527917713593
0.07577788430856125
0.6464031162064227
-0.014598444506123031
0.6540282784239543
0.6037659105417169
0.5068584348287878
0.6893855904714178
0.4839829481761927
0.7773835948436103
0.4565323641930787
0.8487333281183611
0.4199315855489266
0.9081914391806534
0.38333080690477467
0.9081914391806534
0.38714760081034577
0.8487333281183611
0.4237483794544977
0.7773835948436103
0.4603491580986498
0.6893855904714178
0.4877997420817638
0.6037659105417169
0.5106752287343589
0.14522495802931867
0.6207042131349383
0.7654919726311518
0.45203562488313764
0.556199421691883
0.7272298357122584
0.556199421691883
0.8347404101826497
0.5918742883292584
0.8210151181910927
0.6227925060816503
0.8072898261995357
0.6560890482765341
0.7950895666514851
0.6893855904714178
0.7844143395469406
0.6893855904714178
0.7882311334525117
0.6560890482765341
0.7989063605570562
0.6227925060816503
0.8111066201051068
0.5918742883292584
0.8248319120966638
0.556199421691883
0.8385572040882208