0.11922517576795098
0.7512937931229746
0.19942290944583238
0.79654283608996
0.27962064312371376
0.8450239535545874
0.3669470642396291
0.8967371455168566
0.46674868837210376
0.9274418532444538
0.5683324843640869
0.9565305237232303
0.6734806240750869
0.9759229707090814
0.7839752793646124
0.9856191942020068
0.8855590753565955
0.962994672718514
0.9443707467203751
0.8902729965215731
0.9711033246130023
0.7949267988411391
0.9800141839105446
0.6931164521654216
0.9746676683320193
0.5880740309920625
0.9532816060179176
0.4894957588139867
0.9176381688277481
0.3989976728800156
0.8855590753565955
0.3101156241948655
0.8481334663069174
0.24547413424202896
0.047938301387611945
0.6446353347007944
0.08536391043728994
0.6058504407290923
0.14239340994156116
0.5573693232644651
0.20655159688386626
0.5250485782880467
0.2742741275451884
0.5088882057998376
0.3936796421322562
0.3796052258941647
0.45962000093406985
0.30849958694604457
0.5398177346119513
0.25517035773495444
0.6200154682898327
0.20992131476796888
0.710906233124765
0.18083264428919246
0.11209648832991703
0.706044750155989
0.15665078481762898
0.6446353347007944
0.2136802843219002
0.6026183662314506
0.27962064312371376
0.5638334722597487
0.35268968936356127
0.5460570625227187
0.3954618139917647
0.5913061054897043
0.35803620494208666
0.6478674091984361
0.30100670543781544
0.6963485266630635
0.23684851849551036
0.7302853088883027
0.15665078481762898
0.7399815323812282
0.4863525788266969
0.42970238060761295
0.5309068753144088
0.3602127789083137
0.6021937496947479
0.30849958694604457
0.6823914833726293
0.2680986557255218
0.7643713889100191
0.24709017149084989
0.808925685397731
0.2891071399601936
0.7661535607695277
0.3537486299130301
0.6948666863891886
0.41354200811940384
0.621797640149341
0.4539429393399267
0.5344712190334259
0.4684872745793148
0.2903136742807646
0.6300909994614061
0.677044967794104
0.3295080711807164
0.5237781878763749
0.7593739793670792
0.6637954418316891
0.8280217384065274
0.6839565170515541
0.8012331023377007
0.7117461072194758
0.7809386810734381
0.7419877200492732
0.7611854443762226
0.7714119919917787
0.7452204996483359
0.7831272113762947
0.7611854443762226
0.7665079466680277
0.7890564495791432
0.74062548523712
0.8120567936786409
0.709566531520031
0.831539438092333
0.6782351308405113
0.8426337217167965