-0.06139624815549345
0.5448123879081037
-0.015521523410096624
0.6220750847346176
0.04725441571518323
0.6885210040054196
0.12451711002321997
0.7549669232762215
0.21143764111976132
0.8152318268009024
0.2983581722163027
0.8662252067064017
0.39010762170709623
0.9156733326753704
0.4963438263806467
0.9527594271520973
0.6170667862369541
0.9743929822635211
0.7208885317133785
0.9496689192790366
0.7860789300357846
0.8894040157543558
0.8416114915696858
0.8198675886104934
0.8923151347093351
0.7441501457205096
0.9188741858777228
0.6637969410209352
0.9381898594547319
0.5818984823848304
0.940604318651858
0.490728500129544
0.9333609410604796
0.4057395336203788
0.037596578926678614
0.4335541044779237
0.09795805885483232
0.4134658033030301
0.15590507958585992
0.3902869942550759
0.23316777389389665
0.379470216699364
0.2911147946249241
0.36556293127059153
0.5398040919289174
0.3346578525399859
0.6098234086455757
0.3022075198728501
0.7039873173334954
0.30066226593631984
0.8005656852185414
0.30375277380938037
0.8681705427380735
0.313024297428562
0.02069536454679559
0.5185430709870891
0.09312914046058002
0.47373070682771096
0.18487858995137366
0.435099358414454
0.28387141703354574
0.42119207298568156
0.36113411134158246
0.46291392927199904
0.3828642441157178
0.5185430709870891
0.33940397856744714
0.5633554351464671
0.23316777389389665
0.5788079745117699
0.13176048761459838
0.5865342441944214
0.03035320133530016
0.5818984823848304
0.5591197655059266
0.43664461235098434
0.6146523270398281
0.3810154706358943
0.6991583989392433
0.34547463009569784
0.8029801444156676
0.35165564584181896
0.8874862163150827
0.3748344548897732
0.9164597266805966
0.4397351202240448
0.8585127059495691
0.4860927383199532
0.7595198788673969
0.5046357855583166
0.6605270517852248
0.5154525631140285
0.5711920614915574
0.4860927383199532
0.2041942635283828
0.5247240867332101
0.7353752868961355
0.44591613597016594
0.5736065206886835
0.6622516870844048
0.4770281528036376
0.7935982716894785
0.5060016631691513
0.7611479390223427
0.5687776022944312
0.7472406535935702
0.6339680006168373
0.7426048917839794
0.6774282661651078
0.762693192958873
0.7015728581363694
0.8013245413721299
0.6701848885737294
0.8337748740392658
0.6074089494484497
0.8430463976584474
0.5422185511260436
0.8476821594680382
0.48668598959214215
0.8260486043566143