0.1110471275123144
0.6442617519324846
0.1548773103679384
0.7189997689588772
0.21843107550859314
0.7815711320507408
0.281984840649248
0.8371901214657306
0.36745369721771465
0.878904363526973
0.45511406292896267
0.9188805121689968
0.5427744286402105
0.9449519134572734
0.6413923400653646
0.9710233147455497
0.7443932697760808
0.9640709410686762
0.8276706172017664
0.9136662319113416
0.8693092909146091
0.8510948688194782
0.9065649463418896
0.7728806649546486
0.9262885286269205
0.6911902742513822
0.9197140011985768
0.6042856032904608
0.9021819280563271
0.5225952125871943
0.8780753274857339
0.444381008722365
0.8517772177723596
0.3783334587920646
0.06940845379947165
0.5295475862640681
0.11981316408343921
0.47219050342985985
0.18774994750965637
0.43047626136861755
0.28636785893481037
0.4270000745301807
0.3915602977883078
0.43047626136861755
0.5361999012118669
0.37138108511519086
0.5734555566391474
0.3070716286041089
0.6326263034942398
0.26188119970442963
0.7290527057766124
0.26188119970442963
0.8057555257739544
0.2740478536389587
0.12200467322622043
0.5955951361943685
0.15926032865350082
0.5278094928448497
0.23158013036528036
0.4860952507836074
0.32800653264765306
0.48957143762204425
0.4200499166444635
0.4982619047181364
0.44853953550061904
0.5504047072946894
0.40909237093055745
0.6129760703865529
0.31047445950540353
0.6494760321901399
0.22281409379415554
0.6703331532207611
0.13077070979734523
0.6564284058670137
0.5668810292108039
0.44611910214158346
0.6172857394947713
0.38702392588815676
0.6720734680643012
0.33488112331160386
0.7597338337755493
0.3244525627962932
0.8364366537728912
0.34704777724613284
0.8693092909146091
0.3974524864034673
0.8364366537728912
0.4548095692376757
0.757542324632768
0.4913095310412627
0.6808395046354261
0.5156428389103208
0.5997536663525217
0.5069523718142286
0.281984840649248
0.5955951361943685
0.7159036509199254
0.4339524482070544
0.5575305902016039
0.5927562502763117
0.5449659377829917
0.8006901596621434
0.5515404652113354
0.725952142635751
0.6150942303519901
0.6685950598015428
0.7049461052060193
0.661642686124669
0.7728828886322364
0.7085712084435666
0.8057555257739544
0.7798330386315223
0.7926064709172673
0.8545710556579148
0.7334357240621747
0.8875948306230651
0.6479668674937082
0.8997614845575942
0.5778385749247098
0.8528329622386965