0.09313975329455348
0.5574890622400388
0.13796909672164948
0.62174156126227
0.18891153243425854
0.6927574812342097
0.24392936300387633
0.758700835493868
0.3193241678585378
0.8144990583289635
0.40286976242721667
0.8635338602143504
0.49252844928140854
0.9024235306751747
0.5842248335641048
0.9345497801862903
0.6840720075608187
0.9514583325605616
0.7615045098439844
0.9074960963874561
0.8185600378421066
0.8398618868903706
0.8695024735547157
0.7688459669184309
0.9122941195533072
0.6944483364716368
0.9367464886953596
0.60990557460028
0.9306333964098464
0.5253628127289232
0.9204449092673248
0.43912919562013925
0.9041433298392898
0.3731858413604809
0.10332824043707538
0.47125544513125484
0.16649686072071057
0.4289840641955764
0.2520801527178938
0.4053120908715965
0.3397011421435814
0.3884035384973251
0.41713364442674716
0.35627728898620953
0.5455085824225219
0.31569676328795826
0.6249787821341922
0.3089333423382497
0.6983358895603492
0.2886430794891241
0.7716929969865063
0.26666196140257126
0.8328239198416371
0.24975340902829993
0.16242146586370185
0.5118359708295062
0.20113771700528474
0.461110313706692
0.2704194295744331
0.4408200508575663
0.3437765370005901
0.4340566299078578
0.41305824956973847
0.45265603751955624
0.42120903928375586
0.5101451155920789
0.38249278814217297
0.5591799174774659
0.315248773001529
0.5828518908014458
0.24189166557537203
0.5896153117511543
0.18279844014874544
0.5574890622400388
0.6046018078491486
0.4019303803967422
0.6535065461332532
0.349513868036501
0.7187128638453928
0.3173876185253854
0.8002207609855673
0.32246018423766676
0.8613516838406983
0.35627728898620953
0.8817286581257419
0.41376636705873215
0.8532008941266807
0.4729463003686819
0.7737306944150106
0.48816399750552614
0.6962981921318449
0.498309128930089
0.6351672692767139
0.4594194584692649
0.2887587064309723
0.5016908394049433
0.737052140701932
0.3884035384973251
0.5556970695650438
0.6251232717371242
0.5618101618505569
0.7417922831195968
0.5821871361356005
0.7248837307453252
0.6107149001346617
0.7147385993207626
0.64739345384774
0.7164294545581896
0.6820343101323144
0.7231928755078981
0.6881474024178275
0.7401014278821695
0.6596196384187663
0.7536282697815866
0.6270164795626965
0.7637734012061494
0.5944133207066267
0.772227677393285
0.5597724644220526
0.7654642564435765