0.01105571816866703
0.40979784728893665
0.03761744359243877
0.4979954922368811
0.06749938469418196
0.5795114974160419
0.09738132579592515
0.6623638305489595
0.15253029902402424
0.7358199135233108
0.20756859839619088
0.8052545816786826
0.2643967611625743
0.8680029484561297
0.32647620757595636
0.9269567653927931
0.409481599525243
0.972391915820522
0.5190487168983015
0.9603649642367114
0.6089454645493088
0.9199503668538522
0.7033607585942451
0.8803468894615292
0.7839656727717571
0.8284554103734981
0.851070284695448
0.7732790507107685
0.9108341668989345
0.7011173412079048
0.9622975099074921
0.624946647843771
1.012100745077064
0.5554575942484207
0.032637120075481564
0.27750137986701984
0.11730261986375397
0.29754629917337083
0.19200747261811196
0.34298144960109983
0.2799931880843558
0.38173496026004516
0.37793955058451406
0.3910892559363423
0.5190487168983015
0.3924255838900991
0.6153349715594739
0.4057888634276664
0.7149414418986179
0.3750533204912615
0.8228484514326905
0.3576810570924239
0.9290953531277775
0.3710443366299913
0.05919884549925329
0.372380664583748
0.13224359041462555
0.3924255838900991
0.20528833532999785
0.4164794870577203
0.2766729724063844
0.4418697181790982
0.341417178126828
0.47527791702301664
0.33975707028784224
0.5046771320056648
0.2633921096944985
0.5073497879131783
0.18536704126216902
0.4939865083756109
0.1189627277027397
0.46325096543920596
0.07081960037215343
0.4178158150114771
0.5854530304577307
0.48864119656058397
0.6717786380849888
0.46592362134671944
0.7630845692292042
0.47394158906925987
0.8477500690174765
0.49131385246809745
0.9340756766447347
0.5167040835894754
0.9158144904158917
0.5648118899247179
0.8278287749496477
0.5768388415085285
0.7381829516444182
0.5781751694622852
0.6518573440171601
0.5621392340172043
0.5738322755848305
0.5247220513120159
0.20362822749101211
0.4538966697629088
0.7547840300342755
0.5073497879131783
0.37295922706755685
0.6944357014391211
0.3430772859658137
0.7559067873119311
0.38624008977944274
0.770606394803255
0.4393635406269862
0.7853060022945791
0.4941470993135154
0.7853060022945791
0.5458527799031665
0.797539618550308
0.5440629165089497
0.8222275005611068
0.4924869914745297
0.816041545230984
0.4360433249490147
0.8133688893234706
0.3829752110294375
0.8021685964273327
0.341417178126828
0.7839696743408224