-0.10879155264366057
0.528004659652693
-0.048410310130883476
0.6016169813240665
0.02203447280068982
0.6720287672705975
0.11663175273737392
0.737639749629865
0.20720361650653954
0.7920488569521844
0.2977754802757053
0.8432574285496616
0.40243630063118546
0.8960662680095598
0.5070971209866659
0.947274839607037
0.6157833575096646
0.9792801968554602
0.7224568859489042
0.9456745717446157
0.7989397931317552
0.8752627857980848
0.8552956194770138
0.7936491248146056
0.9096387377385132
0.7040341245190206
0.9539183155812163
0.6160193920858569
0.9760581045025679
0.5200033203405874
0.9881343530051234
0.41918644500805424
0.984108936837605
0.3327719804373117
-0.07457551521975354
0.39198189134689465
0.005932808130615901
0.406384302108685
0.09650467189978154
0.4175861771456331
0.18908924375270644
0.41918644500805424
0.27966110752187207
0.4111851056959485
0.5252114937404989
0.3855808198972099
0.6359104383472569
0.3743789448602618
0.7405712587027372
0.34397385547425985
0.8371812467231806
0.2975660874640462
0.9277531104923462
0.24155671227930559
-0.08866447180606819
0.5095038884641788
0.009958224298134399
0.5175052277762845
0.11059362848609626
0.5143046920514422
0.20921632459029882
0.4999022812896518
0.2937500641081867
0.4742979954909132
0.2937500641081867
0.4783963559176372
0.20921632459029882
0.5040006417163757
0.11059362848609626
0.5184030524781662
0.009958224298134399
0.5216035882030085
-0.08866447180606819
0.5136022488909028
0.6137706494259054
0.43269103106796314
0.704342513195071
0.43269103106796314
0.7989397931317552
0.42789022748069966
0.8834735326496431
0.39748513809469754
0.9317785266598648
0.3398754950475359
0.9317785266598648
0.34397385547425985
0.8834735326496431
0.4015834985214215
0.7989397931317552
0.4319885879074236
0.704342513195071
0.4367893914946871
0.6137706494259054
0.4367893914946871
0.10697075393532962
0.505151997227856
0.786461003012448
0.40817576476513395
0.5151479533217028
0.7392400174922862
0.48237319996237277
0.8134021986442938
0.5327024693441914
0.8100155852610303
0.5832966296174932
0.8059516492011143
0.632831226324862
0.7940985023596925
0.6749488780706998
0.7798747261499862
0.6749488780706998
0.7839730865767102
0.632831226324862
0.7981968627864164
0.5832966296174932
0.8100500096278382
0.5327024693441914
0.8141139456877543
0.48237319996237277
0.8175005590710177