0.11519225312145287
0.46481272408148855
0.09539940408626557
0.5294812534260274
0.08440337684449489
0.6150719540290931
0.09759860953461974
0.700662654632159
0.1525787457434733
0.7596251372698266
0.20755888195232686
0.8204896354764514
0.2757342508513053
0.8661380091314199
0.35270644154370034
0.9060803360795172
0.44287386492622016
0.9193944450622165
0.5418381101021567
0.9079823516484743
0.6254079171396141
0.8737460714072478
0.7111769296254256
0.8414118067349785
0.7947467366628831
0.7900573863731392
0.8431292565266741
0.7272908725975573
0.8673205164585698
0.6455042031324054
0.8937109818388196
0.5618155180982967
0.9113046254256527
0.48193086420210174
0.10199702043132802
0.3411817120992822
0.16357477298524403
0.33357364982345417
0.24054696367763906
0.32596558754762606
0.3043239216799092
0.30694543185805595
0.36590167423382514
0.2955333384443138
0.5968182463110102
0.2841212450305716
0.6473999716231555
0.30504341628909887
0.7111769296254256
0.3392796965303253
0.7815515039727583
0.3697119456336376
0.8233364074914868
0.3773200079094656
0.1723715947786606
0.4400865216850473
0.21415649829738936
0.3925361324611218
0.2823318671963677
0.36780993006468055
0.34610882519863784
0.38683008575425076
0.35270644154370034
0.4020462103059069
0.38569452326901243
0.4762248174952307
0.3439096197502838
0.5256772222881133
0.271335839954597
0.5275792378570703
0.2053596765039727
0.5123631133054141
0.16137556753688986
0.4705187707883596
0.5506349318955732
0.44198853725400433
0.5968182463110102
0.38873210132320773
0.6825872587968218
0.3792220234784227
0.7551610385925085
0.413458303719649
0.8035435584562995
0.46861675521940266
0.8211372020431327
0.5085590821675001
0.748563422247446
0.5504034246845544
0.669392026106697
0.5675215648051676
0.5902206299659477
0.5542074558224686
0.5506349318955732
0.48953892647792985
0.29332789443813845
0.46100869294357455
0.640802355278093
0.4800288486331447
0.4670651248581157
0.5572506807327997
0.33951120885357544
0.696858623494245
0.37249929057888764
0.6778384678046747
0.4538698921679909
0.6740344366667609
0.5374396992054483
0.6835445145115459
0.5836230136208853
0.7310949037354714
0.5858222190692395
0.7786452929593969
0.5242444665153234
0.8147835887695803
0.44507307037457433
0.8185876199074944
0.3615032633371169
0.8128815732006233
0.3043239216799092
0.7653311839766977