0.14044150450445764
0.605421220600013
0.1682119246029499
0.669528720746224
0.19108168233112
0.7478823320360374
0.22211921067649365
0.8191128877540497
0.2874613756141225
0.861851221184857
0.3626048652923956
0.897466499043863
0.4459161255878724
0.9245341102167077
0.5275938317599084
0.9558755547326331
0.6125386461788259
0.9573001658469933
0.6876821358570991
0.9159864435305461
0.7595585172884909
0.8732481100997389
0.8249006822261195
0.8233867210971303
0.8837086306699855
0.769251498751441
0.9327152543732072
0.7008701652621493
0.9670198909654623
0.6239411650866962
0.9817218780764287
0.5398891093394418
0.9768212157061066
0.4544124424778271
0.05508134828797973
0.3732742905081858
0.09203935145304268
0.37620436467302204
0.12899735461810558
0.3908547354972034
0.1676352670179441
0.40257503215654855
0.20627317941778262
0.40990021756863926
0.454083896205076
0.35326505335824976
0.5145253987723827
0.31764977549924367
0.5798675637100115
0.28630833098331826
0.6533774992648439
0.26493916426791464
0.73505520543688
0.25639149758175317
0.14283782995060507
0.5260315284997558
0.1486389065890847
0.4584272556182969
0.2005073565331381
0.4099386736895264
0.26773159757904946
0.44537263740670485
0.30799789424614354
0.5078483102764668
0.3346145988226973
0.5745201104285262
0.33905071625212285
0.640725674215886
0.2762625926356371
0.6817544743094609
0.20869711178746234
0.640725674215886
0.1639946976909426
0.5885072013695177
0.5316964727074731
0.432876626231323
0.5361533803482823
0.35101232147586847
0.6273485674602243
0.3190193747898287
0.7171723983749941
0.3467779608850691
0.7925969892194574
0.40605900915626025
0.82928076749381
0.47945459273011604
0.7884829206279412
0.5566140523846823
0.7048301926004457
0.5951937822119656
0.6060925464040573
0.5796677933790345
0.5553523671086912
0.5067426943152675
0.26674991186970376
0.5695892595522165
0.6480893081637622
0.4787569604422918
0.367544465956239
0.7160929677940304
0.4280211984081602
0.7761594881731743
0.4431403815211405
0.7776245252555923
0.4683390200427743
0.7805545994204286
0.4935376585644081
0.7834846735852649
0.5136965693817152
0.7908098589973556
0.5136965693817152
0.7908098589973556
0.4935376585644081
0.7834846735852649
0.4683390200427743
0.7805545994204286
0.4431403815211405
0.7776245252555923
0.4280211984081602
0.7761594881731743