0.008460592388658525
0.5417381566986188
0.03748605195876892
0.6189143744156729
0.05626723168060503
0.7023906915382008
0.08870745120014016
0.7764168595525179
0.15358789023921046
0.8283926796476767
0.22017570925299312
0.8724933754859935
0.2850561482920634
0.91659407132431
0.35505872725527077
0.9559696926085212
0.4421351059656019
0.976445015676311
0.5275041047012207
0.9543946677571529
0.6145804834115519
0.9291942701352576
0.701656862121883
0.902418847661994
0.7819037209333647
0.8646182512291511
0.8536136798712844
0.8157924808367292
0.9048350791126557
0.7433413376737804
0.9389826786069032
0.6630150702539894
0.956056478354027
0.5842638276855668
0.03407129200934415
0.24878353434408695
0.07504841140244115
0.21728303731671797
0.13139195056794958
0.19995776395166498
0.19627238960701984
0.1968077142489281
0.2577380686966654
0.20783288820850723
0.5582369442460434
0.19050761484345433
0.647020702931087
0.1936576645461912
0.7306823216919933
0.20783288820850723
0.8023922806299131
0.24878353434408695
0.8570284398207092
0.30075935443924584
0.08358531127600302
0.4661369638329331
0.11944029074496292
0.388960746115879
0.19456500963230744
0.343285025426194
0.2713971084943644
0.38108562185903677
0.310666847912749
0.45511178987335393
0.32944802763458514
0.5417381566986188
0.3004225680644747
0.6173393495643044
0.20993142940471884
0.6378146726320942
0.12626981064381246
0.6047391507533568
0.07334103142772881
0.5338630324417766
0.578725503942592
0.42203626799461647
0.5992140636391404
0.33383487631798325
0.7050716220713077
0.3275347769125095
0.7870258608575018
0.37163547275082615
0.8536136798712844
0.4582618395760909
0.8843465194161072
0.5212628336308289
0.8245882203011741
0.5968640264965146
0.7204380418437192
0.6330895980779888
0.6197026233356889
0.6204893992670413
0.5889697837908663
0.5275629330363026
0.2628602086208025
0.5401631318472503
0.6658018826529232
0.5322880075904081
0.4523224731480525
0.5818487895801352
0.3738399069771069
0.7512164619306226
0.3857915668000936
0.7197159649032537
0.43359820609204003
0.7165659152005167
0.4814048453839866
0.7228660146059905
0.5172598248529465
0.7354662134169382
0.49677126515639797
0.7795669092552548
0.474575325485137
0.8173675056880976
0.43701296604146483
0.8378428287558876
0.4045727465219296
0.8142174559853607
0.3840841868253812
0.7779918844038863