0.10764060241620471
0.46739684766318823
0.11185792629415826
0.5507160314064778
0.12450989792801884
0.6340352151497671
0.13294454568392594
0.7191656854961718
0.18776975609732188
0.7771268567958514
0.2615729239615087
0.8242203084768411
0.3374847537646724
0.8713137601578309
0.4197225693847664
0.9093507788232457
0.5061777088828139
0.9347087912668555
0.6010674961367685
0.9238410716481654
0.6811966498178856
0.8858040529827507
0.7655431273769564
0.8513896075235659
0.8519982668750037
0.8187864486674961
0.9173667869832836
0.7789381433989663
0.9574313638238422
0.7064866792743667
0.9869526309695168
0.6340352151497671
1.003821926481331
0.5561498912158226
0.18566109415834509
0.2880794739548043
0.23837764263276434
0.3243052060171041
0.28476820529025315
0.3695873710949788
0.3290501060087653
0.41849210937908354
0.3606800350934169
0.47283070747253325
0.586306862563931
0.4873210002974531
0.6474580587942572
0.43117111560088844
0.7128265789025371
0.3768325175074388
0.7866297467667239
0.333361639032679
0.8688675623868178
0.3206826328108741
0.20674771354811278
0.5008348964378814
0.24681229038867136
0.4990236098347664
0.28476820529025315
0.5026461830409964
0.3206154582528583
0.5117026160565712
0.35435404927648656
0.5316267686908361
0.35435404927648656
0.5380370251846728
0.3206154582528583
0.5181128725504078
0.28476820529025315
0.509056439534833
0.24681229038867136
0.505433866328603
0.20674771354811278
0.507245152931718
0.6432407349163038
0.5461170615157561
0.6854139736958392
0.5334380552939512
0.7423478460482118
0.5298154820877211
0.7929557325836543
0.5388719151032961
0.8351289713631896
0.5406832017064112
0.8351289713631896
0.5470934582002478
0.7929557325836543
0.5452821715971328
0.7423478460482118
0.5362257385815578
0.6854139736958392
0.5398483117877878
0.6432407349163038
0.5525273180095928
0.28265954335127647
0.5123719430591287
0.7398174517214398
0.5409902713883454
0.5054045328385224
0.6098007664271522
0.32483278213081174
0.7028641060681368
0.38176665448318453
0.6322239285466522
0.5061777088828139
0.6032433428968124
0.6095021438926753
0.6521480811809172
0.6748706640009553
0.7481462711460115
0.6706533401230017
0.8459557477142209
0.603176158075745
0.9256523582512804
0.47454777979816226
0.9437652242824305
0.37333200672727745
0.8984830592045556
0.3185067963138815
0.8079187290488061