0.10407969470280694
0.516502226971906
0.11083385244827976
0.6045141016718774
0.12603070737559358
0.6878110545129218
0.17162127215753514
0.7443901168200463
0.23578577073952697
0.7946826166486013
0.3033273481942552
0.8465467570967988
0.3691803862126153
0.892124335066427
0.44347612141281634
0.9282720693182009
0.5295916326675948
0.9329869911771279
0.6123300650496369
0.9062691006432082
0.6900028791225744
0.8716930070110763
0.7659871537591437
0.8308303509003754
0.8335287312138719
0.7852527729307474
0.8960046903594956
0.7381035543414769
0.9382181762687007
0.6642364452182866
0.9584806495051192
0.5793678517575999
0.9719889649960648
0.49449925829691305
0.08888283977549305
0.3200471495166125
0.12603070737559358
0.28232777464519615
0.16824419328479873
0.24932332163270685
0.21721183693947674
0.22574871233807162
0.27462217777599573
0.21631886862021754
0.5498541059040133
0.18017113436844354
0.6157071439223734
0.1723129312702318
0.6815601819407334
0.17388457188987416
0.7423476016499888
0.2006024624237941
0.7963808636137715
0.23203527481664105
0.1851295876484808
0.4552082428058544
0.20876913975763572
0.3891993367808758
0.2628024017214183
0.340478477571963
0.32358982143067366
0.3813411336826641
0.3455408341034604
0.448921680327285
0.3674918467762471
0.5227887894504754
0.34722937353982863
0.5919409767147387
0.27462217777599573
0.6186588672486585
0.21214621863037214
0.5793678517575999
0.1851295876484808
0.5117873051129789
0.603887367867796
0.412773946075511
0.629215459413319
0.33733519633267833
0.718708049540834
0.33419191509339363
0.8031350213592443
0.3719112899648099
0.8554797438866587
0.4426351178487155
0.8656109805048678
0.5133589457326213
0.8233974945956627
0.5762245705183151
0.7339049044681478
0.6123723047700891
0.6545435509588421
0.5683663674201034
0.6123300650496369
0.49292761767727067
0.30670442706699164
0.5102156644933364
0.7457246805227252
0.49135597705762835
0.4884475550680895
0.5550998288006873
0.39113139888540194
0.715397713056033
0.4282792664855025
0.7138260724363906
0.4671156735219712
0.7091111505774635
0.5025750016857036
0.7185409942953176
0.531280172103963
0.7091111505774635
0.531280172103963
0.7129573044271994
0.5025750016857036
0.7223871481450534
0.4671156735219712
0.7129573044271994
0.4282792664855025
0.7176722262861265
0.39113139888540194
0.7192438669057688