0.11925097009697497
0.5320654396650281
0.13963614167361857
0.6195166209716736
0.14904468240130028
0.7113403613436514
0.17413412434178474
0.7944189835849648
0.24469817979939723
0.8570923301880607
0.3215345957421309
0.9124780783489364
0.406211462291266
0.9518311099369269
0.5002968695680826
0.9722363855751441
0.5928141867236191
0.9678638265098118
0.6727867829089133
0.9372559130524858
0.7543274692154878
0.8993604011529396
0.8295957950369411
0.8425171333036199
0.8923193998881523
0.7871313851427443
0.9424982837691213
0.7215429991627601
0.958179184981924
0.6326342981676705
0.9534749146180831
0.5408105577956925
0.9393621035265606
0.4577319355543793
0.08318489730752854
0.35424803767484875
0.12081906021825523
0.32364012421752275
0.1600213132502622
0.2988622895139732
0.20863210700995086
0.28137205325264414
0.25724290076963946
0.2901171713833086
0.5285224917511276
0.2405615019762095
0.5975184570874599
0.217241186961104
0.6790591433940344
0.22598630509176856
0.7590317395793287
0.24201902166465358
0.8045063530964567
0.2667968563682031
0.16786176385666363
0.4970849671423699
0.19295120579714803
0.4416992189814943
0.24626626992067754
0.40817626614728014
0.30585369452932815
0.4344116205392738
0.3293750463485323
0.46064697493126755
0.3591687586528576
0.5320654396650281
0.34505594756133506
0.5903662272027917
0.28076425258884363
0.6151440619063413
0.22117682798019309
0.5889087075143477
0.1819745749481861
0.5364379987303604
0.5551800238128924
0.40817626614728014
0.5614523842980136
0.358620596740181
0.6414249804833078
0.34550291954418416
0.7182613964260413
0.36736571487084557
0.7747126407921315
0.41546386458950063
0.7982339926113355
0.4795947308810407
0.7574636494580482
0.5393530381072486
0.682195323636595
0.5699609515645745
0.6022227274513008
0.5597583137454658
0.5630204744192938
0.500000006519258
0.2933089735590859
0.5218628018459194
0.625744079270505
0.48979736870014934
0.4694054941788611
0.579191909591387
0.4218923635040687
0.7638110701276387
0.44384562520199267
0.749235873243198
0.4752074276275982
0.7463208338663098
0.5097054102957643
0.7550659519969742
0.5300905818724079
0.7608960307507505
0.5426353028426502
0.7813013063889679
0.5159777707808855
0.7944189835849648
0.48304787823399964
0.8017065820271853
0.451686075808394
0.7944189835849648
0.423460453625349
0.7798437867005239