0.041918611012103126
0.6069125436620568
0.054683751858376095
0.6891529482520015
0.08933199129825989
0.7533004638321582
0.15315769552962472
0.7927758580353316
0.22245417440939225
0.8355408684221027
0.2917506532891598
0.878305878808874
0.36469431526786245
0.9112020406448518
0.44493234344443544
0.9457430105726286
0.5324647378188786
0.9605462833988185
0.6218207237427894
0.9621910914906174
0.7002351603698947
0.937518970113634
0.7731788223485974
0.8963987678186618
0.8278865688326243
0.8388304846057005
0.8661819913714432
0.7730381609337449
0.8935358646134568
0.7006666048945936
0.9008302308113271
0.6184262003046491
0.8953594561629243
0.5345409876229057
0.09662635749613016
0.5312513714393079
0.147686920881222
0.4407869263903688
0.22610135750832738
0.3667705622594186
0.31363375188277054
0.3092022790464574
0.41940206175188943
0.2976886224038652
0.7148238927656353
0.2993334304956641
0.7822967800959352
0.2993334304956641
0.8424753012283649
0.3174263195054519
0.8953594561629243
0.3536120975250275
0.9318312871522757
0.3897978755446032
0.21515980821152197
0.595431350337066
0.24433727300300304
0.5608903804092892
0.28627987864075705
0.5362182590323058
0.3409876251247841
0.5279942185733114
0.39022459696040834
0.5395078752159036
0.39022459696040834
0.544409836173699
0.3409876251247841
0.5328961795311068
0.28627987864075705
0.5411202199901012
0.24433727300300304
0.5657923413670846
0.21515980821152197
0.6003333112948613
0.7020587519193623
0.5345734509405069
0.7239418505129731
0.49838767292093133
0.7695316392496623
0.49180844055373574
0.8078270617884812
0.518125370022518
0.8333573434810271
0.5378630671241047
0.8333573434810271
0.5427650280819001
0.8078270617884812
0.5230273309803134
0.7695316392496623
0.4967104015115311
0.7239418505129731
0.5032896338787267
0.7020587519193623
0.5394754118983023
0.2953978363880949
0.5544593971924728
0.767343329390301
0.5186025807912571
0.5492417800739802
0.599965754398909
0.5105816392252678
0.7105679167629884
0.5452298786651516
0.7335952300481728
0.5871724843029056
0.7418192705071672
0.6254679068417245
0.730305613864575
0.6564689631826731
0.7056334924875917
0.6564689631826731
0.710535453445387
0.6254679068417245
0.7352075748223704
0.5871724843029056
0.7467212314649626
0.5452298786651516
0.7384971910059682
0.5105816392252678
0.7154698777207837