0.13465270002570243
0.4418984174815077
0.12989271334906302
0.5156782142676319
0.14655266671730088
0.5968359907323687
0.13941268670234183
0.6816827570364116
0.191772540145375
0.7425510893849641
0.26317234029496567
0.7997304318942104
0.33695213378287603
0.8495317947248443
0.4250118873007046
0.8864216931179063
0.529731594186771
0.8882661880375596
0.629691314396198
0.8642877540820691
0.7201310612523462
0.8310868455283132
0.7939108547402564
0.7886634623762918
0.858170674874888
0.7370176046260047
0.9176705083328803
0.6798382621167585
0.9509904150693559
0.6060584653306341
0.9509904150693559
0.5138337193479788
0.9414704417160773
0.44374291240116087
0.08467283992098897
0.2629824102751564
0.10847277330418585
0.2463819559982784
0.16083262674721902
0.24269296615897226
0.21081248685193252
0.2445374610786253
0.2417524002500885
0.2629824102751564
0.5582915142466072
0.23715948140001286
0.6035113876746813
0.2279370068017474
0.6558712411177146
0.22609251188209423
0.705851101222428
0.22424801696244115
0.7486909813121824
0.23162599664105354
0.1156127533191449
0.447431902240467
0.15369264673225996
0.3791855902133021
0.2322324268968097
0.34598468165954616
0.3226721737529579
0.35520715625781174
0.3583720738277533
0.4142309936867111
0.36551205384271235
0.4621878615976919
0.33695213378287603
0.534123163464163
0.26079234695664594
0.5654795770982658
0.17273259343881747
0.5507236177410411
0.11799274665746455
0.49354427523179467
0.567811487599886
0.34045119690058684
0.5963714076597222
0.31462826802544336
0.6701512011476326
0.3017168035878716
0.7605909480037808
0.3441401867398931
0.8319907481533714
0.4050085190884456
0.8534106881982487
0.4455874073208139
0.8058108214318548
0.5193672041069383
0.705851101222428
0.5544126075803472
0.5939914143214026
0.5230561939462444
0.5559115209082874
0.45296538699942634
0.26079234695664594
0.4584988717583856
0.6558712411177146
0.42160897336532355
0.39645196724086823
0.5728575567768782
0.36075206716607294
0.655859828161268
0.38693199388758953
0.6613933129202274
0.4559518006988606
0.6577043230809213
0.5273516008484512
0.654015333241615
0.567811487599886
0.6779937671971055
0.5582915142466072
0.6982832113132896
0.5225916141718119
0.7407065944653111
0.4702317607287787
0.7646850284208013
0.41549191394742574
0.7499290690635766
0.3845520005492699
0.7093501808312083