0.11617043720839476
0.5123631133054141
0.10534357947533134
0.6150719540290931
0.13241072380799
0.7139767636148582
0.17752263102908777
0.7957634330800101
0.2497016825828443
0.8452158378728926
0.3272941630031326
0.8927662270968181
0.41571350115648426
0.9327085540449156
0.5203731259094312
0.9479246785965717
0.6286417032400659
0.9555327408723997
0.731496851704169
0.9460226630276147
0.8072848558356134
0.890864211527861
0.8686370496563064
0.8185876199074944
0.9317937197658434
0.7368009504423425
0.9859280084311606
0.6588183121151047
0.9624698166761898
0.5713255959430817
0.9083355280108724
0.4952449731848009
0.8902907651224332
0.4210663659954771
0.21000320422827823
0.31074946299596995
0.23526587227209303
0.23657085580664614
0.2948135898039421
0.1871184510137636
0.3742105465130743
0.17190232646210743
0.43917169291145514
0.20804062227229086
0.648490942417349
0.18141240430689257
0.670144657883476
0.14147007735879513
0.7224744702599494
0.12054790610026796
0.7784132352141108
0.14147007735879513
0.8054803795467694
0.18902046658272062
0.27496435062665914
0.549352714471058
0.3074449238258495
0.5835889947122844
0.35977473620232303
0.5930990725570695
0.40488664342342084
0.5588627923158431
0.43736721662261124
0.5284305432125308
0.43736721662261124
0.5351873001328983
0.40488664342342084
0.5656195492362106
0.35977473620232303
0.599855829477437
0.3074449238258495
0.5903457516326519
0.27496435062665914
0.5561094713914255
0.7080386599491981
0.4466438737473789
0.7441281857260764
0.4637620138679921
0.7802177115029547
0.47897813841964837
0.8163072372798328
0.45805596716112107
0.8397654290348038
0.444741858178422
0.8397654290348038
0.45149861509878947
0.8163072372798328
0.46481272408148855
0.7802177115029547
0.48573489534001585
0.7441281857260764
0.4705187707883596
0.7080386599491981
0.4534006306677464
0.3568875741401728
0.5660452019139409
0.7776914446985731
0.46181474873509615
0.6121006705923301
0.5880300988068974
0.6665357053057881
0.7234868414596434
0.6827759919053834
0.6987606390632021
0.6917983733496028
0.6930545923563309
0.7152565651045738
0.6930545923563309
0.733301327993013
0.7158787791838153
0.7387147568595446
0.7348989348733854
0.7296923754153251
0.7615271528387837
0.7116476125268859
0.786253355235225
0.6827759919053834
0.7881553708041821
0.6647312290169443
0.7672331995456548