0.14811082593438774
0.38785491215792905
0.16802636522462563
0.4952614733776608
0.16802636522462563
0.6074065593570864
0.17068177046332403
0.7132336123235868
0.22378987523729177
0.7906295167319229
0.2968135193014974
0.8443327973417888
0.3751479738430998
0.8790819789128785
0.4614486441007973
0.9122516522307369
0.5477493143584949
0.9470008338018264
0.6367053898548909
0.931205751269513
0.72035065487389
0.8901385366854979
0.8013405146541909
0.8411737808353261
0.865070240382952
0.7685164011866841
0.9248168582536659
0.6895409885251167
0.9765972604082843
0.6089860676103178
0.9965127996985224
0.5031590146438175
0.9991682049372206
0.3973319616773171
0.1348337997408958
0.030886046927644302
0.21051284904379983
0.09406637705689824
0.2795533852499578
0.16198523194584621
0.34593851621741756
0.23622211984771962
0.3963912157526868
0.2994024499769736
0.5424385038810982
0.2851868756978914
0.63803309247424
0.23622211984771962
0.7309722758286835
0.16198523194584621
0.8146175408476827
0.07985080277781614
0.8889688875312376
-0.0054426428966767035
0.2291006857146885
0.44198637271596003
0.246360819766228
0.3503748940285418
0.2981412219208465
0.2856150556460566
0.35788783979156025
0.32984128673653434
0.38045878432049657
0.4024986663851763
0.38045878432049657
0.4068090111967052
0.35788783979156025
0.33415163154806327
0.2981412219208465
0.2899254004575855
0.246360819766228
0.3546852388400707
0.2291006857146885
0.44629671752748895
0.6207729584227005
0.3867035838528628
0.644671605570986
0.29193308865898193
0.713712141777144
0.2745584978734371
0.7787695701252545
0.3472158775220791
0.8132898382283335
0.41829374891748977
0.8132898382283335
0.4226040937290187
0.7787695701252545
0.35152622233360803
0.713712141777144
0.27886884268496603
0.644671605570986
0.29624343347051085
0.6207729584227005
0.3910139286643917
0.30238987030276393
0.3642184275082181
0.7142432228248838
0.3458961317707347
0.5147337758906784
0.4593387615782666
0.40834053932682957
0.6137245923700119
0.43887769957186107
0.5521237704939893
0.5251783698295586
0.5410672127213699
0.6114790400872562
0.5347491797084445
0.644671605570986
0.5995090180909298
0.623428363661399
0.695859021538042
0.5942189060357166
0.7906295167319229
0.5318168829263046
0.8553893551144083
0.4680871571975433
0.7937885332383857
0.4295837812364167
0.7021770545509674