0.07440991686332242
0.4426645295423092
0.06598743426081033
0.5388401777156635
0.06809305491143833
0.6424139526715835
0.09125488206834655
0.738589600844938
0.13757853638216294
0.8162699320618779
0.20495839720225953
0.8791540097136865
0.2807607406248682
0.9364894922785709
0.3649855666499889
0.9827277846696066
0.46816097853076183
1.0049221650173037
0.5755476317127908
0.9808782529739651
0.6681949403404237
0.9364894922785709
0.7545253870161724
0.8810035414093279
0.828222109788153
0.8218185271488022
0.8913907293069935
0.7478372593231452
0.9292919010182978
0.6627588013236394
0.94824248687395
0.566583153150285
0.954559348825834
0.46300937819436494
0.13392542624224943
0.26091441259652715
0.1949637835580848
0.2969634667370291
0.26684072768701245
0.31386146086538946
0.34099947956606474
0.30484919733026394
0.40888326013227416
0.29189406849852095
0.6330708715820247
0.293583867911357
0.6895456133976108
0.3290696555809137
0.7625634614016006
0.3363921197032032
0.8372926652181842
0.3324492544065858
0.8943378589713014
0.30991859556877205
0.13807498453648503
0.4334792074733245
0.18220564073415552
0.3874389117232674
0.24238380827643335
0.3629977670658296
0.31001260608585046
0.3681133554825027
0.34440013039572354
0.4090380628158868
0.3317913714821033
0.4658779341122537
0.2951113455515721
0.5147602234271292
0.23436005260412962
0.54431695650124
0.17074313263086452
0.532380583529003
0.14208686237263696
0.4874770852048731
0.6338284600038218
0.4448471817325979
0.6735729591467379
0.3960983656234097
0.7346113164625734
0.3775105720822134
0.7914379464240734
0.3976700885566134
0.8447386091043766
0.43973159331592493
0.839007355052731
0.4965714646122918
0.7925841972344025
0.537496171945676
0.7255285248301501
0.554548133334586
0.6578997270207328
0.5465905513530948
0.6275240805470118
0.4977082620382191
0.21519252617614051
0.4591066773746175
0.6894088891428916
0.4781268330641877
0.48153322318486363
0.6512102498392766
0.4295643066953567
0.7957634330800101
0.4598795079809025
0.786253355235225
0.5053523099092211
0.786253355235225
0.5486597403171435
0.7881553708041821
0.5876364276842737
0.7900573863731392
0.5876364276842737
0.7900573863731392
0.5486597403171435
0.7881553708041821
0.5053523099092211
0.786253355235225
0.4598795079809025
0.786253355235225
0.4295643066953567
0.7957634330800101