0.016593919820244753
0.5912435608915985
0.04303381625340869
0.6852520786536238
0.06791842466109242
0.7792605964156489
0.11613235345097961
0.8497669847371678
0.2047837709033529
0.8953887654157977
0.285658748228325
0.9465404589039584
0.3851971818590599
0.9700425883444648
0.49562263166815634
0.9755725011539956
0.6076033695027332
0.9811024139635266
0.7102523791844285
0.9658951537373166
0.7802403403310388
0.9147434602491558
0.8766681979108134
0.8843289397967359
0.9357691428790622
0.8207349424871306
0.9839830716689494
0.7433161631536981
0.9777619195670284
0.6437777325821419
0.9295479907771413
0.5663589532487094
0.9124398224968587
0.47649787009383243
0.22344722720911564
0.45299574065332615
0.23588953141295751
0.3880192651413381
0.2778823081009238
0.33548509345079464
0.332317388992732
0.2995406601888438
0.39608419803742145
0.27742100895072025
0.6013822174008121
0.238711619284004
0.6775913306493435
0.24838896670068303
0.7491345798214343
0.2732735743435721
0.8082355247896831
0.3161303986174365
0.8377859972738075
0.3576047446889182
0.2669952919225622
0.5776584827496359
0.2965457644066866
0.5389490930829197
0.3183197967634099
0.497474747011438
0.37119958962973776
0.4850324431899935
0.41319236631770406
0.4919448342019071
0.41319236631770406
0.4944700867248078
0.37119958962973776
0.4875576957128942
0.3183197967634099
0.4999999995343387
0.2965457644066866
0.5414743456058204
0.2669952919225622
0.5801837352725366
0.6729254665729029
0.46291279195186996
0.6978100749805866
0.4352632279042155
0.7506898678469146
0.4421756189161291
0.7849062044074796
0.46982518296378356
0.8222331170190053
0.4864149213923763
0.8222331170190053
0.488940173915277
0.7849062044074796
0.47235043548668426
0.7506898678469146
0.4447008714390298
0.6978100749805866
0.4377884804271162
0.6729254665729029
0.46543804447477066
0.33325056180802015
0.5194745463086292
0.7457129461653779
0.46058097488712524
0.6184903856810947
0.6479251671892902
0.3867524698845401
0.7585234233799081
0.4894014795662354
0.7336388157370191
0.6029375054262924
0.7046067734869819
0.7164735312863494
0.6755747312369446
0.8253436930699657
0.6824871222488582
0.8004590846622819
0.7474635977608463
0.7320264115411517
0.8262648552966616
0.6309326898849367
0.8677392013681432
0.5142860879739192
0.8566793757490814
0.41319236631770406
0.8179699860823652