0.04338361572671611
0.5107615970149143
0.05733382431728557
0.6040287065724729
0.06929114596634513
0.6972958161300317
0.1031702239720139
0.7762141396018121
0.17491415386637119
0.8336092839449251
0.2506438576437484
0.8802428387237043
0.3363379961286752
0.9214955987203167
0.4339894562626616
0.9519867691525956
0.5396124641626877
0.9519867691525956
0.6472283590042237
0.9466059743704287
0.7428869321967002
0.9268763935024836
0.8226024098570972
0.8892108300273157
0.8943463397514545
0.8336092839449251
0.9361969655231629
0.7600717552553115
0.9302183046986331
0.6703918422191973
0.8843819050439049
0.5932671170081394
0.8803961311608851
0.5143487935363589
0.21676477963807972
0.4623344439754128
0.24865097070223843
0.41749448745735573
0.30245891812300646
0.38879691528579924
0.3622455263683042
0.3780353257214655
0.41605347378907226
0.3780353257214655
0.7189722888985809
0.3870033170250769
0.7588300277287796
0.39238411180724375
0.8046664273835078
0.40852649615374426
0.8385455053891766
0.44260486310746766
0.8604672617457857
0.47130243527902416
0.3104304658890462
0.5000000074505806
0.3542739786022645
0.4695088370183019
0.40210326519850276
0.4533664526718013
0.4559112126192708
0.4695088370183019
0.4798258559173899
0.508967998754192
0.4818187428588998
0.5573951517936936
0.4559112126192708
0.5950607152688615
0.39811749131548296
0.5878863222259725
0.3463024308362248
0.5717439378794719
0.30445180506451636
0.5412527674471932
0.6671572284193229
0.4964128109291361
0.6950576456004619
0.4659216404968573
0.74487981913821
0.464128042236135
0.7887233318514284
0.48385762310408015
0.824595296798607
0.5143487935363589
0.824595296798607
0.5538079552722491
0.7887233318514284
0.5860927239652501
0.74487981913821
0.6004415100510284
0.6930647586589519
0.5753311344009164
0.6691501153608329
0.5466335622293601
0.4379752301456814
0.5304911778828595
0.7269438366646207
0.5430463657079154
0.6133492809985549
0.6775662352620866
0.3502882047192447
0.7896937203766249
0.4479396648532311
0.7645833447265129
0.5635271074608068
0.7699641395086798
0.6771216631268725
0.7645833447265129
0.7787588971438788
0.759202549944346
0.7787588971438788
0.7654525500374783
0.6771216631268725
0.7708333448196452
0.5635271074608068
0.7762141396018121
0.4479396648532311
0.7708333448196452
0.3502882047192447
0.7959437204697571