0.0804925975352779
0.426319114498109
0.06690832747360026
0.515729601248659
0.045561617376678167
0.6018285884899293
0.053324057411922574
0.6879275757311997
0.10572052764982223
0.7525018161621524
0.16587943792296625
0.8203875561023847
0.2221571281784881
0.8849617965333375
0.2900784784868765
0.9362900389271717
0.38128714890099813
0.961126285246769
0.4841394793679864
0.9495360369642903
0.575348149782108
0.9197325413807736
0.6607349901697962
0.8866175462879773
0.7403000005310514
0.8402565531580625
0.8179244008834953
0.7955513097827875
0.8683802611125838
0.7276655698425551
0.9033112412711836
0.6432223323559246
0.9130142913152391
0.5554675953600146
0.1445327278260442
0.27399013707124614
0.18722614801988832
0.2690228878073267
0.2357413982401658
0.2607441390341277
0.2823160384516321
0.2458423912423693
0.319187628619043
0.23921939222381006
0.5714669297644858
0.24749814099700915
0.633566450046441
0.2955148838815637
0.7073096303812627
0.346843126275398
0.7926964707689509
0.3816138711228341
0.8722614811302061
0.41804036572491
0.1328890677731776
0.4031386179331517
0.181404317993455
0.36505637357643594
0.2357413982401658
0.3352528779929193
0.2939596985044987
0.3617448740671563
0.3153064086014208
0.4064501174424313
0.3172470186102319
0.46440135885482475
0.2784348184340099
0.4975163539476211
0.21051346812562155
0.4958606041929812
0.15617638787891075
0.47433585738266365
0.10377991764101113
0.4428766120445072
0.5442983896411303
0.4246633647434692
0.59669485987903
0.38492537063211374
0.6723786502226629
0.4047943676877914
0.7344781705046179
0.4412208622898674
0.7888152507513289
0.49089335492906183
0.7946370807777621
0.5355985983043366
0.7247751204605625
0.5471888465868154
0.6452101100993075
0.5521560958507349
0.5714669297644858
0.5322870987950572
0.5423577796323193
0.47599160713730354
0.25320688831946564
0.4362536130259479
0.6277446200200075
0.47599160713730354
0.42139308908309414
0.544098113711488
0.2784348184340099
0.6895833254858394
0.3288906786630985
0.6862718259765598
0.38516836891862033
0.6912390752404793
0.44144605917414215
0.7011735737683182
0.4957831394208529
0.7160753215600765
0.4724958193151198
0.745878817143593
0.42786178911246453
0.7756823127271099
0.37158409885694266
0.7806495619910292
0.3172470186102319
0.7657478141992708
0.2823160384516321
0.7342885688611144