0.07683079133414665
0.4479626697153017
0.09259526038678076
0.5369297437427387
0.11011133711192977
0.6208609456554154
0.12062098314701919
0.7098280196828524
0.18367885935755557
0.7601867408304583
0.25199155858563665
0.8071882139015573
0.3220558654862326
0.8592255590874166
0.39737499540437327
0.904548408120262
0.4814521636850885
0.9263705206175579
0.5707841549833483
0.9112629042732762
0.6513581079190338
0.8743331754316984
0.7284288455096892
0.8273317023605995
0.7897351140477108
0.7719371090982331
0.8492897749132173
0.711506643721106
0.8965831820711196
0.6410044341144577
0.9316153355214176
0.5621091043165417
0.942124981556507
0.47817790240386526
0.14514349056222772
0.1810614476329904
0.18543046703007046
0.23645604089535688
0.24323352022306213
0.2884933860812163
0.3010365734160538
0.3354948591523152
0.35358480359150085
0.37242458799389283
0.4832037713576034
0.3422093553053293
0.5655293319658036
0.3690673399173858
0.647854892574004
0.30695825050200515
0.7406900992172936
0.24149191301011746
0.8125060137904045
0.18441869570949745
0.14339188288971283
0.411032940873724
0.18017564401252575
0.3422093553053293
0.26074959694821115
0.3153513706932728
0.33957194221138165
0.3506024754965969
0.3798589186792243
0.42110468510324517
0.3903685647143137
0.5016786389394148
0.3605912342815604
0.5637877283547953
0.26600441996575586
0.5805739687373306
0.18718207470258535
0.5520373600870205
0.14514349056222772
0.4848923985568794
0.5392552168780802
0.3875322043381746
0.6180775621412506
0.33213761107580814
0.7091611611120253
0.29520788223423045
0.80374797542783
0.325423114922794
0.854544597930762
0.4026398206824564
0.8668058516383663
0.4848923985568794
0.8107544061178896
0.5553946081635276
0.7126643764570552
0.5788953446990771
0.6093195237786762
0.5637877283547953
0.5620261166207738
0.4848923985568794
0.350081588246471
0.49160689470989355
0.6355936388663996
0.49160689470989355
0.4957569596772935
0.5465538548953923
0.27125924298330056
0.6829700350707959
0.37285248798916465
0.60407470527288
0.5059746711002971
0.6091105773876406
0.6496065002465189
0.6023960812346265
0.7494481375798681
0.6661837946882607
0.7599577836149575
0.7887233494807684
0.6496065002465189
0.8776904235082055
0.5164843171353866
0.9246918965793044
0.385113741696769
0.8927980398524873
0.27301085065581543
0.8139027100545713