0.058247815526886605
0.48932830142713535
0.06575320118236931
0.5845528881390085
0.052618776285274595
0.6797774748508815
0.06950589401011066
0.7717184551244141
0.12954897925397224
0.8242561581378612
0.20085014298105794
0.875152057932138
0.28528573160523835
0.9129135319730532
0.3772267058849014
0.939182383479777
0.4935601835448833
0.9375405802606066
0.5986355827216411
0.924406154507245
0.6962055962429161
0.8997791062196915
0.7825175312809672
0.8620176321787762
0.8594477342496649
0.8094799291653291
0.9213671659073972
0.7503750132752011
0.9607704405986814
0.6699266555358601
0.9739048654957763
0.5730602656048169
0.9682758262541641
0.48604469498879493
0.12391994001236027
0.37111846964687933
0.14831244339267904
0.3267897827292832
0.20085014298105794
0.310371750537581
0.2515114961555661
0.32843158594845345
0.2796566923636263
0.3530586342360068
0.5498505759610036
0.3415660117018153
0.581748464996805
0.3087299473184108
0.639915203826796
0.30216273444172986
0.6905765570013042
0.325147979510113
0.726227138864847
0.3497750277976664
0.17645763960073918
0.4881476219516211
0.20460283580879926
0.4635205736640677
0.24588245691395416
0.4553115575682165
0.28340938519136766
0.4651623768832379
0.3134309278132985
0.4799386058557699
0.3134309278132985
0.48440289176962475
0.28340938519136766
0.46962666279709275
0.24588245691395416
0.45977584348207134
0.20460283580879926
0.4679848595779225
0.17645763960073918
0.49261190786547593
0.5573559616164862
0.4668041801024081
0.6023882755493825
0.4372517221573441
0.6586786679655027
0.4290427060614929
0.7074636747261402
0.4487443446915357
0.7468669494174245
0.4700877865407485
0.7468669494174245
0.47455207245460335
0.7074636747261402
0.4532086306053905
0.6586786679655027
0.43350699197534776
0.6023882755493825
0.44171600807119893
0.5573559616164862
0.47126846601626293
0.24475664906563177
0.4726482901415101
0.6545507058549872
0.45261829086763317
0.4053719020929615
0.6535086233441578
0.217737260705894
0.6896282941659028
0.33407073836587586
0.6978373102617539
0.45228056243972836
0.7011209167000944
0.5686140400997103
0.6945537038234135
0.6849475177596922
0.6732102619742005
0.6755657856903388
0.7487332100560309
0.5742430793413222
0.8012709130694781
0.4597859480952111
0.81604714204201
0.34157612402135856
0.8045545195078184
0.24025341767234212
0.7618676358093927