0.06147289719580617
0.5795298750197749
0.08428378772631982
0.6590597379323564
0.11279740088946182
0.7422886642362208
0.158419181950489
0.8107213369749536
0.22114913090940144
0.8606586927572722
0.29908634022198965
0.8957997949744594
0.3884289947998346
0.9142951119308736
0.47587074183347017
0.9346399605829294
0.5690152114997341
0.9438876190611365
0.6450515132681127
0.906896985148308
0.7096823697712348
0.8606586927572722
0.7629077810090998
0.7977746151054637
0.8142322847027553
0.7330410057580137
0.8598540657637826
0.6646083330192807
0.840844990321688
0.5832289384110577
0.8275386375122216
0.49445141702026923
0.8294395450564311
0.4056738956294806
0.276275449691476
0.19482728232635768
0.31049178548724643
0.174482433674302
0.3542126590040642
0.16708430689173626
0.3960326249766725
0.16708430689173626
0.4283480532282335
0.18003102876122623
0.69067329432914
0.15043852163096338
0.7153850924038632
0.1337927363701905
0.751502335743843
0.1263946095876248
0.7895204866280323
0.13194320467454912
0.8104304696143365
0.1467394582396805
0.2251462629640355
0.4754663562991579
0.26900402913865507
0.4008110029546761
0.3325731508973732
0.3428433168283725
0.4173319799089975
0.3327428866700014
0.4427103502235245
0.4126680296623291
0.44566705356113934
0.5026936028130279
0.4345794160450838
0.5874493863158808
0.36928555067275703
0.6304860017732881
0.29044012833636235
0.5975498164742519
0.2266246146328429
0.5351906389747434
0.6834144747659393
0.43160096721747226
0.7038116910009969
0.3633364337237977
0.7453758297441329
0.29799752309413774
0.8119554223604526
0.2828818049633955
0.8327374917320206
0.35163394226773914
0.8173433662715999
0.43208857102814135
0.8104160098144106
0.5057167464391761
0.7855929825094822
0.5783697142288726
0.7215149352804806
0.552039108452741
0.6882251389723208
0.48621259401241196
0.38584626343727074
0.48953892647792985
0.7474933843055441
0.44198853725400433
0.5863033923325328
0.5532764005747499
0.6365624984188417
0.7477447827383639
0.6417012888543292
0.7412693200630557
0.651611813265626
0.7356135362074067
0.6622564505962781
0.7350397610336452
0.6701848701253157
0.7413512879450216
0.6704785152930579
0.7513513695448648
0.6657067813172481
0.7607776759709463
0.6557228456140158
0.7662695240626635
0.6452984421591702
0.7668432992364249
0.6358283854994865
0.7522530162464899