-0.0416572079512795
0.4655403302935936
-0.039581644456626416
0.5474984791546333
-0.014674882520789398
0.6331819984184475
0.03513864135088463
0.6909252396614526
0.09532998269582409
0.7486684809044577
0.17005026850333513
0.8026863517446885
0.24061942732154
0.8492534817793701
0.3298686575916226
0.8790564450015663
0.42534457834566464
0.8920952414112772
0.5249716260890127
0.8790564450015663
0.6204475468430545
0.8473907965779828
0.7013945231345248
0.8119997777516248
0.7802659359313421
0.7617072773141688
0.8383817137816284
0.7095520916753253
0.8674396027067715
0.6275939428142857
0.8881952376533024
0.5400477383490841
0.8964974916319148
0.47112838589775546
0.07042322075998708
0.22897930971741096
0.13061456210492647
0.21780319850908744
0.18250364947125364
0.22711662451602374
0.2260904828589685
0.2587822729396072
0.24684611780549923
0.3016240325715143
0.48346035619595096
0.2699583841479309
0.5436516975408904
0.23643005052296
0.6183719833484014
0.2103524577035384
0.7034700866291779
0.1973136612938275
0.7698881184580766
0.22711662451602374
0.09740554619047717
0.48334498141779136
0.11193449065304877
0.5019718334316641
0.1742013954926413
0.5094225742372132
0.23024160984827455
0.4926584074247277
0.2717528797413362
0.45726738859836974
0.2717528797413362
0.4636776450922064
0.23024160984827455
0.49906866391856436
0.1742013954926413
0.5158328307310498
0.11193449065304877
0.5083820899255007
0.09740554619047717
0.489755237911628
0.5685584594767273
0.4554047033969824
0.6100697293697892
0.49452109262611504
0.6827144516826471
0.49452109262611504
0.7512080470061988
0.4777569258136296
0.8072482613618321
0.4516793329942079
0.8072482613618321
0.45808958948804457
0.7512080470061988
0.48416718230746625
0.6827144516826471
0.5009313491199516
0.6100697293697892
0.5009313491199516
0.5685584594767273
0.46181495989081905
0.1742013954926413
0.5126277024841315
0.6827144516826471
0.49772622087303336
0.4108848193329149
0.5594560450138514
0.3485487290435004
0.7058267212725508
0.35685098302211277
0.6983759804670017
0.3713799274846843
0.6927879248628399
0.3859088719472559
0.6946506100642272
0.38383330845260294
0.6983759804670017
0.39836225291517446
0.7132774620780997
0.3900599989365621
0.7225908880850361
0.37345549097933745
0.7244535732864235
0.3589265465167659
0.7207282028836488
0.3485487290435004
0.7114147768767126