0.10592577262693154
0.522442976666602
0.12696605960264895
0.5860314000003187
0.1585264900662251
0.6514900710791448
0.192190949227373
0.7225594853932987
0.2321674944812362
0.7842776609819061
0.2889762693156732
0.8329041023547482
0.3626172737306843
0.8684388095118253
0.43836230684326705
0.902103268923793
0.5204194260485651
0.915195003139558
0.6087886313465783
0.9058437644140116
0.6866376931567328
0.8759198004922626
0.7602786975717439
0.8347743500998576
0.825503587196468
0.7880181564721248
0.8696881898454745
0.7262999808835173
0.9075607064017659
0.6571008143144726
0.939121136865342
0.5879016477454281
0.9706815673289182
0.5149619856861648
0.17535871964679905
0.20824135548823716
0.192190949227373
0.20076036450779985
0.23847958057395136
0.2045008599980185
0.2763520971302428
0.2157223464686744
0.30791252759381893
0.2362950716648769
0.6466611479028697
0.21946284195889304
0.6824296357615893
0.20263061225290918
0.7287182671081678
0.19514962127247198
0.7771109271523178
0.1970198690175812
0.817087472406181
0.20824135548823716
0.16063051876379686
0.47007603980354123
0.2027110927152318
0.40087687323449656
0.274248068432671
0.3522504318616544
0.3520971302428255
0.3784339002931848
0.37524144591611475
0.4569843055877761
0.3773454746136865
0.5355347108823673
0.36051324503311255
0.6140851161769585
0.2763520971302428
0.6309173458829422
0.19850303532008828
0.5879016477454281
0.15011037527593818
0.522442976666602
0.6151007174392935
0.42519009392091767
0.6382450331125826
0.36721241382252895
0.726614238410596
0.3728231570578568
0.8107753863134657
0.421449598430699
0.8591680463576159
0.4794272785290878
0.8570640176600441
0.5355347108823673
0.8086713576158939
0.6009933819611932
0.7245102097130243
0.6309173458829422
0.6508692052980132
0.593512390980756
0.6151007174392935
0.5243132244117114
0.299496412803532
0.5112214901959462
0.7287182671081678
0.5018702514703995
0.5010321579130697
0.5797309320662644
0.4815189024925822
0.7423416058608877
0.4875219709123364
0.7333899200627053
0.4998112713565501
0.7287483052043885
0.5114776118704119
0.7336109493416728
0.517424047569225
0.7439993254531436
0.5181036402205179
0.7550507894015168
0.5106847537772368
0.7645550483971177
0.4994714750309036
0.7705228389292395
0.4883714617264525
0.7647760776760852
0.48270818963234485
0.7540561576461632