0.09064151439815761
0.527140515523389
0.09064151439815761
0.6069654954399988
0.08883537352085112
0.6899834745532728
0.13398889545351267
0.7458609604948996
0.19539768528193233
0.7969489476415297
0.2531941933557391
0.8464404351898277
0.31460298318415875
0.8879494247464649
0.38504247739911074
0.9294584143031018
0.4663188168779015
0.9534059082780848
0.5512074381113052
0.9358444126964307
0.6360960593447089
0.9071074199264512
0.7137601170688868
0.8799669267548038
0.7896180339157581
0.8448439355914955
0.8510268237441777
0.8017384464365263
0.8835373595356941
0.7298959645115776
0.9160478953272104
0.6580534825866289
0.9359154449775815
0.5957899982516733
0.13218275457620618
0.2477530858152552
0.19900996703654528
0.2892620753718922
0.25861261598765845
0.33556056372352583
0.31460298318415875
0.38824505046848823
0.34891965985298157
0.42336804163179653
0.5530135789886116
0.4584910327951048
0.6252592140808702
0.4058065460501424
0.7137601170688868
0.35791155810017655
0.8022610200569034
0.3179990681418717
0.89076192304492
0.31480606894520735
0.1773362765088677
0.5530097219778459
0.20804067142307756
0.5673782183628356
0.26041875686496496
0.5833432143461577
0.30918456055223936
0.5673782183628356
0.3380828145891428
0.546623723584517
0.3380828145891428
0.5510880094983719
0.30918456055223936
0.5718425042766905
0.26041875686496496
0.5878075002600125
0.20804067142307756
0.5718425042766905
0.1773362765088677
0.5574740078917008
0.6342899184674023
0.5498167227811815
0.6758311586454511
0.5721677171578322
0.7209846805781126
0.5913257123378185
0.7715566251426935
0.5881327131411542
0.8130978653207421
0.5737642167561644
0.8130978653207421
0.5782285026700192
0.7715566251426935
0.5925969990550091
0.7209846805781126
0.5957899982516733
0.6758311586454511
0.576632003071687
0.6342899184674023
0.5542810086950364
0.25861261598765845
0.565778762283766
0.7231520496308802
0.5772735593917575
0.4798046687617898
0.6308617437488624
0.36517492774873966
0.7107379693315913
0.4012977452948689
0.7043519709382626
0.4590942533686757
0.7011589717415981
0.515084620565176
0.7011589717415981
0.5494012972339988
0.7298959645115776
0.5331460293382405
0.7618259564782216
0.5006354935467243
0.8017384464365263
0.4554819716140628
0.8272824400098414
0.4139407314360142
0.798545447239862
0.38323633652180433
0.7586329572815571