0.12408020695831792
0.5311084040964872
0.14919058242134306
0.6152840756891381
0.1800956599142969
0.699459747281789
0.22838484349703742
0.7799756070660636
0.2901949984829453
0.8440223137126458
0.3655261248720205
0.8897699613173473
0.4485835206343342
0.9172185498801683
0.5412987531131959
0.9428372325388011
0.6398086876219866
0.9519867620597413
0.7132082466677521
0.9190484557843562
0.7672921322804215
0.8604914668503383
0.8175128832064715
0.794614854299568
0.8754599035057603
0.7378877712697383
0.9334069238050489
0.6829905941440962
0.9411331931782873
0.5969850166472574
0.9276122217751199
0.5054897214378544
0.9140912503719526
0.41765423803682744
0.22065857412379897
0.41399442622845134
0.2573583536466818
0.3462879077734931
0.3114422392593511
0.29505054245622736
0.37325239424525897
0.2566225184682781
0.44665195329102453
0.24015336533058557
0.6784400344881789
0.2072150590552005
0.7460448915040157
0.22002440038451682
0.8194444505497813
0.23283374171383325
0.881254605535689
0.27492157751015867
0.9140912503719526
0.32249913101904826
0.2844002964530164
0.5146392509587947
0.3268947780058281
0.4414430147912723
0.3829102309618071
0.39386546128238265
0.4524466553209534
0.373736496336314
0.4775570307839785
0.432293485270332
0.47948859812728806
0.5018299096294783
0.4756254634406688
0.5933252048388814
0.4234731451713091
0.6354130406352068
0.3404157494089954
0.6116242638807621
0.27087932504984913
0.5750261457970007
0.7112766793244425
0.41399442622845134
0.7402501894740867
0.3719065904321259
0.7904709404001369
0.3407981900609289
0.8484179606994255
0.36275706091118565
0.881254605535689
0.42497386165357975
0.8889808749089276
0.4688916033540932
0.8754599035057603
0.5292784981922992
0.8271707199230198
0.5640467103718723
0.7711552669670408
0.5329383100006754
0.7402501894740867
0.47987103877922155
0.4331309818878572
0.5182990627671707
0.8175128832064715
0.463401885641529
0.6301508509054384
0.5599599205191857
0.6378771202786768
0.7104391827069174
0.6591243610550827
0.703119559090165
0.6861663038614173
0.6957999354734127
0.7170713813543714
0.6921401236650367
0.7363870547874677
0.7049494649943532
0.7325239201008483
0.7232485240362336
0.7209345160409906
0.7488672066948665
0.6977557079212752
0.7635064539283711
0.67264533245825
0.7580167362158069
0.6552612263684635
0.7360578653655501