0.04341657272414233
0.43503197992514403
0.0557605002633593
0.5233885163587183
0.07016174905911239
0.610012571685752
0.08456299785486548
0.6949041459062448
0.14216799303787794
0.7555409846351684
0.21623155827317958
0.8127128611510105
0.2861804809954089
0.8733496998799342
0.36847333125685516
0.9183942086499916
0.4692820728271269
0.9357190197153982
0.5577468868581816
0.9097318031172882
0.6379824158630918
0.8716172187733934
0.7141033023549296
0.8300376722164173
0.7881668675902312
0.7763307579136564
0.8540011477993883
0.7156939191847329
0.8992622154431839
0.6377322693904026
0.9260073917781538
0.5545731762764504
0.9321793555477624
0.46794912094941676
0.07633371282872085
0.26351635037761745
0.12159478047251635
0.2704462748037801
0.18125709691206487
0.2808411614430242
0.24503405586468577
0.2808411614430242
0.3046963723042343
0.27737619922994283
0.4980845704186332
0.24272657709912934
0.5824347419366155
0.27737619922994283
0.679128840993815
0.29816597250843085
0.7819949038206229
0.28950356697572754
0.8786890028778221
0.28430612365610547
0.11953745921598018
0.3934524333681678
0.15656924183363102
0.3414780001719477
0.22446084329932417
0.3085608591476749
0.2902951235084812
0.34494296238502903
0.3211549423565236
0.3899874711550865
0.3314415486392044
0.4644841587363354
0.29852440853462586
0.5181910730390962
0.21828887952971573
0.5251209974652589
0.14833995680748635
0.49566881865406753
0.1113081741898355
0.44715934767092874
0.5474602805755009
0.3934524333681678
0.5906640269627602
0.3328155946392443
0.6708995559676703
0.33454807574578505
0.7408484786898997
0.3709301789831391
0.8046254376425207
0.41943964996627797
0.7984534738729121
0.4644841587363354
0.7387911574333637
0.5077961863998522
0.6626702709415256
0.535515884104503
0.5824347419366155
0.5164585919325556
0.5433456380624285
0.45755423431017267
0.26560726843004734
0.4523567909905507
0.640039737119628
0.46101919652325407
0.4412339263630174
0.517729078077352
0.3067536935607705
0.6654519670950534
0.3602440462307106
0.6394647504969433
0.4301929689529399
0.6463946749231061
0.5063138554447777
0.6463946749231061
0.5700908143973986
0.6550570804558093
0.5392309955493562
0.7104964758651109
0.4939699279055608
0.7538085035286277
0.42813564769640383
0.7832606823398192
0.37053065251339135
0.7590059468482497
0.3314415486392044
0.7104964758651109