0.08188102768104986
0.4755634255090494
0.08583130074405906
0.5576004907612178
0.08188102768104986
0.6413830254868363
0.08978157380706821
0.7216746212655542
0.13323457750016882
0.7827660528363178
0.19841408303981978
0.8316391980929287
0.2616184520479661
0.873530465455738
0.33667364024514
0.9101853243981961
0.4235796476313412
0.922403610712349
0.5144359280805516
0.9119307938716466
0.5954165258722391
0.8909851601902419
0.6783722601954313
0.8648031180884861
0.7514523118611005
0.8264027896725775
0.8186069539322561
0.7810205833628675
0.8699605037513749
0.7216746212655542
0.9074880978499619
0.6501103728540882
0.9292145996965121
0.5733097160222711
0.13520971403167334
0.24516145501359804
0.16088648894123286
0.2381795771197964
0.1905135369138015
0.23992504659324684
0.21816544835486554
0.24516145501359804
0.23791681366991121
0.2556342718543003
0.6151678911872848
0.2573797413277507
0.6526954852858718
0.2521433329073996
0.6882479428529541
0.2556342718543003
0.7198501273570274
0.2643616192215522
0.7435517657350823
0.2800708444826058
0.13478440669194613
0.43885897936564106
0.1521827129208928
0.37558769444110246
0.22333732429312347
0.3635360211221427
0.27709362943640736
0.41389479891922437
0.2967224877459882
0.4745835824182717
0.2882463898395783
0.5270944447365962
0.2516653357171776
0.581326974671915
0.19077126391586427
0.6222165805755283
0.13612273794032664
0.5791748901506721
0.13076941294680464
0.5150427714176364
0.5512381520011915
0.46994068771402175
0.5843908953803996
0.399060291882934
0.6757764985513355
0.38864697968337203
0.7446393043401995
0.44864749283322924
0.7873549545475775
0.522036550239666
0.7902026645614026
0.5864999114750498
0.7353195261131352
0.6514591447199363
0.6421217438424922
0.6717898971095573
0.5605736843556796
0.6350953684063388
0.547888430657731
0.5582352069333815
0.18656326385079228
0.5069818760311563
0.5972728403422571
0.5367975061173708
0.41857825554835093
0.5883209668691726
0.3279559955072003
0.7204527926341383
0.35525078747006955
0.7092817880040557
0.38920603106024176
0.7113763513721962
0.42355306592260833
0.714867290319097
0.444318003348906
0.7316237972642208
0.43347844481819714
0.7571076515765963
0.4136276870270195
0.7808460364155217
0.3805866230719673
0.7873042734672882
0.35237765147397804
0.7693259378907492
0.3357918209510862
0.7447148183150986