0.06304530759710018
0.5201435033602035
0.07455587230219811
0.6007174571963729
0.08414800955644633
0.6796127869942888
0.1436192605327856
0.7282928841036412
0.21843793111592202
0.7752943571747402
0.2913381742482088
0.8206172062075854
0.36807527228219483
0.8642614312021772
0.4505676526687299
0.8927980398524873
0.533060033055265
0.8676186792786843
0.6097971310892509
0.8340461985136136
0.6846158016723874
0.7971164696720361
0.7555976173538246
0.7568294927539513
0.8208241506827126
0.7047921475680918
0.8783769742082023
0.6493975543057254
0.9109902408726464
0.5772167206608235
0.9225008055777443
0.4949641427864006
0.918663950676045
0.4244619331797522
0.0707190174004988
0.2213484245510751
0.0975770017123939
0.1978476880155257
0.13402712327853733
0.18945456782425804
0.17623252719722962
0.18945456782425804
0.2069273664108241
0.2028835601302863
0.4409755154144816
0.15756071109744094
0.5023651938416704
0.1458103428296662
0.571428582072258
0.14916759090617326
0.6347366879502964
0.15923933513569447
0.6846158016723874
0.1810614476329904
0.09949542916324355
0.4496412937535552
0.11484284877004079
0.39424670049118876
0.18390623700062825
0.3472452274200899
0.26064333503461434
0.37242458799389283
0.3028487389533067
0.4378909254857805
0.31819615856010386
0.5083931350924289
0.30476716640415635
0.5788953446990771
0.22803006837017029
0.6057533293111336
0.14937454288533455
0.5755380966225699
0.10141385661409322
0.5218221273984571
0.5119573310959187
0.3774604601086534
0.533060033055265
0.3153513706932728
0.6155524134417999
0.3052796264637516
0.6999632212791846
0.3354948591523152
0.769026609509772
0.39424670049118876
0.7882108840182686
0.46139166202133
0.7440870526487267
0.5134290072071894
0.6539209624587929
0.5419656158574994
0.5810207193265062
0.511750383168936
0.533060033055265
0.4479626697153017
0.2491327703295164
0.5083931350924289
0.6232261232451984
0.4529985418300623
0.43036021685311354
0.5268852100855274
0.3853411193398417
0.6812914110325423
0.4121991036517368
0.6997562754533312
0.44864922521788025
0.6980776514150777
0.47358878207892563
0.6796127869942888
0.4889362016857229
0.6594692985352466
0.4889362016857229
0.6594692985352466
0.47358878207892563
0.6796127869942888
0.44864922521788025
0.6980776514150777
0.4121991036517368
0.6997562754533312
0.3853411193398417
0.6812914110325423