0.10070908053163395
0.5036225797254881
0.12211519529093177
0.5869417634687776
0.13067764119465095
0.677506093624527
0.16706803628545722
0.7517688443522416
0.2334269920392805
0.8079187290488061
0.30406717074496337
0.8622573271422559
0.3725667379747163
0.9165959252357054
0.44534752815632894
0.9600668037104653
0.5395344330972394
0.9582555171073502
0.6187370577066412
0.9165959252357054
0.6979396823160432
0.8803701931734057
0.770720472497656
0.8368993146986461
0.8392200397274089
0.7861832898114263
0.8970165495775131
0.7354672649242066
0.9355475561442491
0.661204514196492
0.9419693905720385
0.5724514706438576
0.9291257217164598
0.490943573503683
0.1435213100502296
0.3206826328108741
0.19489598547254441
0.340606785445139
0.23128638056335069
0.37502123090432377
0.2633955527022975
0.4094356763635086
0.2890828904134548
0.43298240220400347
0.5224095412898011
0.4257372557915435
0.6016121658992031
0.38226637731678376
0.680814790508605
0.3243052060171041
0.7685798610217262
0.3134374863984141
0.8413606512033387
0.36234222468251887
0.13924008709837002
0.48913228690056815
0.18633353956882526
0.45471784144138333
0.2377082149911401
0.43660497541023346
0.297645336317174
0.45471784144138333
0.33403573140798026
0.48913228690056815
0.34902001173948866
0.5344144519784428
0.3083483936968228
0.5670176108345126
0.2505518838467187
0.5760740438500875
0.19061476252068485
0.5670176108345126
0.1456619215261594
0.5307918787722128
0.5502374904768883
0.45290655483826836
0.5951903314714138
0.41849210937908354
0.6594086757493071
0.41486953617285355
0.7193457970753411
0.43298240220400347
0.7664392495457963
0.46558556106007326
0.7857047528291643
0.5108677261379481
0.73004885445499
0.5362257385815578
0.6701117331289561
0.5434708849940179
0.5994715544232733
0.5416595983909028
0.5695029937602563
0.500000006519258
0.28052044450973573
0.509056439534833
0.7129239626475518
0.500000006519258
0.45612193925184213
0.57198685676259
0.38755101830622485
0.7272457218272549
0.41751957896924174
0.71456671560545
0.4624724199637672
0.71456671560545
0.5052846494823628
0.7200005754147951
0.5266907642416606
0.7290570084303699
0.5266907642416606
0.7354672649242066
0.5052846494823628
0.7264108319086318
0.4624724199637672
0.7209769720992867
0.41751957896924174
0.7209769720992867
0.38755101830622485
0.7336559783210915