0.07502522442075471
0.4705187707883596
0.06329612860881072
0.5561094713914255
0.07111552581677338
0.6474062187013625
0.09066401883668004
0.7368009504423425
0.1278061555745027
0.7881553708041821
0.19818073044616677
0.8376077755970647
0.2705101546198214
0.8927662270968181
0.34479442809546673
0.9346105696138727
0.4366723452890281
0.9517287097344859
0.5363696596905521
0.9536307253034427
0.6321572754880947
0.9308065384759585
0.7162157954736934
0.9003742893726463
0.7963646168553108
0.8604319624245488
0.8530552466130402
0.793861417511053
0.9038813284647975
0.7177807947527722
0.9292943693906761
0.6321900941497063
0.9390686159006295
0.5580114869603826
0.2314131685800081
0.1757063576000215
0.2705101546198214
0.22135473125498997
0.30765229135764405
0.2803172138926576
0.34088472949148546
0.3525938055130244
0.38389141413528005
0.40394822587486395
0.48358872853680407
0.3544958210819814
0.5461439062005053
0.42867442827130525
0.6556154671119828
0.3563978366509384
0.7553127815135069
0.2784151983237006
0.8706488903309562
0.227060777961861
0.16690314161431602
0.5284305432125308
0.20404527835213873
0.450447904885293
0.2744198532238027
0.39148542224762534
0.34088472949148546
0.43903581147155085
0.35652352390741077
0.537940621057316
0.35652352390741077
0.5446973779776835
0.34088472949148546
0.44579256839191833
0.2744198532238027
0.3982421791679928
0.20404527835213873
0.4572046618056605
0.16690314161431602
0.5351873001328983
0.5715569471263842
0.5227244965056599
0.6262927275821228
0.4371337959025939
0.7240351926816562
0.41240759350615264
0.7787709731373947
0.4903902318333904
0.7846355210433668
0.5950010881260265
0.7846355210433668
0.601757845046394
0.7787709731373947
0.4971469887537579
0.7240351926816562
0.4191643504265201
0.6262927275821228
0.44389055282296136
0.5715569471263842
0.5294812534260274
0.26855530531783073
0.47284643903504686
0.6970582723141849
0.4949098196349484
0.4798093532196221
0.56298689381563
0.2881037983377374
0.6359941252876204
0.3741171676253268
0.6397981564255345
0.48358872853680407
0.6321900941497063
0.5930602894482815
0.6283860630117922
0.6556154671119828
0.6702304055288468
0.630202426186104
0.7482130438560846
0.5676472485224028
0.8319017288901935
0.4659950848188881
0.8661380091314199
0.36825261971935475
0.8242936666143653
0.31156198996162543
0.7348989348733854