0.05372164219144253
0.4308314479635891
0.04361482093979631
0.5175227091872852
0.06989255619407647
0.5949914958127155
0.0820207416960519
0.6835272519560647
0.11436256970131978
0.7536180589028827
0.17904622571185555
0.8034194217335165
0.25787943147469594
0.8495317947248443
0.3367126372375363
0.8882661880375596
0.42363130000169374
0.9214670965913154
0.5186354197671681
0.9251560864306216
0.6035327182809963
0.8919551778768657
0.6944941095458121
0.8587542693231098
0.7733273153086525
0.8237088658497007
0.8218400573165544
0.7609960385814952
0.8602459780728099
0.6909052316346771
0.8966305345787364
0.6152809399288997
0.9249296340833456
0.5304341736248569
0.19723850396481868
0.2279370068017474
0.249793974473379
0.2592934204358502
0.31043490198325624
0.2888053391502999
0.35894764399115797
0.3275397324630151
0.39735356474741357
0.37180761053468964
0.6035327182809963
0.41238649876705796
0.6621522815405442
0.39394154957052696
0.72683593755108
0.37180761053468964
0.7894982293112865
0.3441401867398931
0.8400323355695175
0.3275397324630151
0.17904622571185555
0.5020502344958874
0.22351623921909886
0.44118190214733477
0.29628535223095154
0.3950695291560071
0.36501173674214576
0.4374929123080286
0.37713992224412124
0.5241841735317246
0.37713992224412124
0.5304341736248569
0.36501173674214576
0.44374291240116087
0.29628535223095154
0.4013195292491394
0.22351623921909886
0.447431902240467
0.17904622571185555
0.5083002345890196
0.5833190757777038
0.5370956379692963
0.6237463607842887
0.47069382086178446
0.6965154737961413
0.444870891986641
0.7510923085550308
0.5075837192548466
0.7753486795589819
0.5776745262016646
0.7753486795589819
0.5839245262947969
0.7510923085550308
0.5138337193479788
0.6965154737961413
0.45112089207977324
0.6237463607842887
0.4769438209549167
0.5833190757777038
0.5433456380624285
0.28819989522963463
0.46312075037436257
0.6860043796944292
0.5107087193014127
0.4716723903511853
0.5650562891615762
0.30841353773292696
0.6392593738843901
0.36096900824148725
0.6503263434023088
0.4478876710056447
0.655859828161268
0.5307636052691436
0.6761492722774521
0.59342589702935
0.7019722011525957
0.5631054332744114
0.7609960385814952
0.5065072342651926
0.8126418963317822
0.42363130000169374
0.8181753810907415
0.3528835512401703
0.7831299776173324
0.3205417232349024
0.7148836655901675