0.08201277566247232
0.5030976137183361
0.07000946386760437
0.5960264723032516
0.07000946386760437
0.6905041451979158
0.1008751227686934
0.7679448606853454
0.16432119939870987
0.8252509901460433
0.2414853466514326
0.863971347889758
0.3220790115598318
0.8964964483944785
0.40438743529606935
0.929021548899199
0.5055582061385281
0.9352168061381934
0.5981551828417951
0.9135334058017133
0.6873226418893859
0.8856547482262385
0.7764901009369765
0.8577760906507639
0.8467952128783461
0.811311661358306
0.894808460057818
0.7416150174196193
0.9222446013032306
0.6579790446931953
0.9325331542702603
0.5635013717985311
0.9291036366145836
0.47676777045261
0.13174078166978248
0.3389232968849851
0.20033113478331377
0.35286262567272253
0.26377721141333027
0.3373744825752366
0.32036425273199354
0.3141422679290077
0.35637418811659743
0.2785195388047901
0.5227057944169108
0.27387309587554426
0.5810075945634123
0.3172398965485049
0.6530274653326202
0.34666736843372814
0.7353358890688577
0.36215551153121406
0.809070518665904
0.37764365462870003
0.280924799691713
0.469023698903867
0.2980723879700959
0.44734029856738666
0.32379377038767004
0.43649859839914656
0.3529446704609209
0.43649859839914656
0.3615184646001123
0.46127962735512407
0.35980370577227405
0.4876094706208501
0.3512299116330826
0.5154881281963247
0.32379377038767004
0.5294274569840621
0.29635762914225755
0.518585756815822
0.280924799691713
0.49845117078909024
0.6084437358088249
0.4566331844258783
0.6204470476036928
0.4318521554699007
0.6461684300212671
0.42410808392115773
0.6736045712666796
0.43649859839914656
0.6907521595450624
0.4597308130453754
0.6873226418893859
0.4829630276916043
0.6736045712666796
0.5139393138865762
0.6461684300212671
0.5340738999133079
0.6170175299480164
0.518585756815822
0.6050142181531484
0.49535354216959304
0.3323675645268615
0.49845117078909024
0.6341651182263991
0.5015487994085874
0.4575449589590561
0.6347468300469664
0.28435431734738964
0.7292245029416305
0.36837749991146546
0.7183828027733905
0.45925971778689434
0.7245780600123848
0.5467124180066468
0.7338709458708763
0.6358798770542374
0.7292245029416305
0.6375946358820757
0.7849818180925799
0.548427176834485
0.7756889322340884
0.45925971778689434
0.7756889322340884
0.3700922587393037
0.7741401179243397
0.28435431734738964
0.7725913036145912