0.043800590952517066
0.5260934050772627
0.06835909112958985
0.6197226821192053
0.043800590952517066
0.7087472406181016
0.05362399102334616
0.7993067052980133
0.10110375803235354
0.8699123896247241
0.1698675585281573
0.9236341059602649
0.25827815916561925
0.9527973233995586
0.37124725998015395
0.9574020419426048
0.48421636079468866
0.9558671357615893
0.5922737615738088
0.9451227924944812
0.6921449956272382
0.9236341059602649
0.7838300629549765
0.8929359823399559
0.8624172635216094
0.8438189845474613
0.9229948972917222
0.7793529249448123
0.9622884975750385
0.6980028973509934
0.9672001976104532
0.5920943708609272
0.965562964265315
0.4907905629139073
0.1109271581031826
0.272833885209713
0.15185799173163725
0.31274144591611475
0.1993377587406446
0.3480442880794702
0.24354305905937557
0.38027731788079466
0.27792495930727745
0.41251034768211925
0.4367365937856813
0.38948675496688745
0.513686561007176
0.39102166114790293
0.5742641947772888
0.340369757174393
0.6266556618217108
0.28050841611479027
0.6757726621758563
0.24213576158940397
0.17314202521843367
0.47544150110375283
0.19442605870523
0.45855753311258285
0.23371965898854644
0.4478131898454746
0.2697387925815865
0.4616273454746137
0.2861111260329684
0.49539528145695366
0.2844738926878302
0.5214886865342163
0.2730132592718629
0.5567915286975718
0.23699412567882283
0.5675358719646799
0.20588669212119734
0.5445122792494481
0.18460265863440095
0.51688396799117
0.531696127803696
0.4677669701986755
0.5562546279807687
0.44167356512141287
0.5955482282640853
0.4370688465783664
0.6332045952022635
0.45241790838852103
0.6610375620696126
0.48004621964679917
0.6675864954501655
0.5107443432671082
0.6397535285828162
0.5353028421633554
0.5971854616092234
0.5506519039735099
0.5529801612904924
0.5445122792494481
0.5382450611842488
0.5107443432671082
0.26318985920103377
0.5260934050772627
0.566078028051598
0.5107443432671082
0.3908940601218122
0.6673047737306843
0.15513245842191364
0.7287010209713024
0.3073951595197648
0.7164217715231789
0.4760301940689978
0.7026076158940397
0.6430279952730926
0.6734443984547461
0.7756438962292856
0.7041425220750552
0.7821928296098384
0.8438189845474613
0.6463024619633689
0.9144246688741722
0.4776674274141359
0.9435878863134659
0.3024834594843502
0.9512624172185431
0.1698675585281573
0.876052014348786