0.012380236755670028
0.41154753595639937
0.012380236755670028
0.5063180311502803
0.010491340338904188
0.5995090180909298
0.02749140808979668
0.6848024637654226
0.08038050775924
0.7448237773882138
0.1559363644298733
0.7985270579980797
0.22582553185020915
0.8459123055950202
0.30515918135437414
0.8885590284322665
0.3958262093591341
0.931205751269513
0.4997155122812549
0.9422623090421325
0.5884936438692491
0.9075131274710427
0.6583828112895849
0.8553893551144083
0.7320497715434523
0.7985270579980797
0.803827835380554
0.7448237773882138
0.8227167995482123
0.664268856473415
0.8416057637158707
0.5805549190521535
0.8680503135505924
0.5031590146438175
0.09549167909336671
0.3278335985351378
0.19560318918195585
0.2851868756978914
0.30138138852084245
0.310459007749593
0.4166040699435583
0.34362868106745137
0.49215992661419167
0.40207048643701115
0.6904940503746041
0.41154753595639937
0.7490498392943449
0.3799573708917724
0.80571673179732
0.3483672058271454
0.8642725207170606
0.3167770407625184
0.9228283096368015
0.3262540902819065
0.15215857159634164
0.3925934369176231
0.2182699461831458
0.3641622883594589
0.30515918135437414
0.3704803213723842
0.38260393444177326
0.3910139286643917
0.4373819305279824
0.44313770102102634
0.4317152412776849
0.5031590146438175
0.3712705559411783
0.5489647539875265
0.2919369064370133
0.5489647539875265
0.2144921533496142
0.5173745889228996
0.16726974293046834
0.46209180005980244
0.6678272933734141
0.4668303248194965
0.701827428875199
0.43050163499517546
0.7528276321278765
0.4004909781837799
0.815161213881149
0.40364999469024254
0.8491613493829341
0.4494557340339516
0.8246056959649782
0.4968409816308921
0.7868277676296616
0.5363286879616759
0.7396053572105157
0.5679188530263029
0.6791606718740091
0.5631803282666088
0.6508272256225215
0.518954097176131
0.3486037989399883
0.49999999813735485
0.7169386002093258
0.5157950806696683
0.6281604686213316
0.6532122987007957
0.4770487552800649
0.718400317031446
0.5016044086980207
0.7310363830572968
0.5374934406165716
0.7357749078169908
0.5771602653686541
0.7341953995637595
0.6036048152033757
0.7278773665508342
0.6036048152033757
0.7321877113623632
0.5771602653686541
0.7385057443752884
0.5374934406165716
0.7400852526285198
0.5016044086980207
0.7353467278688257
0.4770487552800649
0.7227106618429749