0.041096396550996686
0.5243494704398625
0.057836647608027536
0.609572564825317
0.07290287355935535
0.6963175001819403
0.10805740077912018
0.7602348209710311
0.16999632969013442
0.8180647778754466
0.23360928370685174
0.8652418479816802
0.29554821261786596
0.9108970771167452
0.3675312921630988
0.9458994194536282
0.4545805976596593
0.9702488749923296
0.5449779533676261
0.9535086243094724
0.6270051835470773
0.9185062819725893
0.6989882630923101
0.8789384167221997
0.7709713426375429
0.8378487105006415
0.8329102715485571
0.7769750716538881
0.8831310247196497
0.7145795918359662
0.9199595770451177
0.635443861335187
0.9283297025736331
0.5563081308344079
0.06620677313654297
0.29455148379336915
0.12647167694185413
0.2991170067068757
0.17501840500724367
0.3189009393320705
0.2151950075441178
0.34629407681310936
0.26541576071521045
0.36455616846713534
0.49810525040793957
0.3949929878905119
0.5801324805873909
0.3660780094383042
0.6571376354497328
0.33259750807258986
0.7358168154177781
0.2991170067068757
0.811147945174417
0.2793330740816809
0.11642752630763564
0.4741287183912911
0.15325607863310356
0.404124033717525
0.2151950075441178
0.3615124865247977
0.28885211219505363
0.3949929878905119
0.30894041346349066
0.46499767256427804
0.3072663883577876
0.5365241982092132
0.2938741875121629
0.6110944057964858
0.22021708286122704
0.6460967481333689
0.14655997821029118
0.609572564825317
0.11307947609622943
0.5456552440362261
0.5366078278391105
0.44521373993908336
0.5751104052702816
0.3782527372076548
0.6688558111896545
0.35846880458246005
0.7475349911576996
0.3934711469193431
0.8077998949630107
0.46347583159310923
0.8228661209143385
0.5319586752957066
0.7692973175318397
0.6141380877388234
0.6722038614010607
0.6384875432775247
0.5851545559045
0.6050070419118104
0.5399558780505168
0.5410897211227196
0.24700148455247645
0.538046039180382
0.6504415350269206
0.5167402655840183
0.4348271014123629
0.5935425065956719
0.3608351917402864
0.7587129799998623
0.38259751811442655
0.7419727293170051
0.41440399512278514
0.7450164112593428
0.44118839681403466
0.7587129799998623
0.4629507231881747
0.7724095487403817
0.47634292403379946
0.7982808452502519
0.45123254744825314
0.8134992549619401
0.4160780202284882
0.8134992549619401
0.38594556832583266
0.8043682091349271
0.36418324195169255
0.7815405945673947