0.11879256880703663
0.4162716312105604
0.09183456573347805
0.507611689193726
0.05589056163539984
0.5955687820664042
0.05948496204520767
0.693674770270545
0.10441496716780539
0.7714829678117603
0.17630297536396172
0.8289933746900497
0.2535825841748298
0.8780463687921203
0.34523979462492915
0.9118760198969964
0.4584634075338754
0.9169504675627279
0.5734842206477255
0.9135675024522403
0.6723302319174407
0.8881952641235832
0.7639874423675399
0.8492911653529756
0.8412670511784079
0.7968552061404174
0.9059662585549488
0.729195903930665
0.9490990634726425
0.6446217761684745
0.9580850644971621
0.5465157879643336
0.9383158622432192
0.4534842474259242
0.15114217249530704
0.3181656430064194
0.1834917761835774
0.27757006168056797
0.2320161817159829
0.24712337568617943
0.2859321878631002
0.23020855013374134
0.3470369948298331
0.23528299779947273
0.5555122185986866
0.23697448035471655
0.6309946272046507
0.23697448035471655
0.6974910347860953
0.2572722710176423
0.760393041957732
0.2944848872330061
0.8107146476950415
0.3384634336693451
0.1960721776179047
0.4384333911366659
0.21763858007675163
0.41475263536325263
0.2445965831503103
0.4029122574765459
0.2805405872483885
0.4012207749213021
0.3021069897072354
0.4046037400317897
0.3021069897072354
0.4095057009895851
0.2805405872483885
0.4061227358790975
0.2445965831503103
0.4078142184343413
0.21763858007675163
0.419654596321048
0.1960721776179047
0.4433353520944613
0.586064622082053
0.42490153069471537
0.6130226251556116
0.4029122574765459
0.6507638294585937
0.4029122574765459
0.6777218325321523
0.41813560047374015
0.6956938345811914
0.4401248736919097
0.6956938345811914
0.4450268346497051
0.6777218325321523
0.42303756143153554
0.6507638294585937
0.4078142184343413
0.6130226251556116
0.4078142184343413
0.586064622082053
0.42980349165251075
0.24819098356011807
0.41483554026480907
0.6446533487619204
0.420248284441589
0.39735860056714256
0.614175090174086
0.16372257392963438
0.6684750186498241
0.2841349876581963
0.7023046697547002
0.43330260466522075
0.6887728093127496
0.5734842206477255
0.7141450476414067
0.6903022339664796
0.6955387395337249
0.6903022339664796
0.7004407004915203
0.5734842206477255
0.7190470085992021
0.43330260466522075
0.693674770270545
0.2841349876581963
0.7072066307124956
0.16372257392963438
0.6733769796076194