0.08176968420010726
0.5266515713999208
0.08784032442193747
0.6083831141474626
0.0959345113843778
0.6954449749002788
0.11819352553108867
0.7753997449793958
0.17282928752756083
0.8375867883742645
0.23960632996769338
0.8891131957585844
0.3205481995920965
0.9264254217955056
0.40756070943832984
0.9530770118218779
0.4986203127657834
0.9708447385061261
0.591703462833847
0.9726215111745509
0.6807395194206904
0.9477466938166034
0.7657284825263138
0.9139880131165319
0.8426232586694967
0.8713454690743361
0.8992825674065789
0.8180422890215915
0.9053532076284091
0.7345339736056248
0.9053532076284091
0.6456953401843839
0.9235651282938999
0.5604102520999924
0.14854672664023988
0.20150217307817855
0.23960632996769338
0.2530285804624984
0.33673657351697717
0.31166207852051747
0.4318432703256508
0.37384912191538616
0.5026674062470035
0.4342593926418301
0.696927893345571
0.4200452112944315
0.7373988281577727
0.37917943992066067
0.7758462162293642
0.33120657787319047
0.8142936043009557
0.2832337158257203
0.848693898891327
0.2512518077940735
0.18611081110241348
0.4506117583708898
0.2525480303040703
0.37837585410016844
0.3578932342315593
0.3642545495058921
0.45185968790904074
0.4044459548896017
0.5193980764897306
0.47450935076120365
0.5105887214574667
0.5646684493246603
0.45369497020742905
0.6412493703936206
0.34651448398155177
0.6390768619945012
0.25107980446535966
0.5961698211118922
0.16996032687659637
0.5299083149387495
0.693978848719602
0.4856903627380353
0.7182612765828187
0.41148932586992853
0.7900048134514129
0.3591121233747944
0.8624841814673776
0.3929390666529019
0.8952286675253515
0.4687768910989815
0.8978040765411472
0.535885181795872
0.8624841814673776
0.6089950269453301
0.785957742140877
0.6564618667065455
0.7006013290459338
0.6450043536607347
0.6840451282301043
0.5697121250739795
0.42374908336321054
0.5515263887578682
0.72239564165418
0.5484205659322449
0.5604550088555909
0.6099088142761344
0.253940476744654
0.7288967585030769
0.38288385887012943
0.6622576881378938
0.5422005710073835
0.6935490777006754
0.7124058354130112
0.7022411303570035
0.8430684626334929
0.7288967585030769
0.8304606652701132
0.8702874817126829
0.6952133844629478
0.9502543661509026
0.5358966723256937
0.9774894644740645
0.37428763339509774
0.9467775450883714
0.2527943133479831
0.8592775483480005