0.10208388037290364
0.49908638543847883
0.08863762157538929
0.5849644033350347
0.10208388037290364
0.6744968049718695
0.12321371562614036
0.7585476309982858
0.18468232727192013
0.811536195232331
0.24230915068983863
0.868179143206655
0.3325911740445776
0.8974142131288868
0.4267149856271778
0.9102045562198632
0.520838797209778
0.9175133237004213
0.6168835029063088
0.9248220911809791
0.7071655262610478
0.9028957887393053
0.7801595025904113
0.8590431838559576
0.8454699024640523
0.8042274277517731
0.8934922553123177
0.74393009603717
0.9050176199959014
0.6562248862704747
0.8954131494262483
0.5703468683739188
0.8934922553123177
0.48264165860722336
0.3076195505634796
0.3821461057495516
0.3268284917027857
0.34560226834676183
0.3652463739813981
0.3090584309439721
0.41134783271573283
0.2798233610217403
0.46513286790579017
0.2761689772814614
0.6994819498053254
0.2725145935411824
0.7475043026535908
0.27434178541132187
0.7936057613879256
0.29261370411271675
0.8320236436665379
0.3218487740349485
0.8627579494894277
0.3492566520870408
0.39213889157642673
0.5082223447891763
0.4343985620829003
0.4753328911266654
0.4785791267033045
0.44792501307457316
0.5362059501212229
0.4442706293342941
0.520838797209778
0.43878905372387567
0.5515731030326678
0.5063951529190367
0.5400477383490841
0.5539021415426634
0.48626270315902687
0.5593837171530818
0.4305567738550391
0.5520749496725238
0.38637620923463484
0.5246670716204315
0.7090864203749785
0.45706097242527055
0.7417416203117989
0.44792501307457316
0.7859221849322032
0.4259987106328993
0.8339445377804685
0.43513466998359673
0.8550743730337054
0.47167850738638645
0.8608370553754973
0.5063951529190367
0.8416281142361909
0.5502477578023844
0.7936057613879256
0.5575565252829423
0.7494251967675214
0.5374574147114081
0.7167699968307009
0.49908638543847883
0.520838797209778
0.5009135773086182
0.8070520201854399
0.48446885047736293
0.6495387028431294
0.6416073513093588
0.5285223736655005
0.74393009603717
0.5688611500580435
0.7384485204267515
0.6264879734759619
0.7329669448163332
0.6802730086660193
0.7256581773357751
0.7321371497421458
0.7256581773357751
0.7225326791724928
0.7530660553878673
0.6841147968938804
0.7877827009205176
0.6284088675898926
0.800573044011494
0.5765447265137659
0.796918660271215
0.5362059501212229
0.7640292066087043