0.10093996708361518
0.4846773164400267
0.10934272977558458
0.5612907435531187
0.13245032717850036
0.639819506344038
0.16606137794637787
0.7145175977793026
0.1996724287142554
0.7834696821810855
0.2500890048660716
0.8409297525159045
0.30470696236387257
0.888813144461587
0.37823113591860463
0.9271198580181328
0.46225876283829836
0.9501038861520603
0.5462863897579922
0.9347812007294422
0.6177098726397319
0.9003051585285506
0.6891333555214716
0.8619984449720046
0.7563554570572266
0.8083690459928404
0.8109734145550275
0.7451629686245395
0.8382823933039281
0.6685495415114474
0.8592893000338515
0.5881054430427008
0.8718934440718054
0.5057460088961271
0.19547104736827062
0.36592650441473423
0.25429038621205635
0.35251915466994305
0.3152104157288343
0.3640111687369069
0.3677276825536429
0.3869951968708345
0.41184218668648215
0.4061485536491075
0.6114078006207548
0.4138098963604166
0.655522304753594
0.38507986119300724
0.7185430249433643
0.3678418400925615
0.7815637451331348
0.35251915466994305
0.8361817026309356
0.358265161703425
0.2101758820792171
0.4773243752361643
0.24798831419307926
0.500308403370092
0.2921028183259185
0.513715753114883
0.33621732245875774
0.5041390747257465
0.3677276825536429
0.48498571794747347
0.3677276825536429
0.4923386591513359
0.33621732245875774
0.5114920159296089
0.2921028183259185
0.5210686943187455
0.24798831419307926
0.5076613445739544
0.2101758820792171
0.4846773164400267
0.6198105633127241
0.4830703822696462
0.6513209234076094
0.500308403370092
0.6891333555214716
0.513715753114883
0.7332478596543107
0.5079697460814011
0.7647582197491959
0.49073172498095546
0.7647582197491959
0.4980846661848179
0.7332478596543107
0.5153226872852635
0.6891333555214716
0.5210686943187455
0.6513209234076094
0.5076613445739544
0.6198105633127241
0.49042332347350864
0.290842403922123
0.49977113548080293
0.6916541843290626
0.5028356725653267
0.5483870804309845
0.6072587998209739
0.33831801313175003
0.691533569645375
0.39503666130254333
0.7279249475240939
0.4664601441842831
0.7470783043023669
0.5441856990849998
0.7451629686245395
0.5883002032178389
0.7126022621014754
0.5883002032178389
0.7126022621014754
0.5441856990849998
0.7451629686245395
0.4664601441842831
0.7470783043023669
0.39503666130254333
0.7279249475240939
0.33831801313175003
0.691533569645375