0.10179754077697427
0.5860055812221292
0.13557237540279202
0.6683513469105918
0.16934721002860964
0.7506971125990547
0.215042574522363
0.8238933487665772
0.2746452238620412
0.8915998672215354
0.3541154229816123
0.9318577971136727
0.4494796619250975
0.9556465738681176
0.5488174108245613
0.968455915197434
0.6501419147020144
0.9757755388141862
0.7256386038656067
0.9428372325388011
0.7852412532052849
0.8824503377005951
0.8388836376109955
0.8184036310540129
0.8964995319726845
0.7506971125990547
0.9461684064224164
0.6793307823357203
0.9302743665985023
0.5896653930305051
0.9143803267745881
0.5000000037252902
0.9243141016645344
0.404844896707511
0.07994323601909224
0.26028233027665426
0.13557237540279202
0.26028233027665426
0.2130558195443737
0.26211223618084223
0.29053926368595545
0.2584524243724661
0.3600756879155801
0.2730916716059706
0.6296902905301816
0.22054782409377388
0.6582941499408693
0.17726566832592955
0.7134587359471959
0.1471563425743857
0.776795853213719
0.13774717827702826
0.8217447751447998
0.15280184115280018
0.2229895944343201
0.6123649400800762
0.24683065417019143
0.5336789861999895
0.30047303857590185
0.4732920913617835
0.37795648271748356
0.4970808681162283
0.4196783372552584
0.5574677629544342
0.4196783372552584
0.5640467103718723
0.37795648271748356
0.5036598155336663
0.30047303857590185
0.47987103877922155
0.24683065417019143
0.5402579336174276
0.2229895944343201
0.6189438874975143
0.6898770142617998
0.5080603035413567
0.7017975441297355
0.43486406737383426
0.7514664185794674
0.38911641976913275
0.8070955579631672
0.4312042555654581
0.8408703925889848
0.4842715267869118
0.8408703925889848
0.49085047420434985
0.8070955579631672
0.43778320298289614
0.7514664185794674
0.3956953671865708
0.7017975441297355
0.4414430147912723
0.6898770142617998
0.5146392509587947
0.31358562143063107
0.5380664034512214
0.7582213855046308
0.45279278831605785
0.5620579489150486
0.5829311940724659
0.47206984491648857
0.7361951083083643
0.5179988769061904
0.6888462930374982
0.5965762569367645
0.667436393958498
0.6762603606297409
0.6546728002767863
0.7324265864966654
0.6925518524934791
0.7227427544506438
0.7571932785589223
0.697011429299787
0.828834094707885
0.6452720980824722
0.8835940288907127
0.5702915699547062
0.864242773953924
0.5130186204253793
0.8057772803151154