0.008285504247721821
0.4155319138732275
0.008285504247721821
0.5034476823161127
0.01033112607797639
0.5965349665497558
0.028741722550267752
0.6827268963957216
0.08397351196714183
0.749956601675575
0.16375276334707103
0.8068432753739124
0.24353201472700026
0.8671776262660885
0.3212656442766749
0.9137212683829101
0.4215011139591501
0.9119974297859907
0.5237822054718799
0.9016543982044749
0.6219720533241004
0.8844160122352818
0.7058425483645387
0.8447677245061375
0.7897130434049774
0.8120147911646705
0.8551729419731243
0.7585757946601716
0.9083591095597439
0.6827268963957216
0.9390434370135627
0.5982588051466752
0.9574540334858541
0.5206860682853058
0.08601913379739645
0.22246199101826403
0.1392053013840159
0.25176724716589244
0.20466519995216298
0.30003472787963326
0.26398823302954627
0.34830220859337413
0.3212656442766749
0.39484585071019573
0.482869768866788
0.43449413843934
0.5708315075677355
0.4155319138732275
0.6587932462686832
0.38450281912867984
0.7488006067998854
0.3620929173687287
0.836762345500833
0.35519756298105143
0.09420162111841482
0.46897091037772637
0.14738778870503427
0.4034650436947923
0.2210301745941997
0.36726443315948665
0.280353207671583
0.4155319138732275
0.29058131682285604
0.4913808121376774
0.29058131682285604
0.4913808121376774
0.280353207671583
0.4155319138732275
0.2210301745941997
0.36726443315948665
0.14738778870503427
0.4034650436947923
0.09420162111841482
0.46897091037772637
0.5278734491323891
0.5155145524945479
0.5831052385492631
0.4327702998424207
0.6772038427409747
0.41208423667938887
0.7385724976486124
0.4931046507345968
0.7774393124234498
0.5706773875959661
0.7774393124234498
0.5706773875959661
0.7385724976486124
0.4931046507345968
0.6772038427409747
0.41208423667938887
0.5831052385492631
0.4327702998424207
0.5278734491323891
0.5155145524945479
0.2210301745941997
0.3644554443666649
0.6772038427409747
0.4092752478865671
0.42061467783270645
0.5389823206740474
0.23739514923623647
0.6310117384881422
0.3171744006161657
0.6448024472634967
0.4010448956566042
0.6620408332326898
0.49309787801806093
0.6620408332326898
0.5585577765862079
0.6861745735895602
0.5360559364534073
0.7378897314971397
0.4644591723944966
0.7861572122108806
0.3826342991843128
0.7947764051954773
0.30080942597412896
0.7689188262416875
0.25171450204801865
0.7103083139464307