0.17211644591611486
0.5412527674471932
0.2012624172185431
0.6040287065724729
0.21919839955849896
0.6793598335228087
0.23713438189845482
0.7528973622124223
0.2842163355408389
0.8067053100340909
0.3582022626931568
0.8425772752485364
0.4478821743929361
0.8748620439415374
0.5398040838852098
0.896385223070205
0.6406939845474615
0.8981788213309271
0.7258899006622517
0.871274847420093
0.8088438189845475
0.8282284891627582
0.876103752759382
0.7798013361232565
0.927669701986755
0.7206125935194213
0.9680256622516556
0.6506622613512524
0.9837196467991172
0.5717439378794719
0.9769936534216337
0.48923841788624706
0.9612996688741724
0.4121136926751889
0.08243653421633557
0.26324503703523955
0.09813051876379697
0.24889625094946127
0.14297047461368662
0.23992825964584988
0.19005242825607072
0.23813466138512754
0.23489238410596036
0.24710265268873902
0.46581815673289195
0.20226269617068196
0.5106581125827815
0.16100993617406945
0.5711920529801325
0.1287251674810684
0.6429359823399559
0.11258278313456782
0.7079539183222958
0.10540839009167868
0.15642246136865345
0.4695088370183019
0.17884243929359833
0.406732897893022
0.24610237306843274
0.37444812920002096
0.3178463024282562
0.4121136926751889
0.38062224061810157
0.4677152387575796
0.39183222958057407
0.5269039813614149
0.37165424944812364
0.5968543135295838
0.3021523178807948
0.6363134752654741
0.23040838852097134
0.6004415100510284
0.17660044150110377
0.5430463657079154
0.5599820640176602
0.41390729093591117
0.5980960264900663
0.349337753549909
0.6788079470198676
0.32602097616051934
0.7752138520971303
0.3475441552891867
0.8514417770419427
0.3870033170250769
0.8626517660044151
0.45516005093252365
0.8133278145695366
0.5197295883185257
0.7281318984547462
0.5663631430973051
0.6294839955849891
0.5556015535329715
0.577918046357616
0.49282561440769157
0.2550703642384107
0.5233167848399702
0.6608719646799117
0.47309603353974644
0.5044552520235467
0.5543460347504656
0.4433981788079471
0.7044702091729207
0.4837541390728477
0.6955022178693093
0.5241100993377484
0.6829470300442534
0.5689500551876381
0.673979038740642
0.5913700331125828
0.6972958161300317
0.5891280353200884
0.7170253969979768
0.5824020419426049
0.7528973622124223
0.5442880794701987
0.7690397465589229
0.5039321192052981
0.7564845587338669
0.47478614790286977
0.7331677813444772