0.1097889072847682
0.5129467339766836
0.10123482339955853
0.5998747236718307
0.1076503863134658
0.6886522450626192
0.13117411699779247
0.7700316396708422
0.18677566225165565
0.8181194637575194
0.2616238962472407
0.8680568195398379
0.34074917218543044
0.9087465168439492
0.4155974061810155
0.942038087365495
0.5075538079470199
0.9512857458437022
0.5952331677704195
0.9198437070177979
0.682912527593819
0.8828530731049694
0.7684533664459161
0.8440129074964994
0.843301600441501
0.7940755517141808
0.9010416666666667
0.7237933472798065
0.9438120860927153
0.6461130160628664
0.9737513796909494
0.5610345580633607
0.9929980684326711
0.47410656836821347
0.10419622587968219
0.26700310490995843
0.14158271850170256
0.28602326059952865
0.17457080022701477
0.32976961868554017
0.22295332009080593
0.3621038833578095
0.255941401816118
0.3963401635990359
0.4010889614074915
0.39063411689216476
0.4670651248581158
0.33357364982345417
0.5198460556186152
0.2803172138926576
0.5770253972758229
0.22896279353081805
0.6210095062429057
0.19282449772063473
0.1076503863134658
0.4445140612379506
0.12689707505518766
0.37793092019485913
0.18891418322295805
0.37238232510793484
0.25093129139072845
0.4130720224120463
0.28728614790286977
0.47780563175949636
0.3022557947019868
0.5425392411069464
0.2937017108167771
0.6109719138456793
0.21671495584988965
0.6202195723238865
0.15683636865342165
0.5739812799328505
0.12262003311258285
0.5092476705854007
0.43484409492273735
0.4297178076728192
0.46906043046357615
0.35018794476023773
0.5674323951434879
0.30579918406484347
0.6722199227373069
0.33539169119510626
0.7385140728476822
0.4075234273251221
0.7556222406181017
0.49260188532462773
0.697882174392936
0.5776803433241335
0.5995102097130243
0.6257681674108106
0.49258416114790293
0.6072728504543963
0.4455366997792495
0.524043924150532
0.23614855278093072
0.5237752067191562
0.5203849337748345
0.4981504804115521
0.3749917234203558
0.564493423082816
0.33752674051612763
0.7604213640719141
0.33937300774486445
0.7522189871560965
0.3457546705572371
0.7464382643773299
0.3561900940240099
0.7455789677480537
0.3608057620958518
0.7527658122838178
0.3624112118599706
0.7650303187198497
0.3585179961819823
0.7726858705079462
0.3492063875500927
0.7761230570250507
0.3410185937530863
0.7720609275048363
0.3379682392012604
0.7640929042151849