0.050752286653369505
0.5556291292921537
0.07746274539171191
0.6286942494396759
0.09654164449052793
0.7084016532369728
0.10798898394981764
0.7781456315596075
0.17667302070555535
0.827962758932918
0.24535705746129305
0.8678164608315665
0.3159489841269124
0.9060095918177713
0.39417247043205816
0.9392210100666449
0.4876590760162567
0.9475238646288633
0.5754220118708105
0.9292575845919827
0.6517376082660746
0.8960461663431091
0.731868984481102
0.8578530353569044
0.7986451313269581
0.8179993334582559
0.852066048803643
0.7615399224351707
0.8940396268210382
0.6934565150249795
0.9150264158297359
0.612088540315239
0.9112106360099728
0.5323811365179422
0.03930494719407985
0.3879114671353416
0.10608109403993599
0.38957203804778523
0.1709493509759105
0.37130575801090465
0.2224623785427138
0.338094339762031
0.2606201767403459
0.2949194960384952
0.4609486172779143
0.2915983542136078
0.53917210358306
0.33311262702469996
0.6326587091672586
0.35636061979891154
0.7375926542107468
0.36798461618601735
0.8406187093443533
0.37960861257312306
0.1175284334992256
0.48754572188196266
0.15187045187709447
0.42444402720910257
0.2148308189031874
0.37960861257312306
0.27397540610951715
0.4144806017344405
0.3121332043071492
0.4809034382321879
0.31976476394667563
0.5556291292921537
0.30259375475774114
0.6220519657899012
0.22627815836247703
0.6469605294765564
0.16331779133638408
0.6104279694027953
0.12515999313875203
0.5473262747299353
0.5410799934929416
0.4626371581953074
0.5658825623214025
0.3912326089602289
0.6555533880858379
0.37628747074823576
0.7356847643008652
0.4144806017344405
0.8005530212368397
0.46761887093263843
0.8005530212368397
0.5273994237806111
0.7471321037601548
0.6004645439281332
0.668908617455009
0.6419788167392254
0.5792377916905737
0.6237125367023448
0.5468036632225864
0.5473262747299353
0.2510807271909379
0.5506474165548227
0.6135798100684425
0.5273994237806111
0.44047059891185175
0.5984718588332008
0.28923852538857
0.7366313587485154
0.3560146722344261
0.7366313587485154
0.4342381585395718
0.7316496460111843
0.5086458650249543
0.7167045077991911
0.5754220118708105
0.7399525005734028
0.5868693513301
0.796411911596488
0.520093204484244
0.8179993334582559
0.4418697181790982
0.827962758932918
0.3598304520541893
0.827962758932918
0.29305430520833314
0.7997330534213755