0.08057734220120615
0.3706016022189775
0.10998607282690642
0.4585586950916555
0.13547363936918005
0.5532817181853089
0.15115829570288689
0.6547706714999374
0.20997575695428752
0.7258129388201774
0.2825172924976817
0.7934722410299297
0.36486173824964263
0.854365613018707
0.45308793012674353
0.9000356420102897
0.5628805244626915
0.915258985007484
0.6609096265483592
0.8797378513473642
0.7608993106757403
0.8374507874662689
0.8589284127614082
0.7951637235851736
0.9314699483048022
0.7325788690411527
0.9922479915979162
0.6530791889446936
1.02361730426533
0.5566646832957965
1.0314596324321834
0.4517927648706804
1.0216567222236166
0.3519952941112956
0.0943014164931996
0.20314482924984037
0.17468528020344715
0.24204892802044797
0.2550691439136947
0.2792615442358118
0.339374171707369
0.30970823023020033
0.4021127970421963
0.269112648904349
0.5001418991278641
0.23020855013374134
0.5903286730466785
0.3063252651197127
0.7236482518831866
0.30463378256446894
0.853046666636268
0.269112648904349
0.9608786789305025
0.23020855013374134
0.10998607282690642
0.32493157322739463
0.17664586224516052
0.31309119534068797
0.251147979830268
0.31985712556166324
0.3295712614988022
0.32662305578263845
0.3844675586667762
0.35537825922178323
0.366822320291356
0.3993568056581222
0.31976835129023545
0.4433353520944613
0.251147979830268
0.46532462531263075
0.18448819041201397
0.4348779393182422
0.1452765495777468
0.3824419801056842
0.6354220600060856
0.35537825922178323
0.6962001032991997
0.3147826778959318
0.7765839670094472
0.2978678523434937
0.8589284127614082
0.3063252651197127
0.9295093662630889
0.3300060208931261
0.9236276201379489
0.384133462660928
0.8608889948031215
0.4264205265420231
0.780505131092874
0.4450268346497051
0.7001212673826263
0.4433353520944613
0.6334614779643722
0.4061227358790975
0.24134506962170124
0.37567604988470893
0.7471752363837468
0.37567604988470893
0.48837840687758405
0.5634306135167718
0.4197580354176165
0.6617090884288488
0.4648514223770237
0.6701665012050677
0.5119053913781443
0.6820068790917744
0.5648411065044049
0.6786239139812867
0.6118950755055255
0.6735494663155553
0.6118950755055255
0.6784514272733507
0.5648411065044049
0.6835258749390821
0.5119053913781443
0.6869088400495698
0.4648514223770237
0.6750684621628631
0.4197580354176165
0.6666110493866442