0.06468251342784768
0.6156514211379153
0.08337784634118688
0.6862782358131652
0.11375776232536311
0.756905050488415
0.16283301122287855
0.813406502228615
0.2446250927187375
0.8522512503000025
0.33109100744293135
0.8857989872707462
0.42223075539546
0.9122840427739649
0.5180443365763233
0.9317064168096587
0.6161948343713542
0.9440661093778273
0.7190191653947198
0.9423004390109462
0.8078219967330811
0.9228780649752524
0.8709187453156009
0.8787363058032212
0.9223309108272837
0.8187035133292587
0.9643954098822969
0.756905050488415
0.9901014926381383
0.6862782358131652
0.9901014926381383
0.6121200804041527
0.9784169095673012
0.5538529582970716
0.11843159555369788
0.4814604732549403
0.21658209334872874
0.44791273628419653
0.3264171742145966
0.4196620104140967
0.4198938387812926
0.379051591975828
0.5180443365763233
0.3384411735375592
0.7143453321663851
0.308424777300578
0.765757497678068
0.3260814809693905
0.8195065798039182
0.34373818463820305
0.8755925785439357
0.3560978772063717
0.9363524105122881
0.3525665364726092
0.28435267515958335
0.6312839098504103
0.3357648406712662
0.6542376246198666
0.3965246726396186
0.650706283886104
0.45027375476546877
0.6259868987497665
0.480653670749645
0.587142150678379
0.480653670749645
0.592697706368459
0.45027375476546877
0.6315424544398465
0.3965246726396186
0.6562618395761839
0.3357648406712662
0.6597931803099465
0.28435267515958335
0.6368394655404902
0.765757497678068
0.5359377100388228
0.8054850801189136
0.5677197766426852
0.8615710788589314
0.5853764803114978
0.9129832443706142
0.5694854470095666
0.9316785772839532
0.5271093582044165
0.9316785772839532
0.5326649138944964
0.9129832443706142
0.5750410026996465
0.8615710788589314
0.5909320360015777
0.8054850801189136
0.5732753323327652
0.765757497678068
0.5414932657289028
0.3895139227971163
0.6326491514019452
0.8554950956620962
0.5599035322864377
0.6650030838304233
0.6533800132988097
0.7419008023806793
0.7682053408364549
0.7424568273681881
0.7620254945523706
0.7479244064120245
0.7581410197452317
0.7514458979995803
0.7599066901121129
0.757562172862177
0.7622020615890587
0.7589522353309489
0.766969371579638
0.7577475145246799
0.7724429497169699
0.7528359604683522
0.7766805585974847
0.7461636606182468
0.7765039915607966
0.7430128523556968
0.7727960837903461