0.05804806657415086
0.43018121919933927
0.07284768076231146
0.513963753924958
0.093989986745398
0.5977462886505766
0.11936075392510186
0.6745469454823937
0.16798805768620093
0.7426202549469589
0.22084382264391736
0.8019662170442721
0.2948418935847203
0.8543303012477838
0.3836395787136838
0.8962215686105931
0.4703230332443387
0.9189126717654482
0.5591207183733024
0.8927306296636923
0.6458041729039572
0.8543303012477838
0.7261449356396861
0.8124390338849744
0.8001430065804891
0.7653113581018139
0.8656841551280573
0.7112018044248518
0.9100829976925392
0.6396375560133859
0.9333395342739343
0.5576004907612178
0.9439106872654777
0.4755634255090494
0.10244690913863262
0.276579905535705
0.17221651888281828
0.3114892950047128
0.2567857428151645
0.3446532150002702
0.3540403503373627
0.3463986844737206
0.4512949578595608
0.3463986844737206
0.5950626385445495
0.35338056236752213
0.664832248288735
0.37607166552237714
0.7346018580329207
0.3917808907834307
0.8043714677771063
0.3725807265754764
0.8508845409398967
0.3446532150002702
0.1870161330709789
0.43716309709314083
0.23564343683207795
0.40399917709758343
0.2927276629864116
0.3900354213099803
0.35826881153397994
0.3952718297303314
0.40901034589338775
0.4197084023586369
0.38575380931199255
0.46334513919489656
0.3392407361492021
0.49301812024355324
0.27792804879825106
0.5174546928718586
0.21238690025068274
0.5174546928718586
0.1806734412760529
0.4773088949824997
0.6331187893141053
0.45985420024799584
0.6669464788870437
0.4354176276196904
0.7240307050413773
0.4197084023586369
0.7853433923923283
0.42669028025243844
0.8297422349568102
0.44938138340729356
0.812828390170341
0.48952718129665246
0.7684295476058591
0.5209456318187594
0.7155737826481429
0.5453822044470649
0.6606037870921178
0.5418912655001642
0.6246618669208706
0.5034909370842556
0.2525572816185472
0.4703270170886982
0.6817460930752042
0.49301812024355324
0.5168361064071292
0.6588377202213401
0.4301526518764742
0.7472791183209477
0.45763764965448683
0.7420427099005967
0.48723687803080795
0.7368063014802455
0.5231787982020552
0.7368063014802455
0.5400926429885243
0.743788179374047
0.5400926429885243
0.7496021328407604
0.5231787982020552
0.7426202549469589
0.48723687803080795
0.7426202549469589
0.45763764965448683
0.7478566633673102
0.4301526518764742
0.7530930717876612