0.08795403082253546
0.45913732938878615
0.09408342932476729
0.5478179844404981
0.11451475766554013
0.6278044576243952
0.1267735546700039
0.7147462763025443
0.1696793441856269
0.7808220584979376
0.2350595948761001
0.8347259860783899
0.30248297840065064
0.8903687500324052
0.3760357604274329
0.9442726776128577
0.4700198707949882
0.9651387140956135
0.5558314498262342
0.9407950048657318
0.6395998960234031
0.9025406046473462
0.7131526780501853
0.8590696953082717
0.7764897959065813
0.8069046041013823
0.8296112495925907
0.7425676582795521
0.8704739062741366
0.6660588578427808
0.8888621017808321
0.5791170391646318
0.8847758361126774
0.49391405686004586
0.10021282782699913
0.3113362376359328
0.14516175017669947
0.30438089214168096
0.20032633669678626
0.30438089214168096
0.2452752590464865
0.32003041950374767
0.28000851722580045
0.3374187832393775
0.5415295199876932
0.34263529236006646
0.5885215751714707
0.31829158313018474
0.6436861616915575
0.3078585648888068
0.7070232795479534
0.3061197285152439
0.7621878660680402
0.30959740126236984
0.16354994568339506
0.47642305347736535
0.19624007102863167
0.44686283512679464
0.2350595948761001
0.4277356350176019
0.28613791572803227
0.4364298168854168
0.3147417754051143
0.45729585336817263
0.3147417754051143
0.46261500213591217
0.28613791572803227
0.44174896565315636
0.2350595948761001
0.43305478378534146
0.19624007102863167
0.4521819838945342
0.16354994568339506
0.4817422022451049
0.5497020513240023
0.43816865325897975
0.5926078408396254
0.4120861076555351
0.6539018258619439
0.419041453149787
0.6947644825434898
0.44686283512679464
0.731540873556881
0.46946770798311344
0.731540873556881
0.47478685675085297
0.6947644825434898
0.4521819838945342
0.6539018258619439
0.42436060191752656
0.5926078408396254
0.41740525642327464
0.5497020513240023
0.4434878020267193
0.23914586054425468
0.4516090131589402
0.6445034148251886
0.43978492581871176
0.35969069775481466
0.6069384211416395
0.33721623657996447
0.7008355853140406
0.3760357604274329
0.6730142033370328
0.4455022767860607
0.6677976942163437
0.5149687931446886
0.6643200214692179
0.5619608483284662
0.6886637306990996
0.5456157856558478
0.7443064946531149
0.5088393946424566
0.7947327494864413
0.4536748081223699
0.8225541314634491
0.3944239559341285
0.7929939131128784
0.3617338305888919
0.7460453310266779