0.11080811303383782
0.4714103361959574
0.09101353444066006
0.567324072017919
0.044226348674967095
0.6355703840450838
0.046025855819801446
0.7333286147866985
0.09461254873032876
0.8015749268138636
0.1593948059443651
0.8642877540820691
0.23317459888257314
0.9122446219930499
0.32135044897945597
0.9454455305468058
0.4149248205108418
0.9712684594219494
0.521095742056068
0.9749574492612555
0.6218681421667913
0.9602014899040308
0.7118434994085084
0.9325340661092341
0.7946208280708881
0.8993331575554783
0.8612025924297588
0.8384648252069257
0.8989922424712801
0.7554625538225358
0.9367818925128013
0.6669267976791866
0.951177949671476
0.5839245262947969
0.16299382023403372
0.39025255973122075
0.17918938453754285
0.35336266133815863
0.216979034579064
0.3201617527844027
0.26196671319992265
0.2888053391502999
0.31235291325528425
0.2648269051948095
0.6740538493669872
0.30540579342717783
0.7190415279878457
0.3349177121416275
0.76222969946387
0.38471907497226143
0.7928213209260538
0.4400539225618546
0.819813928098569
0.48801079047283547
0.2493701631860822
0.4714103361959574
0.2673652346344257
0.45112089207977324
0.3033553775311125
0.4400539225618546
0.337546013282965
0.4455874073208139
0.3483430561519711
0.46956584127630435
0.34294453471746805
0.4953887701514477
0.32135044897945597
0.5230561939462444
0.28895932037243777
0.5304341736248569
0.25836769891025396
0.5156782142676319
0.2403726274619105
0.4953887701514477
0.573281449256264
0.4787883158745699
0.5858779992701044
0.48616629555318225
0.636264199325466
0.48616629555318225
0.6758533565118215
0.5046112447497133
0.6920489208153306
0.5433456380624285
0.6902494136704963
0.5747020516965313
0.6614572993531468
0.602369475491328
0.6182691278771225
0.5894580110537563
0.5804794778356013
0.567324072017919
0.5588853920975893
0.5322786685445099
0.3015558703862782
0.49354427523179467
0.6200686350219569
0.5359676583838161
0.37893467761415495
0.6779937671971055
0.22597657030323573
0.7510570486490566
0.2871598132276034
0.7713464927652409
0.3699371418899832
0.7824134622831596
0.44011792053852256
0.8137698759172624
0.5102986991870619
0.7953249267207313
0.5102986991870619
0.8015749268138636
0.44011792053852256
0.8200198760103946
0.3699371418899832
0.7886634623762918
0.2871598132276034
0.7775964928583732
0.22597657030323573
0.7573070487421889