0.11730132625123715
0.5888386147947895
0.15736755201383337
0.6510256581896583
0.19014900945595756
0.7363107462740498
0.2229304668980817
0.8198190616900162
0.28849338178233
0.8784525597480354
0.37955298578823043
0.9086576951112574
0.4724337818742489
0.9299789671323551
0.5707781542006214
0.9424163758113289
0.6636589502866398
0.9210951037902311
0.7437914018118322
0.8713454690743361
0.8129967008563166
0.8056048803426177
0.8712748474200928
0.7345339736056248
0.916804649423043
0.6528024308580831
0.9423013385446952
0.5621870247684172
0.9404801464645771
0.46446452800505206
0.922268225663397
0.37207234924696136
0.898592728621863
0.2779033978204459
0.0957860400198317
0.5210126878801525
0.14635357766324453
0.49725919356833925
0.19692111530665746
0.45706097242527055
0.23437855059807433
0.40041802445094643
0.24561578118549945
0.34560226834676183
0.47972475175685525
0.2469339073592296
0.5396566482231224
0.2798233610217403
0.629554492922523
0.2816505528918798
0.7119608505636403
0.2871321285022983
0.7981129517338992
0.28347774476201926
0.21003121765865332
0.608717897646848
0.21377696118779504
0.5447661821919659
0.2493615247146411
0.49725919356833925
0.31865778000376244
0.4936048098280603
0.35986095882432106
0.5374574147114081
0.35986095882432106
0.5374574147114081
0.31865778000376244
0.4936048098280603
0.2493615247146411
0.49725919356833925
0.21377696118779504
0.5447661821919659
0.21003121765865332
0.608717897646848
0.5808598270436809
0.4698513155162469
0.5977156729248186
0.39310925697038857
0.6632661846847984
0.36021980330787773
0.7381810552676321
0.3894548732301095
0.7868757211464741
0.4406162455940152
0.7868757211464741
0.4406162455940152
0.7381810552676321
0.3894548732301095
0.6632661846847984
0.36021980330787773
0.5977156729248186
0.39310925697038857
0.5808598270436809
0.4698513155162469
0.2493615247146411
0.4942104131941103
0.6632661846847984
0.3571710229336488
0.48478150552119653
0.562954585305357
0.4535045470528634
0.7384485204267515
0.46286890587571766
0.729312561076054
0.5021992129317053
0.7238309854656355
0.543402391752264
0.7110406423746591
0.5658768529271141
0.7110406423746591
0.5602582376334018
0.740275712296891
0.545275263516835
0.7749923578295412
0.5246736741065556
0.7987458521413546
0.48721623881513865
0.7877827009205176
0.4609960341111468
0.7640292066087043