0.04934842835198967
0.4547806291390729
0.07167271736836595
0.5334230132450332
0.07370219818803651
0.6238617549668874
0.09196752556507164
0.7084023178807948
0.14676350769617708
0.7752483443708609
0.21982481720431757
0.8204677152317881
0.2989745691714697
0.8676531456953642
0.378124321138622
0.9030422185430464
0.4633625155647859
0.9148385761589404
0.5425122675319382
0.8873137417218544
0.6155735770400786
0.8519246688741722
0.6906643673678898
0.814569536423841
0.7474898303186658
0.763451986754967
0.7961973699907594
0.7044701986754967
0.8327280247448295
0.6297599337748345
0.844904909662853
0.5452193708609272
0.8347575055645002
0.47050910596026496
0.09805596802408334
0.4134933774834437
0.14270454605683594
0.3840024834437087
0.1792352008109062
0.3466473509933775
0.22794274048299984
0.3151903973509934
0.28273872261410515
0.2974958609271523
0.5059816127778679
0.28176738410596025
0.5709249990073262
0.2935637417218543
0.6277504619581021
0.34074917218543044
0.680516963269537
0.38596854304635764
0.7332834645809717
0.42135761589403975
0.1528519501551887
0.5197123344370861
0.16502883507321214
0.4292735927152318
0.2259132596633292
0.37815604304635764
0.2746207993354229
0.4430360099337749
0.2989745691714697
0.5177462748344371
0.2989745691714697
0.5255587748344371
0.2746207993354229
0.4508485099337749
0.2259132596633292
0.38596854304635764
0.16502883507321214
0.4370860927152318
0.1528519501551887
0.5275248344370861
0.5120700552368795
0.5197123344370861
0.5445417483516086
0.4469681291390729
0.6115146154007375
0.40961299668874174
0.6622516358925017
0.47252690397350994
0.6906643673678898
0.5433050496688742
0.6906643673678898
0.5511175496688742
0.6622516358925017
0.48033940397350994
0.6115146154007375
0.41742549668874174
0.5445417483516086
0.4547806291390729
0.5120700552368795
0.5275248344370861
0.22347788267972452
0.4614911009933774
0.6042084844499234
0.4823313327814569
0.4097842219254828
0.5466783940397351
0.30100404999114033
0.6336920529801324
0.34159366638455174
0.6258278145695364
0.4085665334336806
0.6297599337748345
0.4735099196631388
0.6297599337748345
0.48974576622050336
0.6789114238410596
0.4735099196631388
0.7143004966887418
0.44915614982709196
0.769350165562914
0.3984191293353277
0.798841059602649
0.35174107048290454
0.769350165562914
0.3294167814665283
0.7123344370860927