0.06750942642349121
0.5327616460858151
0.10159825408465473
0.5982849457080262
0.1195397423273724
0.6790462219865653
0.13568708174581828
0.7582837005994715
0.18592324882542777
0.81161661889662
0.2576892017962984
0.8573305488656043
0.33842589888852787
0.8999968835033231
0.4191625959807573
0.9319966344816121
0.5124583348428892
0.9411394204754091
0.5949891807593904
0.9167586578252841
0.6811083243244351
0.8878065021782605
0.7636391702409364
0.8573305488656043
0.8371992720360787
0.8192356072247841
0.9053769273584059
0.7735216772557997
0.9484364991409283
0.7079983776335886
0.9789370291535483
0.631808494351948
0.9914960709234508
0.5525710157390418
0.045979640532230005
0.24476388728121354
0.11595144467882885
0.2721922452626041
0.18054080235261247
0.30571579390652603
0.2469243088506678
0.3392393425504479
0.30971951770017964
0.3681914981974713
0.49631099542444324
0.3697152958631042
0.5788418413409445
0.3316203542222838
0.6685492825545328
0.2889540195845651
0.751080128471034
0.23562110128741665
0.8228460814419046
0.18228818299026817
0.1249221888001877
0.4611431558010729
0.15004027233999243
0.38495327251943234
0.23257111825649365
0.34838212854424483
0.31330781534872315
0.3864770701850651
0.3563673871312455
0.45657176280417455
0.3653381312526044
0.5373330390827136
0.3402200477127997
0.6104753270330886
0.25589505297202664
0.6516178640051746
0.1787466535283407
0.6089515293674558
0.13030463527300298
0.5373330390827136
0.5609003530982268
0.420000618828987
0.5949891807593904
0.3316203542222838
0.6990498125671528
0.31181098456905726
0.8049045931991871
0.3560011168724088
0.8838471414671447
0.420000618828987
0.9143476714797647
0.5236188600920182
0.8479641649817095
0.5845707667173308
0.727756193755501
0.6135229223643542
0.6147248178263798
0.5921897550454949
0.5788418413409445
0.5053332881044246
0.29177802945746195
0.5190474670951198
0.682902473148707
0.5083808834356902
0.4842303933410134
0.5636318950019171
0.3958386612652244
0.7380972687687796
0.43351578657493145
0.718287899115553
0.48734025130308445
0.718287899115553
0.5357822695584221
0.718287899115553
0.5734593948681292
0.7320020781062483
0.5734593948681292
0.7354267356149792
0.5357822695584221
0.7217125566242839
0.48734025130308445
0.7217125566242839
0.43351578657493145
0.7217125566242839
0.3958386612652244
0.7415219262775105