0.10037251655629142
0.4802704265826356
0.09588852097130246
0.5466335622293601
0.08916252759381904
0.6201710909189735
0.10037251655629142
0.6919150213478649
0.14072847682119205
0.7528973622124223
0.19902041942604864
0.8049117117733685
0.25731236203090513
0.8479580700307033
0.32008830022075063
0.891004428288038
0.3940742273730685
0.9232891969810391
0.4837541390728477
0.9197020004595946
0.5711920529801325
0.903559616113094
0.6496619757174393
0.8802428387237043
0.7281318984547462
0.8497516682914255
0.7909078366445916
0.8084989082948131
0.8514417770419427
0.7546909604731448
0.8985237306843268
0.6955022178693093
0.9321536975717439
0.6363134752654741
0.12503449227373076
0.2273730718207939
0.15642246136865345
0.20943708921357101
0.19902041942604864
0.2058498926921265
0.23937637969094927
0.21481788399573787
0.2640383554083886
0.22378587529934926
0.5958540286975719
0.24172185790657214
0.6496619757174393
0.2435154561672944
0.6877759381898456
0.2596578405137949
0.7146799116997793
0.2847682161639069
0.7258899006622517
0.31167219007474106
0.11606650110375283
0.4031457013715775
0.14745447019867552
0.36189294137496497
0.2169564017660045
0.3654801378964096
0.2640383554083886
0.40493929963229974
0.2797323399558499
0.46054084571469045
0.26628035320088306
0.5000000074505806
0.22368239514348787
0.5448399639686378
0.1586644591611479
0.5681567413580274
0.12279249448123619
0.5233167848399702
0.11158250551876381
0.4659216404968573
0.521868101545254
0.47668323006119107
0.5711920529801325
0.42108168397880025
0.6519039735099339
0.4461920596289122
0.7326158940397351
0.48565122136480243
0.7841818432671082
0.5412527674471932
0.7617618653421634
0.5932671170081394
0.69001793598234
0.6363134752654741
0.5958540286975719
0.6524558596119746
0.5196261037527594
0.6201710909189735
0.5061741169977926
0.5556015535329715
0.16733470488081725
0.48247730571387604
0.5500673950056754
0.5470346279017348
0.39945502207505523
0.584717631965363
0.3066363134657837
0.7170253969979768
0.3357822847682119
0.7134382004765322
0.3851062362030906
0.7134382004765322
0.4321881898454747
0.7170253969979768
0.43891418322295817
0.7457229691695332
0.42770419426048567
0.7762141396018121
0.40304221854304645
0.7995309169912017
0.36044426048565126
0.8031181135126462
0.33354028697571747
0.7780077378625344
0.3178463024282562
0.7511037639517