0.03474106851792488
0.5201289686713589
0.046140481625369024
0.5933252048388814
0.07121919046174607
0.675670970527344
0.11453696027003371
0.7488672066948665
0.18065355629320964
0.8129139133414487
0.2650092132882961
0.851341937329398
0.36532404863380435
0.8714709022754666
0.4656388839793126
0.8915998672215354
0.5705134845677985
0.911728832167604
0.6753880851562843
0.8989194908382876
0.7597437421513707
0.855001749137774
0.8258603381745466
0.8001045720121323
0.8691781079828345
0.7287382417487979
0.9102159951696333
0.6537120996770874
0.9398544692489879
0.5731962398928128
0.9352947040060103
0.48353085058759765
0.9193355256555885
0.3975252730907588
0.2232001512760675
0.34851245853783525
0.25602425022154335
0.31463946706734836
0.3029158201436517
0.29205747275369054
0.36387486104239264
0.2826483084563331
0.40607727397229015
0.29582113847263347
0.6522580160633591
0.25253898270478925
0.6921158504971514
0.23748431982901724
0.7530748913958922
0.23936615268848876
0.7929327258296842
0.26006631414267517
0.8304459817673709
0.28641197417527603
0.3014032084446036
0.4229090831677122
0.3367846534240279
0.3906482579645822
0.3904585461479165
0.36466037099539406
0.4503903815212271
0.36167325755065977
0.48168009476833706
0.4017005777100989
0.4850497561949489
0.4494943928258471
0.46796075895998884
0.49459980584133445
0.41236134542089353
0.5071456823092184
0.3509853694361778
0.4951972285302813
0.3059763203807197
0.4641312487050451
0.6943809939768104
0.3939191471865662
0.7081324405769863
0.3510092625529585
0.7501105407248916
0.3273038018113151
0.7949836822623073
0.33960663586710466
0.8258641237504216
0.37411458504797807
0.8263466306486733
0.4131235710785304
0.807046354718602
0.45183248798577097
0.7691695632058371
0.477338363467286
0.7223663940754139
0.46623580590474417
0.6982410491628249
0.4305275802306231
0.43655679442166057
0.45389509866823874
0.7390074204192597
0.4237857729166949
0.6381905450867267
0.5686869030959997
0.4088926188709042
0.6740282140906302
0.4958509973373334
0.637319885764912
0.5971730365325926
0.629804794926576
0.6992714898213017
0.6266253334180494
0.7978760796894848
0.6376089277202326
0.7807949696335791
0.7118927102376306
0.7182936351108332
0.776060024318807
0.6235711157099013
0.8121902687338838
0.5241901117482679
0.7988943387891355
0.45314822219756906
0.7413749896803332