0.11729535631936941
0.4973300117259331
0.09725998432738081
0.5881101196836871
0.051725047981952134
0.6646502107068912
0.008011509090340622
0.7358502953796394
0.046260855620500696
0.8177303927532998
0.11000976650410085
0.8729104583746797
0.1810442672029696
0.9209705155287846
0.26847134498619263
0.95479055574834
0.3650054100385014
0.9779305832669832
0.4724678598137131
0.979710585383802
0.5781089121351075
0.9672505705660709
0.6782857720950506
0.9530105536315213
0.7657128498782736
0.919190513411966
0.8367473505771423
0.8746904604914985
0.882282286922571
0.8034903758187503
0.9096032487298282
0.7127102678609963
0.9296386207218168
0.6361701768377921
0.17558007484151814
0.42790992917000364
0.19015125447205533
0.39764989318408567
0.21929361373312964
0.36738985719816775
0.2557215628094726
0.3460298317963433
0.2903281144319984
0.33534981909543105
0.6382150281110733
0.36916985931498647
0.6873927593641364
0.3816298741327174
0.7311062982557479
0.40476990165136056
0.7620700549706394
0.4528299588054655
0.7839268244164452
0.5026700180763892
0.2157669992972277
0.5058909248517777
0.241995181919949
0.4896540428343031
0.2728248000905162
0.4864578062166899
0.3039611806309397
0.49464017195777954
0.3277352642948099
0.5139454411281627
0.32298044756203587
0.538876086745545
0.29521845309003264
0.552811678398338
0.26423545373453733
0.5551129687630194
0.2327923108242574
0.5468027535572254
0.20717765294124885
0.5305658715397508
0.5568535910780892
0.5341830279334678
0.5875256826262976
0.5174957224172652
0.6232054625905402
0.5230581575893327
0.6559119275577623
0.5435199726865815
0.6807938793749315
0.5671603221678688
0.6873664704209761
0.6011309083972817
0.6535645736127464
0.60510407637733
0.6153809494404869
0.5993429828062599
0.5784492473722359
0.588814087659132
0.5570100813410901
0.5617965453948035
0.2721141398938269
0.5364900582959445
0.5824734307578857
0.5640427621439198
0.36136261513086704
0.7020302551600841
0.19015125447205533
0.7589903228982826
0.2702927424400097
0.7928103631178379
0.3777551922152214
0.7892503588842007
0.4688250649060788
0.8301904075710308
0.5762875146812904
0.8017103737019315
0.5762875146812904
0.8017103737019315
0.4688250649060788
0.8301904075710308
0.3777551922152214
0.7892503588842007
0.2702927424400097
0.7928103631178379
0.19015125447205533
0.7589903228982826