0.07313985223974417
0.721943815584165
0.11339436479069077
0.7718811713664835
0.16773795673446873
0.8273671222357265
0.22811972556088875
0.8810035414093279
0.30862875066278195
0.9142951119308736
0.38913777576467523
0.9401885556698537
0.4756849777492105
0.958683872626268
0.5682703566163877
0.9679315311044752
0.6608557354835649
0.958683872626268
0.7232502299375322
0.9124455802352323
0.7735683706262154
0.8514110342790652
0.8218737856873515
0.7922260200185393
0.8701792007484875
0.7256428789754478
0.9003700851616975
0.6553606745410735
0.9084209876718867
0.5702822165415677
0.8983573595341501
0.4833542268464206
0.8762173776311294
0.40382436393383914
0.1194325416733328
0.4593103148030821
0.14761070045899544
0.42231968089025346
0.1818270361273001
0.3927271737599906
0.2180560974231521
0.37238232510793484
0.2643487868567406
0.3668337300210106
0.4998376852797785
0.25401229658688346
0.5300285696929885
0.23181791623918624
0.5622321797337457
0.21517213097841337
0.5984612410295977
0.20592447250020623
0.6286521254428078
0.21147306758713055
0.20656211820515097
0.6538305787509441
0.24517318517604797
0.6210611856723326
0.2845669089098686
0.5909203535358557
0.33022188674707786
0.5656861684913636
0.3800510339865462
0.5588519100418136
0.3800510339865462
0.5938993892702749
0.35500601757299144
0.6352554147598596
0.317177607365018
0.6664476712731904
0.2657831465997025
0.681167612549144
0.21647577053551642
0.6823942743221403
0.6090566389135426
0.4910772636133291
0.6468083180663274
0.4610673317004766
0.6925459293475861
0.4383413638441417
0.73949353034528
0.422316642919803
0.7876511210594092
0.407457356244507
0.7881351169459836
0.44008951521770584
0.7612733452411172
0.4770920526248153
0.7244896578614809
0.5114723629715784
0.6727020979980453
0.5184649684658352
0.6228505216809064
0.515842741405489
0.3071209198861858
0.6226800163049213
0.6900413993790441
0.46671473965044563
0.5355145120527692
0.6168721114515128
0.557571611878812
0.7672331995456548
0.5679208140272677
0.7463110282871275
0.5927588991835613
0.7329969193044285
0.6196668247695458
0.7253888570286002
0.6424350694961483
0.7272908725975573
0.6548541120742949
0.7482130438560846
0.6403652290664571
0.7710372306835689
0.6155271439101635
0.784351339666268
0.5865493778944878
0.7900573863731392
0.5617112927381943
0.780547308528354