0.10485651214128039
0.35830574485352046
0.08243653421633557
0.4443984613681899
0.06898454746136867
0.534078374404304
0.0779525386313466
0.6255518857011404
0.12951848785871967
0.6972958161300317
0.19005242825607072
0.7690397465589229
0.2550703642384107
0.8336092839449251
0.3380242825607065
0.8820364369844267
0.4411561810154526
0.903559616113094
0.5510140728476822
0.8945916248094826
0.6451779801324504
0.8641004543772037
0.7281318984547462
0.8264348909020358
0.8043598233995586
0.7815949343839789
0.876103752759382
0.7313741830837549
0.9187017108167772
0.654249457872697
0.9500896799116998
0.5699503396187497
0.9702676600441502
0.49103201614696923
0.1698744481236204
0.20405629443140422
0.22368239514348787
0.19329470486707048
0.28645833333333337
0.19508830312779285
0.331298289183223
0.21481788399573787
0.35596026490066235
0.2506898492101835
0.6003380242825608
0.27580022486029543
0.6832919426048567
0.2560706439923504
0.7707298565121414
0.2722130283388509
0.8469577814569538
0.31167219007474106
0.8962817328918324
0.36368653963568726
0.20350441501103755
0.34575055702846447
0.2483443708609272
0.32602097616051934
0.2999103200883003
0.3206401813783525
0.3492342715231789
0.3439569587677422
0.3649282560706403
0.3870033170250769
0.36044426048565126
0.419288085718078
0.3268142935982341
0.4461920596289122
0.27300634657836653
0.4408112648467454
0.22592439293598243
0.4157008891966334
0.2012624172185431
0.37444812920002096
0.5936120309050773
0.3977649065894106
0.6429359823399559
0.3780353257214655
0.7034699227373069
0.39059051354652147
0.759519867549669
0.4103200944144666
0.8066018211920531
0.43901766658602304
0.7953918322295808
0.4820640248433578
0.7393418874172186
0.5000000074505806
0.6765659492273732
0.4982064091898584
0.6205160044150111
0.47668323006119107
0.5868860375275939
0.4372240683253008
0.28197433774834446
0.3959713083286884
0.6496619757174393
0.4497792561503568
0.3694122516556292
0.5735375361401942
0.275248344370861
0.6273454839618625
0.3582022626931568
0.6237582874404181
0.43891418322295817
0.6416942700476408
0.5330780905077264
0.64886866309053
0.5868860375275939
0.6972958161300317
0.5824020419426049
0.7582781569945892
0.4994481236203091
0.7744205413410896
0.40752621412803536
0.7618653535160338
0.3223302980132451
0.7421357726480886
0.2550703642384107
0.6955022178693093