0.018578345261547995
0.5369335550272565
0.02207088014100352
0.6296603515861549
0.03778728709855328
0.7145289450468417
0.07795143821229154
0.783681132311105
0.14605586836167384
0.8324019915200178
0.21939910083023936
0.8826944913485729
0.2944886007385326
0.9267004286985585
0.38180197272492017
0.9597048817110478
0.47610041447021867
0.9832794910056831
0.5773839259744282
0.9832794910056831
0.6646972979608158
0.9502750379931938
0.7450256001882923
0.9141273037414198
0.8236076349760411
0.8606915226735801
0.8952046000048789
0.8072557416057401
0.9353687511186172
0.7365319137218346
0.9441000883172558
0.6453767577825783
0.9475926231967113
0.5605081643218917
0.14954840324112934
0.2854710558844808
0.22638417058915036
0.24146511853449512
0.32941394953308767
0.23832183729521042
0.42196612383865845
0.2917576183630502
0.4900705539880406
0.3546232431487441
0.704861449074554
0.39391425863980284
0.7362942629896536
0.3184755088969702
0.7834434838623028
0.24932332163270685
0.8620255186500515
0.2178905092398599
0.9388612859980727
0.24146511853449512
0.16875734507813456
0.4756395708612049
0.22813043802887809
0.3844844149219488
0.3224288797741766
0.33890683695232066
0.42895119359756945
0.37348293058445226
0.46562280983185217
0.4457783990880003
0.4673690772715799
0.5510783206040375
0.42545865871811395
0.6485200390218632
0.3189363448947211
0.6642364452182866
0.21066776363160056
0.6296603515861549
0.14430960092194609
0.5526499612236799
0.6664435654005435
0.4693530083826355
0.7031151816348262
0.3844844149219488
0.7747121466636641
0.33576355571303595
0.8445628442527741
0.3844844149219488
0.8829807279267845
0.4662097271433508
0.88647326280624
0.5322186331683294
0.8445628442527741
0.6076573829111621
0.7712196117842085
0.6610931639790019
0.6856525072375488
0.6359469140647243
0.6559659607621771
0.5589365237022492
0.3695781006468259
0.5447917581254682
0.7450256001882923
0.5432201175058258
0.5452213930619575
0.6137849538386747
0.31404478885952986
0.7790630673740863
0.40881492353395016
0.699028182563346
0.5469798040856052
0.70913785222365
0.6836483140897693
0.7217749392990301
0.787396672049135
0.7647410353553222
0.7903894131441166
0.8801597639771266
0.6831495239072726
0.9559822864294069
0.5444858531731206
0.9593521763161749
0.40482460207397464
0.9517699240709468
0.2965871324721366
0.8919543785808147