0.08957378279467096
0.4480734630827083
0.0973849562706043
0.5225015206891575
0.10129054300857107
0.6142384289017576
0.1130073032224711
0.7007826819325125
0.16573272418502152
0.7648254291752712
0.22626931862350533
0.816751980993724
0.3043810533828392
0.8721403029334073
0.3805399947731898
0.9257977398124752
0.45865172953252364
0.9396448202973959
0.5562913979816911
0.9309903949943205
0.6422143062169583
0.9015653489638639
0.7281372144522257
0.8582932224484864
0.8023433624735928
0.8132902108724938
0.8628799569120768
0.7475165785691202
0.9058414110297103
0.6713576359020558
0.9273221380885271
0.5882751529925312
0.9488028651473439
0.49826912984054617
0.16377993081603814
0.13824503723260587
0.19307183135078834
0.1347832671113756
0.23993887220638874
0.1486303475962964
0.275089152848089
0.1728627384449078
0.29852267327588916
0.20401866953597955
0.5816777117784746
0.1538230027781417
0.6363559261100082
0.1399759222932209
0.6988453139174754
0.13824503723260587
0.7515707348800258
0.1486303475962964
0.7925793956286762
0.17113185338429265
0.1266768568053546
0.371914520415644
0.15206317060213803
0.30960265823350047
0.21455255840960522
0.30267911799104014
0.2731363594791056
0.36499098017318365
0.29852267327588916
0.4290337274159422
0.2926642931689391
0.48788381947685555
0.2653251860031723
0.551926566719614
0.19307183135078834
0.5744280725076104
0.14815758386417135
0.5155779804466971
0.13253523691230457
0.4498043481433233
0.5777721250405079
0.3874924859611798
0.6051112322062747
0.33037327896088164
0.7007981072864587
0.3269115088396514
0.7808626354147761
0.37364540547625913
0.8492104033291933
0.4515352332039384
0.8511631966981766
0.5225015206891575
0.7769570486768093
0.5796207276894557
0.6832229669656087
0.602122233477452
0.5973000587303413
0.5640427621439198
0.5680081581955913
0.48269116429501024
0.20283579819570507
0.4567278883857837
0.6597894465378085
0.48615293441624047
0.4418577065592669
0.5456376843327126
0.35515368097640626
0.6955900267506672
0.370776027928273
0.6592414404777501
0.4235014488908234
0.674819406023286
0.454746142794557
0.7007826819325125
0.47232128311540705
0.7405930383266597
0.4781796632223571
0.7838651648420372
0.454746142794557
0.8150210959331089
0.41178468867692336
0.8063666706300334
0.38639837488013984
0.7752107395389616
0.3610120610833563
0.7388621532660447