0.09234636017226026
0.45340658868499156
0.09448678502612128
0.5338030309711289
0.10090805958770424
0.6160266651274059
0.11375060871087027
0.6964231074135433
0.15869953064195103
0.7530660553878673
0.21006972713461491
0.8060546196219125
0.27214204789658375
0.8626975675962365
0.33635479351241354
0.9102045562198632
0.42411221252071435
0.9284764749212582
0.511869631529015
0.9102045562198632
0.5932057759757328
0.8846238700379104
0.6681206458608676
0.8535616082455392
0.7408950908921415
0.8170177708427494
0.8136695359234152
0.7713379740892623
0.873601431831523
0.7055590667642407
0.9099886543471598
0.6288170082183823
0.9228312034703258
0.5520749496725238
0.10518890929542628
0.32550315777522754
0.1330144323956192
0.29261370411271675
0.18438462888828297
0.27799616915160086
0.23789525023480784
0.2725145935411824
0.2871250218736107
0.2798233610217403
0.5375547297753469
0.3218487740349485
0.6338738481990918
0.330984733385646
0.7173504174996704
0.3657013789182962
0.8115291110695542
0.3894548732301095
0.869320582123801
0.43513466998359673
0.15441868093422909
0.4296530943731782
0.18866547859600502
0.39310925697038857
0.2464569496502518
0.37849172200927267
0.3042484207044986
0.38762768135997006
0.32351224438924764
0.43330747811345727
0.3192313946815256
0.48812323421764187
0.28498459701974965
0.5283214553607104
0.22719312596550287
0.5465933740621055
0.16940165491125608
0.5246670716204315
0.15013783122650715
0.4789872748669444
0.5439760043369299
0.4314802862433177
0.5953462008295939
0.39859083258080696
0.6702610707147285
0.42234432689262025
0.7430355157460022
0.45340658868499156
0.7879844376770831
0.4917776179579208
0.7794227382616393
0.5575565252829423
0.7280525417689754
0.5959275545558715
0.6467163973222575
0.5886187870753137
0.5825036517064278
0.5557293334128028
0.5482568540446519
0.5009135773086182
0.2464569496502518
0.4698513155162469
0.6616993712992846
0.5137039203995946
0.4224008977453142
0.5560607775194791
0.33872279227315055
0.6985371259144603
0.3520204892100687
0.6900916751193388
0.37055238600513524
0.6907290676321781
0.38682084502370506
0.6966249483759421
0.3994112176554679
0.7049110510428539
0.3972892447400023
0.7213239082484673
0.3824354343317428
0.7286539221461198
0.36461086184183145
0.7305660996846379
0.34848386768429257
0.7230767376587754
0.33787400310696436
0.7120817168122965