0.05152314754940832
0.534675410077627
0.06551216528238255
0.6023347122873794
0.06084915937139112
0.6835258749390821
0.04219713572742548
0.7579511073698098
0.0981532066593223
0.8103870665823679
0.16343528941320204
0.8560570955739507
0.24037488694456022
0.8966526768998021
0.3289719992533969
0.9270993628941908
0.42922662633971204
0.9440141884466288
0.5411387682035057
0.933865293115166
0.6460564012008123
0.9169504675627279
0.7253275016876664
0.8814293339026079
0.813924613996503
0.8425252351320003
0.890864211527861
0.7900892759194421
0.9328312647267837
0.7105895958229832
0.9514832883707494
0.6327813982817679
0.9468202824597579
0.5549732007405527
0.11214222439229657
0.3519952941112956
0.12613124212527074
0.32662305578263845
0.15177777463572348
0.3080167476749565
0.18208731305716763
0.29279340467776227
0.22405436625609024
0.28941043956727464
0.5994263420908983
0.2961763697882499
0.6507194071118038
0.30125081745398136
0.6856919514442392
0.32493157322739463
0.7183329928211792
0.3536867766665394
0.7509740341981189
0.3824419801056842
0.12146823621427942
0.5126861368594575
0.1377887569027493
0.47716500319933747
0.1797558101016719
0.4568672125364118
0.22405436625609024
0.47547352064409365
0.2543639046775344
0.5042287240832384
0.2380433839890645
0.5397498577433584
0.2170598573896032
0.5735795088482346
0.17742430714617619
0.5989517471768918
0.12846274508076647
0.5854198867349413
0.11913673325878371
0.5498987530748213
0.5224867445595401
0.5093031717489699
0.5481332770699928
0.46701610786787456
0.6134153598238725
0.4602501776468993
0.6693714307557694
0.48731389853080037
0.7206644957766749
0.5177605845251889
0.711338483954692
0.5549732007405527
0.6717029337112651
0.5938772995111603
0.6064208509573854
0.6158665727293298
0.5434702711590014
0.6040261948426231
0.5224867445595401
0.5549732007405527
0.14944627168022775
0.5414413402986022
0.5574592888919757
0.5549732007405527
0.3814274658914819
0.6195659368635232
0.3459892909400609
0.7904688760742815
0.3473895326575856
0.7910648286489779
0.35146296310856656
0.7902702252160494
0.35528180415636135
0.7914621303654422
0.3587187610993765
0.7946405440971561
0.35935523460734237
0.7972230052541738
0.35642745647069973
0.7992095138364949
0.35108107900378716
0.7992095138364949
0.34662576444802673
0.7988122121200307
0.3434433969081978
0.7952364966718525