0.08266459063114914
0.6299512776614026
0.1191273883836258
0.6998000853997194
0.13938449824611285
0.7680245022604009
0.16166731909484863
0.8330001373658118
0.2264900706548072
0.8687367366737878
0.2953642441872631
0.9012245542264933
0.3723412616647139
0.9337123717791989
0.45539541210091083
0.9580782349437279
0.5384495625371077
0.9564538440660927
0.6134008690283098
0.9337123717791989
0.688352175519512
0.9028489451041286
0.763303482010714
0.870361127551423
0.8301519445569213
0.8346245282434471
0.886871852171885
0.7826440201591184
0.9334632048556051
0.7192927759313427
0.9577717366905897
0.6494439681930259
0.961823158663087
0.5828439422099796
0.1089988334523823
0.5568536881678153
0.1373587872598641
0.5113707435940276
0.17989871797108697
0.46913658077551046
0.22446435966855846
0.4415219358557108
0.2730814233385274
0.4204048544464523
0.5971951811383202
0.39441460040428783
0.6660693546707762
0.4106585091806407
0.7329178172169833
0.4333999814675344
0.7916634358181958
0.46101462638733404
0.8179976786394291
0.4951268348176749
0.17989871797108697
0.5682244243112622
0.21433580473731498
0.5276146523703803
0.2670042903797813
0.5000000074505807
0.323724197994745
0.519492697982204
0.34803272982972944
0.566600033433627
0.35816128476097303
0.6169561506403203
0.3338527529259885
0.6640634860917434
0.27105571235227865
0.6835561766233667
0.20825867177856877
0.6689366587246492
0.17382158501234085
0.6234537141508615
0.5809894932483305
0.5568536881678153
0.6113751580420612
0.5129951344716628
0.6822750425607659
0.5097463527163923
0.7450720831344756
0.5357366067585567
0.7957148577906933
0.573097596944168
0.803817701735688
0.6218293232732263
0.7470977941207244
0.6526927499482964
0.6843007535470145
0.6721854404799197
0.6113751580420612
0.6575659225812023
0.5789637822620818
0.6104585871297793
0.2933385332010145
0.6104585871297793
0.6356836898770456
0.6088341962521441
0.4724789080849417
0.6585124426502857
0.4088040594171906
0.7746782572014838
0.4290611692796777
0.7974197294883777
0.46957538900465173
0.8055416838765541
0.5060381867571285
0.7974197294883777
0.5141410307021232
0.769805084568578
0.5141410307021232
0.774522065770942
0.5060381867571285
0.8021367106907417
0.46957538900465173
0.8102586650789181
0.4290611692796777
0.8021367106907417
0.4088040594171906
0.7793952384038477