0.19245636567503008
0.5823874493646484
0.21506580880924497
0.6530052551230106
0.2356198480221676
0.7272444868176989
0.2664509068415516
0.7960515796078981
0.32811302448031954
0.83769797787565
0.4062183734894256
0.8702908113025865
0.4843237224985316
0.9083157836340122
0.5624290715076375
0.9354764781564593
0.6467006322806204
0.9372871911246224
0.7186397695258496
0.8992622187931967
0.7926343106923711
0.8558051075572813
0.8604626400950159
0.8123479963213661
0.924180161655076
0.7616480332127985
0.9776206636086747
0.7073266441679045
1.0125625302706434
0.6312766995050528
1.0372273773261504
0.5534160418740381
1.0310611655622737
0.4773660972111866
0.09585238137429365
0.3252662078854834
0.1287388441149699
0.27637695774507876
0.18012394214727656
0.25102697619079495
0.24795227154992122
0.24378412431814236
0.3075589852673969
0.2600805410316106
0.5459858401372994
0.21300200385936918
0.636423612674159
0.18040917043243276
0.7412492126600646
0.21300200385936918
0.8296315812756319
0.2709448188405894
0.8954045067569842
0.32888763382180963
0.18423474998986106
0.48823037502016536
0.20684419312407595
0.4266661341026189
0.2664509068415516
0.3813983098985405
0.33016842840161176
0.4176125692618032
0.3692211029061648
0.48098752314751286
0.3918305460403797
0.5570374678103645
0.37949812251262605
0.6276552735687266
0.3116697931099814
0.6457624032503578
0.2500076754712135
0.6004945790462796
0.20067798136019918
0.549794615937712
0.5870939185631447
0.4176125692618032
0.6138141695399443
0.34337333756711474
0.7145289616832651
0.32888763382180963
0.8070221381414169
0.35423761537609355
0.8707396597014772
0.3995054395801718
0.893349102835692
0.4918518009564916
0.8584072361737236
0.5570374678103645
0.7638586557942794
0.5896303012373009
0.6775316911000043
0.564280319683017
0.62820199698899
0.49728393986098096
0.3425008519293654
0.5606588937466906
0.7104181538406806
0.5081482176699599
0.5218005873300937
0.5673321818013725
0.480212914655947
0.7158599668499569
0.5028223577901619
0.7393992354360776
0.5377642244521305
0.7448313743405669
0.566539879350222
0.7285349576270987
0.5870939185631447
0.7068064020091411
0.5870939185631447
0.7127587830723938
0.566539879350222
0.7344873386903514
0.5377642244521305
0.7507837554038196
0.5028223577901619
0.7453516164993302
0.480212914655947
0.7218123479132096