0.08846637699753045
0.3245273119282742
0.09015167690813537
0.42333718035863527
0.09352227672934531
0.5170361935253569
0.10194877628237005
0.6107352066920786
0.1339694745838642
0.6942125093315217
0.18452847190201283
0.769171719864899
0.24351396877318618
0.8373164567134238
0.3075553653761744
0.9003503382983093
0.3833938613533973
0.9395335619862112
0.4744000565260648
0.9446444172498505
0.5670915516093373
0.9327190883013586
0.6547271469607948
0.9139792856680142
0.7406774424016475
0.8816105356649651
0.8215718381106852
0.839020075134637
0.8957250341773033
0.7776898119709645
0.9513399312272668
0.7044342198588003
0.9833606295287608
0.6277713909042097
0.1693607727065682
0.12520395664633896
0.23508746922016147
0.0962424434857159
0.3142965650185942
0.10135329874935527
0.3817085614427924
0.13883290401604398
0.41204395983368153
0.21038487770699507
0.6918037449941038
0.3143056014009955
0.7743834406137465
0.28193685139794616
0.8687602356076239
0.2972694171888643
0.9547105310484766
0.3381562592979792
1.0018989285454154
0.40630099614650406
0.2030667709186673
0.3736083186971677
0.24856986850500107
0.3531648976426102
0.2957582660019398
0.3719047002759546
0.33114956412464375
0.4144951608062826
0.3480025632306933
0.448567529230545
0.3480025632306933
0.45400231194047136
0.33114956412464375
0.419929943516209
0.2957582660019398
0.377339482985881
0.24856986850500107
0.3585996803525366
0.2030667709186673
0.3790431014070941
0.610909349285066
0.5201195029214962
0.6715801460668445
0.4962688450245126
0.7373068425804377
0.4979724634457256
0.7912364397197962
0.5439701608184799
0.8148306384682655
0.5950787134548735
0.8148306384682655
0.6005134961647999
0.7912364397197962
0.5494049435284063
0.7373068425804377
0.5034072461556519
0.6715801460668445
0.5017036277344389
0.610909349285066
0.5255542856314226
0.2853094065561891
0.39506551268547524
0.725172683224082
0.5333993284879808
0.4854106826086838
0.5402138021728333
0.33114956412464375
0.6223366081942834
0.3648555623367428
0.6921849634640215
0.4390087584033609
0.7194428582034313
0.5232737539336085
0.7262573318882839
0.5704621514305472
0.6870741082003821
0.5704621514305472
0.6925088909103084
0.5232737539336085
0.7316921145982103
0.4390087584033609
0.7248776409133577
0.3648555623367428
0.6976197461739478
0.33114956412464375
0.6277713909042097