0.07369914894541169
0.4911161180314243
0.06745506187173109
0.5710708881105412
0.06537369951383756
0.6563559761949327
0.07994323601909224
0.7380875189424745
0.1423841067558981
0.7967210170004935
0.20898770220849092
0.851800969721663
0.2880794718084449
0.8944435137638587
0.3692526037662925
0.9299789671323551
0.45875118515571417
0.9441931484797538
0.5524124912609228
0.9299789671323551
0.639829710292451
0.9033273771059829
0.7230842046081921
0.8660151510690617
0.793850524776572
0.8287029250321404
0.8562913955133779
0.7789532903162455
0.9124881791765032
0.7203197922582263
0.9499527016185866
0.6474721128528086
0.9707663251975218
0.5675173427736917
0.015421002924392918
0.3809562125890855
0.08826868545066636
0.3276530325363408
0.1694418174085139
0.28145694315729547
0.2506149493663615
0.22993053577297567
0.32554399425052843
0.19794862774132893
0.5974866256834547
0.2067356862161609
0.6831036198378945
0.2469339073592296
0.7751418885539172
0.29992247159327473
0.856478033000635
0.36021980330787773
0.9527971514243798
0.41320836754192286
0.1090823090296016
0.40583102994703296
0.1569536432611528
0.3347601232100402
0.24853358700846792
0.3045549878468182
0.31929990717684786
0.3436439865521642
0.3546830672610378
0.43070584730498046
0.36300851669261186
0.5159909353893718
0.32346263189263486
0.5817315241210902
0.22980132578742618
0.5994992508053384
0.1569536432611528
0.5461960707525938
0.11116367138749518
0.47867870935245055
0.5773888395556452
0.40760780261545776
0.6106906372819415
0.33120657787319047
0.7334910163976596
0.3240994871994912
0.8209082354291879
0.37917943992066067
0.8875118308817807
0.4609109826682024
0.8916745555975678
0.5426425254157442
0.8125827859976138
0.6101598868158874
0.7064333057450439
0.6421417948475341
0.6127719996398352
0.6083831141474626
0.5773888395556452
0.5088838447156725
0.30056764595580615
0.4911161180314243
0.6772942327345346
0.5213212533946463
0.45835901018249026
0.5659007014899126
0.32346263189263486
0.7398642916108993
0.35884579197682487
0.6954449749002788
0.43169347450309836
0.6865611115581546
0.48372753345043645
0.7238733375950759
0.5170293311767329
0.7665158816372716
0.5253547806083071
0.8215958343584412
0.4941343452399041
0.862461605732212
0.4212866627136307
0.851800969721663
0.35884579197682487
0.8358100157058397
0.31929990717684786
0.802051335005768