0.06368502175176374
0.4529739056876294
0.09112764152371325
0.5357398152861241
0.10759321338688296
0.6203867682845847
0.13686534114362908
0.6937474608832503
0.18443254874834153
0.7577029364820873
0.2484653282162237
0.8066100648811978
0.3161571236536992
0.8555171932803084
0.38933744304556456
0.8931380612796241
0.46800628639181974
0.921353712279111
0.5485046377228716
0.9326399726789057
0.6125374171907538
0.8893759744796926
0.6765701966586359
0.8461119762804794
0.7460915000809081
0.8028479780812662
0.8101242795487902
0.7614650232820189
0.8522029631991128
0.6956285042832162
0.861350503123096
0.6091005078847899
0.8924521388646387
0.5395019020860558
0.19723910464191802
0.39654260368865574
0.2576128681402069
0.3608027790893058
0.31798663163849583
0.3194198242900584
0.3856784270759712
0.2912041732905716
0.44605219057426015
0.2629885222910847
0.7149898643393653
0.30625252049029794
0.7735341198528576
0.34011130168968207
0.8265898514119598
0.38901843008879256
0.8759865670014689
0.4454497320877662
0.8997701708038252
0.4943568604868768
0.20455713658110458
0.43792555848790315
0.25029483620102044
0.4115909508883821
0.31249810768410585
0.3871373866888268
0.382019411106378
0.3908994734887584
0.4240980947567005
0.4398066018878689
0.4039735069239375
0.48683268688701364
0.3582358073040217
0.5338587718861584
0.29603253582093625
0.5583123360857136
0.23017024836825736
0.5432639888859874
0.18992107270273148
0.49247581708691096
0.6418095449475
0.4774274698871847
0.6802292126282292
0.4454497320877662
0.7351144521721282
0.44356868868780047
0.7845111677616372
0.47178433968728734
0.8247603434271633
0.5131672944865348
0.8265898514119598
0.556431292685748
0.780852151792044
0.5790038134853374
0.7223078962785517
0.5790038134853374
0.6692521647194495
0.5658365096855769
0.63632102099311
0.5244535548863295
0.27224893201857997
0.46426016608742415
0.7058423244153822
0.5056431208866715
0.5227085751372391
0.5739876977520953
0.47532431833100625
0.7257251986826689
0.5027669381029558
0.7464166760822926
0.5356980818292952
0.7539408496821558
0.5667997175708379
0.7426545892823609
0.5832652894340076
0.7219631118827372
0.5832652894340076
0.7219631118827372
0.5667997175708379
0.7426545892823609
0.5356980818292952
0.7539408496821558
0.5027669381029558
0.7464166760822926
0.47532431833100625
0.7257251986826689