0.06056550251178349
0.47671644150191717
0.07140799806634054
0.5679880163698932
0.07140799806634054
0.6611222764392564
0.09742998739727746
0.7430804253002959
0.15381096428097404
0.8082744073488503
0.2210344367192278
0.8529788521821445
0.32512239404297544
0.86974301899463
0.41836785581216607
0.9032713526196008
0.5116133175813566
0.9349370010431843
0.6135327757941929
0.9293489454390225
0.6915987437870036
0.8809191302029536
0.7631592144470801
0.8287639445641103
0.8412251824398909
0.7784714441266539
0.8954376602126761
0.7095520916753253
0.906280155767233
0.616417831605962
0.8932691611017647
0.525146256737986
0.8780896673253848
0.4394627374741719
0.1993494456101137
0.3239762549881615
0.27090991627019023
0.3426031070020341
0.359818379817558
0.3519165330089705
0.44222134603219154
0.3519165330089705
0.46824333536312845
0.2867225509604162
0.598353282017813
0.2867225509604162
0.6308807686814841
0.3239762549881615
0.6959357420088265
0.32583894018954873
0.7631592144470801
0.31838819938399965
0.8195401913307766
0.3109374585784506
0.39234586648122916
0.42373905497339887
0.39885136381396336
0.4498166477928207
0.4053568611466975
0.47403155541085507
0.40969385936852043
0.4982464630288895
0.4118623584794318
0.5168733150427622
0.4118623584794318
0.5232835715365989
0.40969385936852043
0.5046567195227261
0.4053568611466975
0.4804418119046917
0.39885136381396336
0.45622690428665735
0.39234586648122916
0.4301493114672355
0.682924747343358
0.39579877695258997
0.6894302446760923
0.4125629437650754
0.6959357420088265
0.4405032217858843
0.7002727402306492
0.46844349980669325
0.7024412393415607
0.49452109262611504
0.7024412393415607
0.5009313491199516
0.7002727402306492
0.4748537563005299
0.6959357420088265
0.44691347827972094
0.6894302446760923
0.41897320025891205
0.682924747343358
0.4022090334464266
0.4036220618579683
0.47574653549666357
0.6942009427200972
0.44557103523418995
0.5577300653400726
0.5583384338930191
0.41403085759034314
0.7412177400989088
0.4704118344740399
0.6909252396614526
0.5636572962432305
0.6816118136545164
0.656902758012421
0.6760237580503544
0.7349687260052318
0.6946506100642272
0.7371372251161432
0.7710207033211051
0.6764192500106238
0.8119997777516248
0.5875107864632559
0.826901259362723
0.4920968255831539
0.834352000168272
0.42053635492307745
0.8082744073488503