0.05470026656985284
0.5014575262077021
0.09751727292314173
0.5801635893836832
0.1329520368017256
0.6646997313134404
0.16543390369042754
0.750693392931642
0.21858604950830338
0.8206543379769584
0.29388492275029415
0.8745825664493898
0.370660244487226
0.9285107949218213
0.45038846321403975
0.9780664643289205
0.5434047183953226
0.9882691021480291
0.6275622826069593
0.956203669002259
0.7043376043438911
0.9183081571027126
0.7840658230707048
0.8658374483187253
0.8564117993228137
0.8075366607809615
0.9110403936356307
0.7317456369818688
0.9523809514939784
0.6501245344289995
0.9981508548371494
0.5699609515645745
1.0129153397865593
0.49416992776548163
0.2481150194071233
0.21286862789577174
0.2628795043565333
0.20412350976510718
0.2835497832857073
0.20412350976510718
0.3042200622148811
0.20703854914199535
0.3175080986693501
0.2143261475842158
0.6127977976575494
0.1735155963077812
0.6556148040108383
0.15748287973489622
0.7058140528388323
0.17060055693089304
0.751583956182003
0.19100583256911033
0.778160029090941
0.217241186961104
0.15362231573089957
0.4650195339965998
0.18905707960948348
0.38631347082061873
0.25697371037676925
0.3280126832828551
0.3396548260934651
0.3615356361170692
0.3558957595378161
0.4329541008508297
0.36623089900240297
0.530607919976584
0.34998996555805206
0.6151440619063413
0.2643559528514743
0.6486670147405554
0.18019838863983748
0.6224316603485618
0.15362231573089957
0.5378955184188045
0.6349445250816643
0.41983642365483287
0.6423267675563693
0.34550291954418416
0.7353430227376521
0.3294702029712992
0.8224534839391708
0.37756835268995426
0.8741291812621058
0.4577319355543793
0.8874172177165748
0.5276928805996958
0.8342650718986987
0.5991113453334563
0.7397723682224749
0.6399218966098909
0.6452796645462513
0.62534669972545
0.6275622826069593
0.5364379987303604
0.3042200622148811
0.49271240807703753
0.7220549862831831
0.4854248096348171
0.5006861419416964
0.5772002018617899
0.4400533237494528
0.7416581859309472
0.4622000511735677
0.7606059418807204
0.4976348150521517
0.7591484221922764
0.5315931304357946
0.7547758631269441
0.5522634093649685
0.7402006662425032
0.5522634093649685
0.7434057944894216
0.5315931304357946
0.7579809913738624
0.4976348150521517
0.7623535504391947
0.4622000511735677
0.7638110701276387
0.4400533237494528
0.7448633141778656