0.0334191810191665
0.48385762310408015
0.035412067960676405
0.5645695448365828
0.05534093737577567
0.6524558596119746
0.09121290232295436
0.7313741830837549
0.15697817139278186
0.7923565239483126
0.2287221012871392
0.846164471769981
0.3104304658890462
0.8892108300273157
0.39413171743246306
0.9214955987203167
0.4818187428588998
0.9466059743704287
0.5754844291098664
0.9322571882846505
0.6492212459457337
0.891004428288038
0.7189722888985809
0.8425772752485364
0.7927091057344482
0.7869757291661458
0.8485099400967262
0.7313741830837549
0.8624601486872957
0.64886866309053
0.8704316964533353
0.5609823483151382
0.9102894352835339
0.4784768283219133
0.2028145710475102
0.11975717617745694
0.27256561400035756
0.16997792747768084
0.342316656953205
0.22378587529934926
0.41804636073058216
0.2650386352959618
0.48979029062493956
0.29732340398896284
0.6153421679400648
0.33857616398557533
0.6651643414778131
0.27938742138174005
0.7169794019570711
0.221992277038627
0.7767660102023688
0.17715232052056998
0.8345597315061566
0.14307395356684668
0.14192422773336336
0.39479372213176733
0.20511183938400224
0.3141326066640468
0.3062120180250244
0.26694311054007414
0.4147460333308277
0.27352769139458194
0.4504284493217767
0.36571182335769126
0.44336630449023473
0.46777282660256225
0.40173681916746085
0.5605056736368805
0.30546863435854626
0.6027567341199722
0.20957214138287086
0.5522749475687458
0.13969407673392903
0.47545483759948803
0.6259091878321705
0.377613952084097
0.6609299967097707
0.30650796133365643
0.74661920992092
0.2552455028856644
0.8293279287595077
0.3092640074867743
0.8602505578748353
0.396906275155922
0.8699371645856611
0.4713195212901039
0.8259748725903757
0.5551033243448865
0.7402856593792264
0.6091218289459964
0.6586946259303493
0.5628202535736165
0.6333604237635749
0.4784852412882103
0.3475375230837439
0.46403235651734503
0.7000409939910933
0.47509932603526367
0.5312308881050998
0.5291241357219834
0.4602922987744802
0.7004549948847131
0.48903464946747993
0.6702491696302766
0.5474289189133846
0.6702491696302766
0.6094614605989095
0.6675995358360277
0.6449346149352067
0.691711203363692
0.6225592406615422
0.7343703074510981
0.5872679999372261
0.7796790453327529
0.5436087330617834
0.8151841381756872
0.49303674893106225
0.7979615185130698
0.4697518065974927
0.7500031468371662