0.09347936953263764
0.4290337274159422
0.10714892311552104
0.5190397505679272
0.10714892311552104
0.6107766587805276
0.12472406343637121
0.6938591416900521
0.18721345124383829
0.7648254291752712
0.2575140125272388
0.83232994653926
0.32976736717962274
0.8894491535395582
0.4078791019389566
0.9327212800549355
0.5016131836501573
0.9465683605398564
0.5875360918854247
0.9188741995700148
0.6656478266447585
0.8773329581152524
0.7418067680351091
0.83232994653926
0.814060122687493
0.7786725096601919
0.8745967171259766
0.7215533026598937
0.9116997911366603
0.6505870151746748
0.9390388983024273
0.5657736472045349
0.954661245254294
0.48269116429501024
0.07004584910483748
0.1780553936267531
0.13644082365027133
0.2109422097784399
0.20478859156468848
0.25248345123320226
0.2672779793721555
0.30267911799104014
0.320003400334706
0.35979832499133835
0.4235014488908234
0.3269115088396514
0.5035659770191407
0.34248947438518734
0.5875360918854247
0.2905629225667344
0.6715062067517086
0.2490216811119721
0.7554763216179925
0.2213275201421305
0.14425199712620468
0.41691753199163656
0.20283579819570507
0.41345576187040634
0.2672779793721555
0.41172487680979125
0.32781457381063933
0.40826310668856103
0.3610120610833563
0.442880807900863
0.3590592677143729
0.47922939417377997
0.3219561937036893
0.5173088655073121
0.2633723926341889
0.5207706356285424
0.21064697167163854
0.5069235551436215
0.16768551755400482
0.4688440838100895
0.5367634642918576
0.41172487680979125
0.589488885254408
0.40826310668856103
0.6617422399067918
0.4186484170522516
0.7339955945591757
0.42730284235532706
0.8023433624735928
0.442880807900863
0.7945321889976594
0.48615293441624047
0.7320428011901923
0.5190397505679272
0.6597894465378085
0.5242324057497725
0.589488885254408
0.5138470953860819
0.5426218443988077
0.4688440838100895
0.26923077274113894
0.46018965850701393
0.6226863725271249
0.4688440838100895
0.33953133402453944
0.6436634749322142
0.3610120610833563
0.7210641394905895
0.39811513509403984
0.7297185647936648
0.43521820910472353
0.7366421050361254
0.4645101096394737
0.747027415399816
0.48403804332930717
0.7556818407028913
0.48403804332930717
0.7613636590540409
0.4645101096394737
0.7527092337509655
0.43521820910472353
0.7423239233872749
0.39811513509403984
0.7354003831448144
0.3610120610833563
0.726745957841739