0.09606712506756308
0.4748537563005299
0.0921403832477808
0.5661253311685059
0.05483633595984957
0.6462207948281582
0.0587630777796318
0.7449431105016833
0.07643341596865186
0.8157251481543994
0.13926128508516758
0.8734683893974046
0.2177961214808123
0.925623575036248
0.3140012960654771
0.9554265382584443
0.4239500670193797
0.9647399642653807
0.5319354670633911
0.961014593862606
0.6418842380172937
0.9479757974528952
0.7204190744129384
0.8976832970154389
0.8087707653580387
0.8473907965779828
0.8794521181141189
0.7877848701335903
0.9187195363119414
0.7039640360711634
0.9304997617712879
0.6071044055990258
0.9403166163207436
0.5176955159324371
0.1432790440994481
0.4257372557915435
0.17764453625072119
0.37864380411055376
0.2215559984440144
0.340606785445139
0.2883777887381564
0.3261164926202191
0.3456536089902781
0.342418072048254
0.5496058052524112
0.327701625390936
0.6281406416480559
0.3146628289812252
0.7125655907733739
0.33328968099509776
0.7577231217008696
0.39662097784226485
0.7969905398986922
0.45808958948804457
0.19482728232635768
0.4384162620133483
0.22537438646082253
0.40762438976039356
0.273104236670924
0.3931340969354737
0.3208340868810253
0.40219052995104854
0.3456536089902781
0.4257372557915435
0.34947199700708614
0.4746419940756481
0.3227432808894294
0.507245152931718
0.27692262468773204
0.5199241591535229
0.22919277447763067
0.509056439534833
0.19864567034316571
0.47645328067876314
0.515571875738239
0.43298240220400347
0.542300591855896
0.4003792433479337
0.5919396360744013
0.38226637731678376
0.6396694862845027
0.39494538353858866
0.6759441724441797
0.42030339598219846
0.6721257844273716
0.4710194208694182
0.6434878743013108
0.507245152931718
0.5938488300828053
0.5199241591535229
0.542300591855896
0.514490299344178
0.515571875738239
0.4782645672818781
0.3170156988642172
0.46920813426630326
0.5881212480575931
0.46920813426630326
0.3984262451907951
0.636907368821222
0.20797926693135674
0.7542565365086197
0.31596466697536824
0.756119221710007
0.43376692156883534
0.7654326477169432
0.5456790634326291
0.7710207033211051
0.6595545762063139
0.7747460737238795
0.6595545762063139
0.7747460737238795
0.5456790634326291
0.7710207033211051
0.43376692156883534
0.7654326477169432
0.31596466697536824
0.756119221710007
0.20797926693135674
0.7542565365086197