0.005273485445226247
0.49261680090281834
0.019438312629496787
0.5856452620779441
0.037650233294987505
0.6757204387713198
0.09430954203206966
0.7480759085741954
0.16918077143464255
0.8100948826909459
0.25416973454026587
0.8632540033624463
0.3472528846083295
0.9134598395521968
0.4565244086012737
0.9577591067784471
0.5840078532597087
0.9725255291871971
0.7054206576963133
0.9474226110923221
0.7823154338394963
0.8868802792164465
0.8329041023547482
0.8174780938953209
0.8976575980542707
0.7406926973698204
0.9583640002725731
0.6683372275669448
0.9441991730883026
0.573832124150944
0.932057892644642
0.4837569474575683
0.930034345904032
0.38925184404156754
0.17322786491586273
0.35085914577881716
0.25214618779965575
0.3419992923335672
0.33106451068344883
0.32870951216569205
0.40188864660480156
0.3124664475160669
0.4706892357855442
0.2932700983846917
0.6770910033277723
0.2785036759759416
0.7337503120648544
0.2785036759759416
0.7924331675425467
0.2740737492533166
0.8470689295390188
0.26226061132631645
0.8936105045730506
0.2474941889175664
0.22381653343111468
0.44536424919481793
0.2723816552057566
0.4128781198955677
0.335111604164669
0.38777520180069247
0.40593574008602173
0.37448542163281734
0.4565244086012737
0.40401826645031763
0.46461859556371404
0.449794175917443
0.4322418477139528
0.48818687418019335
0.36141771179260007
0.5088598655524434
0.2926171226118574
0.5088598655524434
0.22988717365294495
0.4896635164210683
0.6710203631059419
0.3966350552459426
0.7094677511775336
0.36119564146494226
0.7661270599146157
0.3419992923335672
0.8288570088735281
0.3390460078518171
0.8834927708700002
0.35528907250144226
0.87944567738878
0.40254162420944267
0.8511160230202389
0.4379810379904429
0.7924331675425467
0.45570074488094303
0.7256561251024141
0.45570074488094303
0.6750674565871622
0.4335511112678179
0.4180770205296822
0.4350277535086929
0.8288570088735281
0.39368177076419253
0.6851851902902125
0.578262050873569
0.5293720912632366
0.715589779274945
0.5759136662972684
0.7185430637566952
0.6224552413313001
0.715589779274945
0.6669732696247218
0.7111598525523202
0.7114912979181436
0.7052532835888201
0.7054206576963133
0.7244496327201952
0.6750674565871622
0.7436459818515705
0.6305494282937405
0.7480759085741954
0.5819843065190985
0.7465992663333204
0.5435369184475071
0.7362627706471953