-0.011288380830098423
0.4470198575579963
0.0131697776351149
0.5347681999675288
0.03574653929531183
0.6241721714791281
0.08278145942072204
0.7069536265824607
0.15803733162137848
0.7682119033589269
0.24081879104210052
0.8211920346250599
0.3217188536578062
0.867549649482926
0.4101445034935775
0.9039734897283924
0.5098585341594473
0.925496668055259
0.6152167552403662
0.915562893442859
0.6979982146610882
0.8741721658911926
0.7751354836667611
0.8228476637271265
0.8485099590624011
0.7615893869506604
0.9068332600179099
0.7036423683783274
0.9162402440429919
0.6274834296832614
0.8955448791878113
0.5380794581716621
0.9218844344580411
0.4586092612724628
0.1241721891310831
0.26158939812653115
0.19190247411167388
0.21357615416659823
0.28032812394744516
0.19205297583973172
0.3762793610032821
0.20860926686039827
0.45153523320393857
0.24834436530999796
0.7205749763212852
0.27649006004513105
0.746914531591515
0.23509933249346474
0.7770168804717775
0.19867549224799835
0.8165262133771221
0.17384105571699857
0.8635611335025325
0.157284764696332
0.19002107730665746
0.4056291300063299
0.24646298145714976
0.33443707861746386
0.3292444408778718
0.2897350928616642
0.41202590029859393
0.3228476749029973
0.45153523320393857
0.39569535539392997
0.44965383639892204
0.481788068701396
0.4214328843236759
0.5546357491923286
0.32736304407285544
0.5645695238047286
0.23705599743206773
0.5298013126613289
0.16932571245147696
0.4751655522931293
0.6998796114661048
0.41059601731252987
0.7356261507614165
0.34271522412779715
0.8014750389369909
0.2897350928616642
0.8597983398924997
0.3129139002905974
0.8993076727978442
0.38245032257739686
0.9011890696028606
0.4470198575579963
0.8710867207225981
0.5132450216406623
0.8033564357420073
0.562913894702662
0.7205749763212852
0.5546357491923286
0.6904726274410227
0.4900662142117292
0.39509332905344624
0.4801324395993293
0.7337447539564002
0.46854303588486274
0.5754565694276861
0.5337196348695532
0.5418422798447262
0.7235099176031272
0.5681818351149559
0.7052979974803941
0.6076911680203005
0.6937085937659275
0.6434377073156125
0.6920529646638609
0.669777262585842
0.7152317720927941
0.6678958657808257
0.743377466827927
0.6415563105105959
0.7682119033589269
0.6058097712152841
0.7798013070733936
0.5663004383099396
0.7748344197671936
0.5343166926246605
0.7549668705423938