0.13635126451980192
0.4689611485001793
0.15915207477660623
0.5562579602529407
0.18546070199599587
0.6454947011557636
0.224046688584434
0.7289116546084021
0.2889413023922617
0.7948692457104887
0.3590976416439673
0.8511271910622681
0.438023523302136
0.8879858449134341
0.5169494049603048
0.9132049238642319
0.6028909205436442
0.9229045696145388
0.6835707106831056
0.9015653489638635
0.7449575075283482
0.8453074036120841
0.8010825789297126
0.7735300250598137
0.8536998333684919
0.7056325048076657
0.8993014538821005
0.6338551262553953
0.9273639895827827
0.5484982436526952
0.9378874404705385
0.4553816444497497
0.9291178980640753
0.37196469099711105
0.25912485821028675
0.21289050069207904
0.2784178515045058
0.17215198854079045
0.311742112649066
0.14305305128986995
0.35208200771879666
0.11977390148913357
0.39768362823240533
0.13141347638950177
0.657262083463716
0.10231453913858124
0.6905863446082763
0.08679510593809035
0.730926239678007
0.09843468083845854
0.7589887753786893
0.12365375978925634
0.7747739517103229
0.13917319298974717
0.33454292290587034
0.4379222820991974
0.3678671840504305
0.38166433674741784
0.4117148960827465
0.34286575374619055
0.46433215052152566
0.3603251160967428
0.49414859470350053
0.3894240533476633
0.5134415879977197
0.4573215735998111
0.48888686925962266
0.5213392355518361
0.43451570633955083
0.5504381728027565
0.3713750010130157
0.5484982436526952
0.3398046483497482
0.4961201566010384
0.6940941615708616
0.3758445492972337
0.7116332463837879
0.32152653309551554
0.7432035990470556
0.2866078083944109
0.7888052195606642
0.307947029045086
0.8221294807052243
0.3448056828962519
0.837914657036858
0.42434277804876785
0.8203755722239316
0.4806007234005475
0.7730200432290303
0.5077597315014066
0.7204027887902512
0.4767208651004247
0.6976019785334469
0.42240284889870644
0.423992255451795
0.4495618569995656
0.7607426838599819
0.3971837699479088
0.6151682799126926
0.5003539962259568
0.6081526459875223
0.6398588725042922
0.6327073647256192
0.6670178806051513
0.6660316258701793
0.6805973846555807
0.6923402530895689
0.6534383765547216
0.7133871548650806
0.6282192976039239
0.7133871548650806
0.6357950554054567
0.6923402530895689
0.6610141343562543
0.6660316258701793
0.6881731424571135
0.6327073647256192
0.6745936384066841
0.6081526459875223
0.6474346303058249