0.14473987340507719
0.5000000149011611
0.15238377293386793
0.5775971809036157
0.16002767246265867
0.6648939926563772
0.17340449663804255
0.7463710169589546
0.21735691892858963
0.8123286080610409
0.2823300649233112
0.8588869076625136
0.3473032109180329
0.903505278113925
0.421831231323743
0.9345441445149069
0.5040031512582439
0.9326042153648455
0.5861750711927449
0.9093250655641091
0.6568811418340597
0.8685865534128205
0.7275872124753744
0.8278480412615317
0.7944713333522936
0.7832296708101204
0.85562252958262
0.7211519380081568
0.9053078765197601
0.6551943469060703
0.9225066504595393
0.5717773934534316
0.924417625341737
0.4806007234005475
0.15811669758046107
0.18961135089134268
0.18869229569562415
0.23228979219269275
0.2269117933395781
0.2710883751939201
0.27659714027671817
0.2904876666945337
0.3320154118604513
0.29824738329477907
0.5040031512582439
0.30212724159490184
0.5766201967817564
0.3001873124448405
0.6454152925408734
0.2904876666945337
0.7122994134177929
0.2691484460438587
0.7619847603549329
0.2381095796428768
0.15620572269826336
0.3894240533476633
0.2135349691641942
0.329286249695761
0.2804190900411136
0.29824738329477907
0.35876906021121907
0.3312261788458224
0.3778788090331961
0.4165830614485224
0.3778788090331961
0.49224029830091565
0.35112516068242833
0.5756572517535543
0.27277519051232274
0.6086360473045975
0.20589106963540346
0.5601378185530634
0.17340449663804255
0.4767208651004247
0.5212019251980232
0.38360426589747926
0.5613323977241749
0.32346646224557685
0.6664360162450482
0.3312261788458224
0.7581628105905375
0.36226504524680414
0.8288688812318522
0.4398622112492588
0.8250469314674568
0.5232791647018975
0.7505189110617466
0.5834169683537997
0.6568811418340597
0.6241554805050885
0.5708872721351633
0.5756572517535543
0.5441336237843956
0.4786607942504861
0.2976178639808928
0.47284100680030194
0.6263055437188965
0.4864205108507315
0.47094328579622396
0.5508568184325543
0.33583736162484673
0.7580105918593226
0.39889953273737067
0.738611300358709
0.4734275531430808
0.7618904501594453
0.5403116740200001
0.7269717254583408
0.5899970209571404
0.7444310878088931
0.5899970209571404
0.7444310878088931
0.5403116740200001
0.7269717254583408
0.4734275531430808
0.7618904501594453
0.39889953273737067
0.738611300358709
0.33583736162484673
0.7580105918593226