0.07742037255497897
0.5143487935363589
0.08561967881334741
0.6022351083117508
0.09996846476549216
0.6901214230871424
0.14301482262192647
0.7564845587338669
0.20655944612428193
0.8049117117733685
0.29265216183715054
0.8497516682914255
0.36439609159787434
0.8927980265487603
0.4443393276169667
0.928669991763206
0.5345316964590194
0.9519867691525956
0.6103752793489275
0.9161148039381499
0.6759697294158751
0.8694812491593706
0.7436140060474148
0.8192604978591468
0.8133081092435466
0.7744205413410896
0.8809523858750861
0.7277869865623103
0.8994008249564152
0.6506622613512524
0.9198990906023362
0.5627759465758605
0.9280983968607045
0.49461921266841374
0.27420372275582156
0.18432671356345912
0.30290129466011106
0.17894591878129223
0.3541469587749138
0.17894591878129223
0.3971933166313481
0.18970750834562597
0.4258908885356377
0.21481788399573787
0.749763485741191
0.18253311530273683
0.7866603639038491
0.17356512399912546
0.8276568951956912
0.17894591878129223
0.8563544670999809
0.20405629443140422
0.8789025593104941
0.22916667008151614
0.18606118047836076
0.4479856578896345
0.23320719146397934
0.37624172746074325
0.300851468095519
0.32781457442124157
0.39514349006675603
0.3439569587677422
0.4156417557126771
0.4121136926751889
0.40539262288971656
0.5071744004934698
0.3910438369375717
0.584299125704528
0.30495112122470314
0.6201710909189735
0.22705771177020298
0.5789183309223611
0.16966256796162388
0.5143487935363589
0.6985178216263883
0.45516005093252365
0.7210659138369016
0.3834161205036324
0.76821192482252
0.32960817268196396
0.8440555077124281
0.3403697622462976
0.8686534264875333
0.406732897893022
0.8645537733583492
0.4802704265826356
0.8174077623727307
0.5358719726650263
0.7702617513871122
0.5986479117903062
0.7067171278847567
0.5860927239652501
0.6903185153680198
0.5179359900578036
0.35209713221032174
0.5017936057113029
0.7620624451287437
0.49461921266841374
0.5511352916322155
0.5589496036196532
0.5201829105068747
0.7224061917801435
0.542731002717388
0.6955022178693093
0.5837275340092302
0.6955022178693093
0.634973198124033
0.6919150213478649
0.6657205965929145
0.7026766109121986
0.6493219840761777
0.7385485761266442
0.620624412171888
0.7708333448196452
0.5878271871384143
0.7977373187304793
0.542731002717388
0.7977373187304793
0.5222327370714669
0.7654525500374783