0.09873017378842198
0.4201750424351321
0.10201105340969875
0.5191580175317281
0.11841545151608276
0.6133514938333274
0.14958380791821227
0.6979659725449338
0.20371832166927936
0.7634224560765537
0.2660550344735384
0.8145104432231839
0.33167262689907423
0.8624054311731497
0.4104137378097172
0.9023179211314546
0.4940761681522755
0.9326514134997661
0.5892216771693024
0.9326514134997661
0.6761649871331373
0.9039144207297867
0.7499847786118652
0.8624054311731497
0.823804570090593
0.8161069428215161
0.8845008430842137
0.7570364576832249
0.9156691994863432
0.6740184785699509
0.9222309587288968
0.576632003071687
0.91895007910762
0.48243852677008764
0.18239260413098016
0.3100165701502108
0.2266844790182169
0.254139084208584
0.2923020714437527
0.21103359505361474
0.36284098330120373
0.1822966022836353
0.44158209421184674
0.1743141042919743
0.7171759823990973
0.20943709545528258
0.7811531350139947
0.2014545974636216
0.8369280885757002
0.23338458943026544
0.8861412828948522
0.2732970793885703
0.9238713985395351
0.31640256854353954
0.23816755769268566
0.45721974607791427
0.2857403122011991
0.4029387597346197
0.35627922405865015
0.3773947661613046
0.4350203349692932
0.3773947661613046
0.4727504506139763
0.42848275330793484
0.4727504506139763
0.4329470392217897
0.4350203349692932
0.3818590520751594
0.35627922405865015
0.3818590520751594
0.2857403122011991
0.4074030456484745
0.23816755769268566
0.4616840319917691
0.6958502648607983
0.45083374768458556
0.7302995008842045
0.39655276134129097
0.7909957738778252
0.39016676294796215
0.8418494080076154
0.43486875170126355
0.8713773245991066
0.48755323844622594
0.8713773245991066
0.4920175243600808
0.8418494080076154
0.4393330376151184
0.7909957738778252
0.394631048861817
0.7302995008842045
0.4010170472551458
0.6958502648607983
0.4552980335984404
0.35759157590716073
0.4109183012455429
0.7860744544459098
0.43422719538119325
0.5780120051299399
0.5209161380770521
0.5055592468267442
0.6756149781682831
0.5400084828501506
0.6516674841933002
0.5974238762224944
0.650070984594968
0.6531988297841999
0.6548604833899646
0.6696032278905839
0.6979659725449338
0.6564797094054766
0.741071461699903
0.6351539918671775
0.78258045125654
0.5859407975480256
0.8081244448298551
0.5449298022820658
0.7841769508548723
0.5154018856905745
0.7298959645115776