0.015902734219934878
0.36372164465914075
0.017634599315262615
0.4802867700245388
0.01936646441059032
0.5968518953899368
0.04534444084050604
0.7048460556549379
0.10942344936763147
0.7871273206187481
0.19255297394336185
0.8556950414219235
0.27914622870974753
0.9156917971247018
0.3830581344294105
0.9465472714861307
0.4973612307210396
0.9534040435664483
0.6151280572033242
0.9516898505463688
0.7225036931136427
0.9276911482652574
0.8142925431660115
0.8796937437030348
0.8870308771697756
0.8025550577994626
0.9303275045529684
0.7048460556549379
0.9563054809828841
0.5985660884100161
0.9563054809828841
0.4854293490847769
0.9407186951249347
0.37914938183985525
0.24797265699384868
0.20727257561372012
0.3155153957116296
0.19527322447316448
0.3865218646200659
0.20041580353340266
0.45579646843317445
0.20041580353340266
0.5060205561976783
0.17641710125229126
0.6636202798725004
0.20555838259364076
0.7173080978276594
0.20212999655348202
0.774459645973474
0.20041580353340266
0.8316111941192886
0.20384418957356137
0.8801034167884646
0.21070096165387894
0.24797265699384868
0.36033379696742984
0.3155153957116296
0.3483344458268742
0.3865218646200659
0.35347702488711236
0.45579646843317445
0.35347702488711236
0.5060205561976783
0.32947832260600096
0.5060205561976783
0.3345803633177913
0.45579646843317445
0.3585790655989027
0.3865218646200659
0.3585790655989027
0.3155153957116296
0.3534364865386645
0.24797265699384868
0.36543583767922017
0.6636202798725004
0.35861960394735043
0.7173080978276594
0.3551912179071917
0.774459645973474
0.35347702488711236
0.8316111941192886
0.35690541092727107
0.8801034167884646
0.3637621830075886
0.8801034167884646
0.36886422371937894
0.8316111941192886
0.3620074516390614
0.774459645973474
0.3585790655989027
0.7173080978276594
0.36029325861898204
0.6636202798725004
0.36372164465914075
0.3823653883912794
0.3515711433908011
0.7734205269162774
0.360142108491198
0.5820494338825648
0.4523017968127248
0.5423897231995602
0.6277073697513655
0.5562446439621819
0.61570801861081
0.5908819458687362
0.6174222116308894
0.6255192477752906
0.6174222116308894
0.6376423034425845
0.6311357557915244
0.6237873826799629
0.6551344580726358
0.6116643270126688
0.6825615463939059
0.5908819458687362
0.6911325114943027
0.5718314298201314
0.6671338092131914
0.5527809137715265
0.6465634929722388