0.011210404114415295
0.4691189261005315
0.02832522036026644
0.556147433336306
0.06099896046598224
0.6445796261726575
0.096784485343671
0.725993391006124
0.143461256923265
0.7933702998338206
0.21658819906462892
0.8495177238569008
0.283491571662047
0.8986467198770961
0.3690656528913027
0.9421609734949834
0.4608633036645043
0.9772531135094086
0.5588845239816517
0.9618125719030616
0.6506821747548532
0.9225093750869052
0.7284767940541766
0.8719766934661329
0.8016037361955406
0.8144255838424757
0.8685071087929587
0.7498560462159333
0.9074044184426202
0.6698459669830438
0.9369663737763632
0.5842211453478462
0.966528329110106
0.4957889525114947
0.1326053312743901
0.30007279836429995
0.21580760379265845
0.3015163161328842
0.31981044444049395
0.3260561181988174
0.4094128917678599
0.34482184919041325
0.4686145087520124
0.34482184919041325
0.6062182671476101
0.3549264735705034
0.6894205396658785
0.33904777811607606
0.7758228995886954
0.31450797605014297
0.8478248661910432
0.2755329962983668
0.9246269639002139
0.30007279836429995
0.1342201597107749
0.43870187843599096
0.17734688777146593
0.37110523770844384
0.2620490227395857
0.33687909050462256
0.35264617809010207
0.3505695493861511
0.3802596946181704
0.42244445851417584
0.3836726011553474
0.5092933070438723
0.3473716861690103
0.5807403893318493
0.2580155877411038
0.6059821728946674
0.1726929243116791
0.5743229867311328
0.12367117586859151
0.5088654802038245
0.638191335939327
0.4202196240877034
0.6690624622801199
0.3489921504420605
0.7524388113737575
0.3309707414473798
0.8363013199373287
0.3751661016010016
0.8793264330264652
0.4489680622458846
0.8820003101111008
0.5189082923919075
0.8389751970219643
0.5849867920390701
0.7487926153492543
0.6060117691995309
0.6588531134115112
0.58241230503983
0.6362466980595919
0.508610344394947
0.2910096577995549
0.4790690016687533
0.71182115149772
0.47618196613158476
0.501995809314929
0.5704941981328263
0.33805737145645287
0.7494275450847655
0.4118637566775424
0.72055323925083
0.49335830702582867
0.7213704365857528
0.5751603839792029
0.715377656129653
0.6505044022257317
0.7363523877260023
0.6498893490155561
0.8088105514224816
0.5708550115079727
0.8009109771848957
0.48936046115968634
0.8047245647478682
0.4112487034673666
0.8278784892373446
0.3374423182462772
0.8052693629711499