0.11881552133117201
0.5982719457927123
0.14467739934687343
0.6713667828917386
0.15576106135360263
0.7542075982706349
0.19824843237939774
0.8143077976631675
0.27029223542313735
0.8565403702092714
0.34603059246912
0.8922756239021288
0.4254635035173458
0.923137888455051
0.510438245568936
0.9475028341547264
0.600954818623891
0.9377568558748562
0.671151344666509
0.8987729427553756
0.7339587627046411
0.8581646999225832
0.7949189037416514
0.8159321273764792
0.8540317677775404
0.763953576550505
0.9131446318134293
0.7022290474446606
0.9482428948347383
0.6291342103456344
0.961173833842589
0.5462933949667381
0.961173833842589
0.4683255687277768
0.07263359630313383
0.4082253693352442
0.10957913632556443
0.37736310478232205
0.17238655436369638
0.36924145621576354
0.22595758739622068
0.3546224887959583
0.2647504044197728
0.33513053223621797
0.38667068649379366
0.30426826768329573
0.4771872595487485
0.3172629053897893
0.569551109604825
0.30589259739660746
0.6545258516564153
0.2831519814102438
0.7395005937080057
0.2701573437037502
0.14098284534463038
0.5089338115605692
0.1613028923569672
0.4472092824547248
0.22226303339397763
0.40172805048199745
0.29430683643771727
0.43096598532160785
0.3367942074635124
0.48456886586089376
0.3681979164825784
0.562536692099855
0.35157242347248463
0.6291342103456344
0.28322317443098805
0.6551234857586216
0.21302664838837
0.6226368914923877
0.15576106135360263
0.5706583406664134
0.5159800765723006
0.43096598532160785
0.534452846583516
0.36599279678914015
0.6212748656362279
0.33675486194952964
0.7154859926934257
0.3611198076492051
0.7782934107315578
0.4130983584751792
0.8041552887472591
0.47644721729433526
0.757973363719221
0.531674427546933
0.6840822836743597
0.5804043189462836
0.6028020956250125
0.5706583406664134
0.5492310625924882
0.5121824709871926
0.28322317443098805
0.5722826703797251
0.6360530816452
0.49431484414076393
0.46308637844018746
0.5794838654420736
0.4069907335061305
0.7363399714242062
0.42361622651622427
0.710350696011219
0.4679508745431409
0.7038533771579722
0.5048964145655714
0.7006047177313489
0.5436892315891236
0.7152236851511542
0.5436892315891236
0.7607049171238816
0.5326055695823945
0.7996888302433622
0.49381275255884227
0.8094348085232325
0.4568672125364118
0.7915671816768038
0.4273107805184673
0.763953576550505