0.08259238300910567
0.47112838589775546
0.0765386561384249
0.5474984791546333
0.060395384483276165
0.6462207948281582
0.03618047700055306
0.7449431105016833
0.08864610987978645
0.8119997777516248
0.1633087412848494
0.8660176485918556
0.24806091747438014
0.9144474638279243
0.3469384563621662
0.9461131122515078
0.45994135794820734
0.9442504270501205
0.5729442595342484
0.9349370010431843
0.6758576163358216
0.9088594082237625
0.7666635193960333
0.8678803337932427
0.8433440597579897
0.8082744073488503
0.9159887822061592
0.7449431105016833
0.946257416559563
0.6573969060364819
0.9563469613440309
0.5568119051615695
0.9684544150853924
0.47671644150191717
0.11891474423319028
0.38171949623116674
0.17945201293999813
0.39848366304365207
0.24604300851748662
0.39848366304365207
0.3065802772242944
0.37426875542561766
0.35904591010352777
0.35377921821035774
0.530568171439483
0.3388777365992596
0.5830338043187164
0.36122995901590677
0.6657680715513536
0.35936727381451955
0.7485023387839909
0.35936727381451955
0.8130754254045859
0.34819116260619587
0.17138037711242377
0.4599522746894318
0.21981019207786995
0.4282866262658483
0.27631164287089055
0.40965977425197564
0.3348310026208046
0.40965977425197564
0.36509963697420855
0.4376000522727846
0.36509963697420855
0.4878925527102408
0.3348310026208046
0.5344596827449224
0.2803474607846776
0.5400477383490841
0.2218281010347635
0.5270089419393733
0.17541619502621084
0.502794034321339
0.550747261008419
0.4376000522727846
0.5931233491031845
0.39848366304365207
0.6516427088530985
0.39848366304365207
0.7101620686030127
0.40593440384920115
0.768681428352927
0.43201199666862283
0.7646456104391396
0.4785791267033045
0.7242874313012678
0.5214208863352116
0.6597143446806729
0.525146256737986
0.5971591670169716
0.5214208863352116
0.5547830789222061
0.48416718230746625
0.31666982200876237
0.4823044971060789
0.6052308028445459
0.4599522746894318
0.4296727235948035
0.6126924612031875
0.33886682053459183
0.756119221710007
0.40949363402586747
0.7468057957030706
0.461959266905101
0.7486684809044577
0.5325860803963767
0.7412177400989088
0.5951412580600779
0.7468057957030706
0.5991770759738652
0.791510240536365
0.5366218983101638
0.8119997777516248
0.4639771758619945
0.8119997777516248
0.39738618028450606
0.8101370925502375
0.32877727575012383
0.7989609813419141