-0.014191106985637737
0.49448124817665035
0.009460737990425057
0.5919794109495764
0.03705455712916501
0.6876379857456544
0.0745033116745978
0.7777777966111897
0.14545884660278618
0.8421633758008578
0.23021129110034458
0.8863134872452015
0.32284768392325724
0.9249448347590024
0.4213970379901856
0.9470198904811742
0.5278303403824681
0.9617365942959556
0.6303216686120737
0.9451803025043265
0.7209870743536477
0.9028697790368305
0.805739518851206
0.8495217277082483
0.8707820925353787
0.786975736495428
0.9279407178941973
0.7152318053983694
0.9437086145449057
0.6195732306022912
0.9417376274635672
0.5147167159219747
0.9437086145449057
0.4300956689869823
0.025228634641133636
0.24613687130221656
0.10406811789467633
0.22958057951058763
0.18684957531089613
0.2203826396263494
0.273573006889793
0.21854305164950172
0.3563544643060129
0.2259014035568923
0.6046988365546722
0.1780721161588532
0.642147591100105
0.14495953257559543
0.7071901647842777
0.13392200471450943
0.7761747126311276
0.13944076864505245
0.8353043250712847
0.15599706043668135
0.13954588535877044
0.4742457804313262
0.2006464848802661
0.40066226135741984
0.273573006889793
0.34547462205199014
0.3681803867940443
0.3693892657510096
0.419426050908847
0.44849154875545894
0.4371649346408941
0.529433419736756
0.39971618009546134
0.6177336426254435
0.31496373559790297
0.6618837540697872
0.2085304332056203
0.641648286324463
0.15137180784680193
0.571743943204252
0.6598864748321522
0.4264164930332871
0.6874802939708922
0.35099338598253305
0.7466099064110491
0.30132451060764637
0.8175654413392375
0.3344370941909041
0.8569851829660089
0.4080206132648105
0.8648691312913632
0.4816041323387168
0.847130247559316
0.5607064153431661
0.7899716222004977
0.6048565267875099
0.715074113109632
0.5643855912968613
0.6815673327268764
0.49448124817665035
0.3583254513873514
0.4852833082924121
0.7919426092818362
0.4337748449406777
0.5815283014724724
0.572774878966277
0.6784891791165234
0.7580022258600778
0.6796759232398105
0.7531733074208528
0.6853835973565714
0.7497240799642633
0.6915433644726797
0.7507588482012401
0.69476452709303
0.7554727923919122
0.6949340619677854
0.7605316593282434
0.6929561550956403
0.7660504232587864
0.6878135972280637
0.7691547279697167
0.6814277836122815
0.768349908229846
0.6786022023663603
0.7640958610333858