0.07619108924555862
0.5256873202997426
0.09676589815575162
0.6123820797460069
0.10705330261084811
0.7022877562087992
0.12591354411185846
0.7825606816220066
0.19278167306998578
0.8355408123947237
0.2613643694372959
0.8804936506261198
0.33680533544133706
0.9254464888575161
0.41910457108210913
0.9575556590227992
0.5116912111779778
0.9687938685806482
0.600848716455481
0.9415010739401575
0.6814333846870704
0.8965482357087613
0.7551597832819287
0.8483844804608369
0.8271716144676043
0.7954043496881199
0.8871814737890007
0.7392133018988747
0.9231873893818385
0.6605458349939313
0.9283310916093869
0.5674292415146106
0.9317602264277522
0.47431264803528983
0.06075998256291383
0.20459561864691267
0.12248440929349294
0.2575757494196296
0.1859234034332548
0.31537225571713906
0.2510769649821994
0.36674692798159175
0.30422855466686477
0.40527793217993147
0.5374097223157192
0.3956451811303466
0.5991341490462982
0.3442705088658938
0.6625731431860601
0.28807946107664845
0.7260121373258219
0.23028295477913907
0.7945948336931321
0.16606461444857307
0.1602048922955135
0.5644892456213518
0.184208836024072
0.47137265214203117
0.25964980202811316
0.41999797987757836
0.3316616332137888
0.4681617351255029
0.35738014435153004
0.5452237435221821
0.35738014435153004
0.5497691979237049
0.3316616332137888
0.4727071895270258
0.25964980202811316
0.42454343427910124
0.184208836024072
0.47591810654355404
0.1602048922955135
0.5690347000228747
0.5614136660442776
0.5275636999312764
0.5768447727269225
0.4248143554023708
0.6694314128227912
0.38628335120403123
0.7500160810543804
0.44568531600980477
0.7963094011023149
0.5275636999312764
0.7963094011023149
0.5321091543327993
0.7500160810543804
0.45023077041132764
0.6694314128227912
0.3908288056055541
0.5768447727269225
0.42935980980389366
0.5614136660442776
0.5321091543327993
0.25862106158260356
0.4961217984584906
0.6708030667501373
0.4646548116965133
0.4729419877304476
0.5700347668853144
0.20306907752508235
0.6814167956013653
0.34023447025970255
0.6814167956013653
0.4791144304035055
0.6669676690269879
0.6248526601840395
0.6589403764856672
0.760303485509477
0.6509130839443464
0.7345849743717358
0.7600842625063087
0.6351400646391361
0.8483844804608369
0.4996892393136986
0.8917318601839689
0.3659529813974438
0.8644390655434785
0.2510769649821994
0.7889825156550633