0.04299091973006895
0.4685874913251461
0.049423004530167236
0.5350025057281018
0.05371106106356612
0.6229575248022864
0.06443120239706335
0.7073225430979326
0.07943940026395946
0.7863025602257719
0.14590427653164212
0.8347675707360368
0.23380943546631924
0.8706675785214182
0.31313848133419847
0.9083625866960688
0.3946115554687773
0.9442625944814501
0.4975249122703505
0.9424675940921812
0.5918621560051258
0.919132589031683
0.679767314939803
0.8814375808570326
0.7590963608076823
0.8329725703467676
0.8298492936087639
0.7827125594472337
0.8770179154761517
0.714502544655009
0.8963141698764465
0.6337275271379006
0.9091783394766433
0.5475675084529852
0.07729537199726001
0.3124224574587368
0.12875205039804657
0.29985745473385333
0.19092887013233037
0.3088324566801987
0.23809749199971805
0.34293746407631104
0.2874101421338053
0.3734524706938852
0.5425495058710388
0.3357574625192347
0.5854300712050277
0.3088324566801987
0.6518949474727103
0.3070374562909296
0.718359823740393
0.3160124582372749
0.7826806717413761
0.32139745940508213
0.12875205039804657
0.5507285569326172
0.14804830479834158
0.4879035433081997
0.2123691527993248
0.44123353318720376
0.28312208560040636
0.4735435401940471
0.31099445306749907
0.5435485553755409
0.31099445306749907
0.5493625088422543
0.28312208560040636
0.4793574936607605
0.2123691527993248
0.4470474866539172
0.14804830479834158
0.4937174967749131
0.12875205039804657
0.5565425103993307
0.5489815906711369
0.5327785530399265
0.5897181277384265
0.4591835370798945
0.6840553714732018
0.4537985359120872
0.7548083042742835
0.5166235495365047
0.7783926152079772
0.5866285647179985
0.7783926152079772
0.5924425181847119
0.7548083042742835
0.5224375030032181
0.6840553714732018
0.4596124893788006
0.5897181277384265
0.46499749054660794
0.5489815906711369
0.5385925065066399
0.2166572093327237
0.5022985225328787
0.6711912018730052
0.512709524790639
0.43399020796715704
0.5856580326447811
0.30670639653410015
0.6965525407623182
0.3495869618680891
0.691167539594511
0.41605183813577173
0.6947575403730492
0.4825167144034544
0.6947575403730492
0.5189651949373448
0.7216825462120852
0.5018129688037494
0.7504025524403904
0.4653644882698588
0.791687561393579
0.4117637816023728
0.8222025680111532
0.36030710320158627
0.8006625633399244
0.3281466792010946
0.7557875536081975