0.023594715223374182
0.49632083615349804
0.049588893011837304
0.5809418830884904
0.06958441438757813
0.6729212819308732
0.11957321782693033
0.7501839769584747
0.20155485546746785
0.798013264356514
0.2895351495207277
0.8421633758008578
0.3775154435739875
0.8863134872452015
0.46549573762724716
0.9175864828516117
0.5614742402308034
0.9341427746432407
0.6594522949719336
0.9175864828516117
0.737434828337323
0.873436371407268
0.8134178095651383
0.8274466719860765
0.8874012386553793
0.7796173845880374
0.9513869070577502
0.7207505693289122
0.9833797412589356
0.6434878743013107
0.9753815327086393
0.5478292995052325
0.9693828762959169
0.4576894886396973
0.08957993576331902
0.31420162644558
0.1535656041656898
0.2148638756958064
0.2615414195946904
0.1596762363903767
0.391512308537006
0.20382634783472048
0.47549349831511767
0.2792494548854744
0.6634513992470817
0.29396615870025566
0.6774482642101004
0.23142016748743532
0.7294366197870266
0.18727005604309155
0.7974213924645455
0.1670345882977673
0.8694052694172126
0.1651950003209196
0.1655629169911343
0.45952907661654485
0.2395463460813755
0.40066226135741984
0.321527983721913
0.3583517378899237
0.4175064863254691
0.3473142100288378
0.4694948419023954
0.4153789651722011
0.46549573762724716
0.5000000121071934
0.43550245556363587
0.577262707134795
0.3415235050976539
0.5901398229727287
0.2495441067692459
0.577262707134795
0.16956202126628248
0.5275938317599083
0.6714496077973782
0.40250184933426747
0.691445129173119
0.35283297395938074
0.7534312454379155
0.3289183302603612
0.8154173617027122
0.3749080296815526
0.8534088523166199
0.43193525696383
0.8734043736923608
0.4926416601998027
0.8454106437663237
0.5478292995052325
0.7694276625385084
0.5588668273663185
0.7134402026864338
0.5257542437830607
0.6714496077973782
0.46136866459339254
0.40550917350002463
0.512877127945127
0.8114182574275642
0.49632083615349804
0.5657399514576282
0.5685479656924755
0.5194836453417475
0.7839882456210273
0.555475583818081
0.7821486576441797
0.6014652829822851
0.7729507177599415
0.6494545342840631
0.774790305736789
0.693444681310693
0.7821486576441797
0.693444681310693
0.7888153244722756
0.6494545342840631
0.7814569725648849
0.6014652829822851
0.7796173845880374
0.555475583818081
0.7888153244722756
0.5194836453417475
0.7906549124491232