0.11001655793076515
0.5017767540419733
0.075413908408523
0.5817315241210902
0.04263245096639883
0.6670166122054816
0.06266556384769693
0.7594087909635723
0.12276490249159121
0.8287029250321404
0.18832781737583953
0.8766757870796106
0.27210265306126796
0.9175415584533814
0.36316225706716837
0.9406396031429041
0.4596854373134229
0.9584073298271523
0.5634933858801493
0.9513002391534531
0.6581953740462858
0.9335325124692049
0.7474337859720681
0.9051041497744077
0.8257450454171426
0.8677919237374864
0.8949503444616269
0.8180422890215915
0.9495861068651672
0.7523017002898731
0.9677980276663474
0.6563559761949327
0.9677980276663474
0.555079934094718
0.19561258569631154
0.31521562385736707
0.23567881145890773
0.3525278498942883
0.29759934218292006
0.3614117132364124
0.35405629666657834
0.34542075922058907
0.4068708669900006
0.3276530325363408
0.6199503403638076
0.30100144250996846
0.6727649106872298
0.3578581678995628
0.7456125938919502
0.39694716660490886
0.8202814691767886
0.4235987566312812
0.8749172315803289
0.4342593926418301
0.2338576193787898
0.49289289069984926
0.2666390768209139
0.47334839134717616
0.3030629184232741
0.45913420999977755
0.3467715283461063
0.4662413006734769
0.3686258333075224
0.4999999813735485
0.3649834491472864
0.5284283440683455
0.3376655679455163
0.5568567067631427
0.29395695802268407
0.5621870247684172
0.2557119243402059
0.5479728434210187
0.2229304668980817
0.524874798731496
0.5817053066813295
0.5035535267103981
0.6235927245240437
0.48756257269457476
0.6709437186071118
0.4911161180314243
0.716473520610062
0.505330299378823
0.7601821305328942
0.5302051167367705
0.7583609384527762
0.5604102520999924
0.716473520610062
0.5852850694579399
0.6654801423667578
0.5923921601316392
0.6199503403638076
0.5781779787842407
0.5908112670819194
0.5426425254157442
0.3121688788238641
0.524874798731496
0.6381622611649878
0.5479728434210187
0.4469370927525968
0.7043288382424029
0.22839404313843573
0.7611855636319972
0.3340231837852803
0.7576320182951475
0.4396523244321247
0.762962336300422
0.5489238492392053
0.7700694269741213
0.6472682215655776
0.7878371536583695
0.6436258374053417
0.8535777423900879
0.5434602729988512
0.8606848330637872
0.4341887481917707
0.8500241970532382
0.3249172233846902
0.8500241970532382
0.22839404313843573
0.8251493796952907