0.03288681615168684
0.5175615179333959
0.038982541799940006
0.6053689958416666
0.05523781019528181
0.6867904753566084
0.08571643843654764
0.7586329572815571
0.15683323766616794
0.8129139436248517
0.23607767109345915
0.8592124319764852
0.3173540130701681
0.8991249219347901
0.41285371489280104
0.9294584143031018
0.5144491423636871
0.9438269106880917
0.6160445698345733
0.9294584143031018
0.6912251861630292
0.8879494247464649
0.7623419853926494
0.84803693478816
0.8334587846222699
0.8017384464365263
0.8944160411048013
0.749053959691564
0.9066074924013077
0.6708254793732865
0.912703218049561
0.5830180014650158
0.9106713095001432
0.5000000223517418
0.06336544439295268
0.254139084208584
0.14057796927082614
0.28606907617522787
0.23201385399462374
0.32278856693686825
0.339705007113763
0.33875356292019027
0.4555237944305732
0.34513956131351897
0.5936935757909784
0.3195955677402039
0.6587146493723456
0.34513956131351897
0.7379590827996367
0.35152555970684785
0.8009482478315861
0.32757806573186493
0.8517459615670293
0.295648073765221
0.14870560346849704
0.48243852677008764
0.20153522575335786
0.4201750424351321
0.2767158420818136
0.37706955328016284
0.36611981825619344
0.3898415500668204
0.39659844649745923
0.45689453319677253
0.3945665379480416
0.5415090119083787
0.376279361003282
0.6165444930299919
0.2848434762794845
0.6404919870049748
0.19340759155568696
0.6085619950383309
0.13854606072140846
0.5494915099000398
0.6526189237240925
0.4728595291800945
0.6830975519653582
0.4089995452468068
0.7521824426455608
0.37228005448516627
0.8314268760728519
0.40421004645181013
0.8659693214129532
0.4664735307867657
0.8781607727094596
0.5223510167283925
0.8334587846222699
0.5830180014650158
0.7582781682938139
0.6165444930299919
0.6749699177676873
0.618140992628324
0.6546508322735101
0.5526845090967042
0.32548164726783896
0.5351230135150501
0.7359271742502189
0.5207545171300604
0.5416767169258847
0.5935026676543097
0.5693106731979657
0.7797126649410174
0.5754063988462189
0.7733266665476886
0.5875978501427251
0.7669406681543599
0.5977573928898139
0.760554669761031
0.6140126612851556
0.760554669761031
0.6140126612851556
0.7650189556748859
0.5977573928898139
0.7650189556748859
0.5875978501427251
0.7714049540682147
0.5754063988462189
0.7777909524615434
0.5693106731979657
0.7841769508548723