0.06018729031267793
0.47912452158292973
0.0833049608335305
0.5703581346264457
0.11175747839765672
0.6584990828210291
0.1348751489185093
0.7466400310156124
0.20600644282882483
0.806946995569801
0.27358117204362464
0.8641612952750569
0.34471246595394023
0.9198292625558464
0.42473517160304525
0.9693119001387704
0.5278755477730028
0.9646729028653713
0.6150113828131394
0.9275609246781783
0.6932558061144865
0.8873562816420526
0.7715002294158337
0.8347809792101958
0.8355183939351177
0.7667423525336753
0.8853102996723385
0.6863330664614239
0.9173193819319806
0.5950994534179077
0.9244325113230121
0.4976805106765262
0.8977582761066438
0.41263222733087557
0.07797011379025681
0.32913027640969134
0.13309686657075137
0.3105742873160949
0.1953367487422775
0.31985228186289316
0.2504635015227721
0.34150093580542235
0.29669884256447715
0.3724275842947498
0.5047578772521503
0.34150093580542235
0.5687760417714343
0.29974996034483026
0.6505770297682971
0.27655497397783463
0.7448259941994653
0.27500864155336824
0.8355183939351177
0.2796476388267674
0.14020999596178294
0.43273454884893847
0.1615493841348776
0.3755202491436826
0.22201098395864585
0.34150093580542235
0.2860291484779298
0.36314958974795164
0.3127033836942982
0.42036388945320746
0.32159479543308767
0.48530985128079523
0.30914681899878244
0.5440704834105173
0.2486852191750142
0.5688118022019795
0.18466705465573016
0.5394314861371182
0.1473231253528145
0.4868561837052615
0.5598846300326448
0.3801592464170817
0.5830023005534973
0.31830594943842677
0.6665815708981182
0.29820362792036387
0.7448259941994653
0.32139861428735944
0.8070658763709915
0.3739739167192162
0.8141790057620231
0.44201254339573665
0.7715002294158337
0.5085048376477908
0.6985906531577601
0.5440704834105173
0.622124512204171
0.5193291646190554
0.5812240182057394
0.45592953521593405
0.2415720897839826
0.4466515406691358
0.6416856180295077
0.40644689763301006
0.34293418360618233
0.65386008554763
0.34471246595394023
0.7445631749667947
0.3909478069956453
0.7399241776933955
0.4371831480373504
0.7414705101178618
0.4816402067312977
0.7445631749667947
0.5172058536864554
0.7538411695135928
0.5172058536864554
0.7574643579868771
0.4816402067312977
0.7481863634400789
0.4371831480373504
0.745093698591146
0.3909478069956453
0.7435473661666797
0.34471246595394023
0.7481863634400789