0.06395747305489188
0.5236772446767357
0.08791764394806172
0.6036899899609312
0.11003472477252615
0.6886014747523219
0.1303087155282852
0.7735129595437128
0.19481686793297323
0.8257661809537995
0.26669738061248277
0.8747535760257558
0.34779334363551906
0.9172093184214511
0.4344185768646715
0.9482346686336902
0.5339454405747616
0.9531334081408858
0.6224137638726195
0.9221080579286467
0.7016666368269504
0.8845510550401471
0.7717040594377546
0.8355636599681907
0.8398983919798533
0.7816775253890389
0.893348003972309
0.7196268249645609
0.9412683457586487
0.6510444718638222
0.967071606720524
0.5628671607343009
0.9689146967892293
0.48612024178823604
0.12846562545957985
0.2705757034716284
0.17085669703980344
0.2885377483313457
0.21324776862002695
0.31466435903638906
0.25932502033766125
0.33915805657236714
0.2943437316430633
0.3636517541083453
0.521043810093824
0.3473226224176932
0.5689641518801637
0.3081327063601282
0.6224137638726195
0.2722086166406936
0.6758633758650752
0.23628452692125904
0.7256268077201202
0.20525917670902
0.11925017511605304
0.45019615206880137
0.14321034600922283
0.3750821462918018
0.22062012889484847
0.3489555355867584
0.3035591819865902
0.3750821462918018
0.3385778932919922
0.44693032573067093
0.34779334363551906
0.5367405500292575
0.33673480322328686
0.6134874689753224
0.2574819302689559
0.6330824270041049
0.18560141758944643
0.5857279451012137
0.12846562545957985
0.5220443315076706
0.5523763412618153
0.39467710432058434
0.570807241948869
0.31466435903638906
0.6629617453841375
0.2934364878385413
0.7477438885445847
0.32936057755797593
0.8177813111553889
0.3979429306587147
0.8288398515676211
0.4665252837594535
0.793821140262219
0.548170942212714
0.7053528169643611
0.5922595977774746
0.615041403597798
0.5677659002414964
0.5689641518801637
0.4893860681263664
0.27959901109342034
0.5187785051695403
0.6648048354528431
0.4893860681263664
0.47164899625252005
0.556008925424227
0.3791258748035104
0.7016647801048437
0.406772225834091
0.6608419508782134
0.48233891865101125
0.6592090377091481
0.5597487015366368
0.657576124540083
0.5818657823611013
0.6983989537667132
0.570807241948869
0.7506521751767998
0.5486901611244046
0.8110699624322126
0.5099852696815917
0.8616902706732341
0.45100638748301985
0.8273990941228647
0.4141445861089124
0.7702471332055824