0.12387619402564042
0.596816177736803
0.13007405756208434
0.697633053069336
0.16416230701252602
0.7728456426031305
0.23233880591340936
0.8240542142006076
0.3036142365825147
0.8736625179356635
0.3826369966721748
0.9072681430465079
0.46940708618238997
0.9344726967076677
0.5623750392290491
0.9392735002949312
0.6475956628551532
0.9056678751840868
0.7219700252924804
0.8560595714490308
0.7901465241933638
0.7936491248146056
0.8552240913260252
0.7296384103177592
0.9094553972699098
0.6640274279584917
0.9435436467203513
0.577612963387749
0.9388952490680184
0.47679608805521606
0.9156532608063536
0.3855808198972099
0.8815650113559119
0.3135687660882578
0.03710610451542529
0.32317037326278475
0.05260076335653514
0.2815634088398346
0.07739221750231091
0.24635751586656907
0.1176783304891965
0.22875456937993635
0.16571177289663702
0.23675590869204216
0.43067043907961533
0.1279376940474033
0.475604949718834
0.1071342118359282
0.5329351874309403
0.10873447969834937
0.5902654251430468
0.11673581901045518
0.6367494016663764
0.1311382297722456
0.1858548293900798
0.5959183530349214
0.1858548293900798
0.5351081742629172
0.21064628353585557
0.48870040625270367
0.263328123595629
0.49670174556480945
0.29741637304607066
0.5335079064004962
0.29741637304607066
0.5376062668272201
0.263328123595629
0.5008001059915334
0.21064628353585557
0.4927987666794276
0.1858548293900798
0.5392065346896412
0.1858548293900798
0.6000167134616453
0.5282867897786073
0.44709344182975347
0.5360341191991623
0.3782819237456437
0.5964632886794907
0.3590787093965897
0.6599913899280411
0.3750813880208013
0.7095742982195926
0.41348781671890916
0.7095742982195926
0.4175861771456331
0.6599913899280411
0.3791797484475253
0.5964632886794907
0.36317706982331366
0.5360341191991623
0.38238028417236763
0.5282867897786073
0.4511918022564774
0.22862008779154291
0.5320364973165315
0.6060699771609789
0.39665383615570143
0.4310319811192412
0.5592306616417627
0.40587898493383956
0.747241356804392
0.4213736437749494
0.7312386781801803
0.44771456380483615
0.7232373388680746
0.4787038814870559
0.7200368031432323
0.5050448015169426
0.7152359995559687
0.5034953356328317
0.7424405532171284
0.49264907444405476
0.7696451068782881
0.46940708618238997
0.7888483212273422
0.4399672343842813
0.7840475176400786
0.4198241778908385
0.7680448390158671