0.062234112480963714
0.5158885929478584
0.09322690516586928
0.5765541154340271
0.13041825638775595
0.6545526443448156
0.1660599679753974
0.732551173255604
0.21874771553973688
0.7989943645499794
0.28538221981228384
0.8524378010258901
0.36441384115879305
0.9001035686935941
0.44654474177379283
0.94054725035104
0.536423840560019
0.9665467599879695
0.6278525789804905
0.9419916675530917
0.7006856417900186
0.8957703170874391
0.7704194253310562
0.840882463409477
0.8386035692378484
0.7744392721151017
0.8943905960706784
0.7036628292145714
0.9346812265610557
0.6227754658996796
0.9548265418062443
0.5317771821704264
0.9625747399774707
0.43500122963296656
0.05758519357822787
0.33966969429755844
0.10407438260558623
0.28911509222575105
0.15521249053568043
0.24722699336625353
0.21874771553973688
0.22700515253753062
0.2776340216410575
0.2371160729518921
0.5286756423887926
0.20389447730470442
0.6154554619065282
0.17067288165751673
0.7254798759379429
0.1880058880821364
0.8200078936269051
0.23278282134573716
0.90368843387615
0.2862262578216478
0.13816645455898238
0.46966724248220587
0.16915924724388792
0.3988907995816756
0.24044267041917078
0.35266944911602316
0.31017645396020826
0.3541138663180748
0.33652032774237806
0.43066797802681167
0.358215282621812
0.5202218445540132
0.3442685259136044
0.59677595626275
0.26678654420134057
0.6285531347078861
0.18930456248907657
0.601109207868905
0.14746429236445402
0.5332215993724779
0.5937605070270944
0.3916687135714174
0.6232036600777546
0.3281143566811453
0.7053345606927545
0.31367018466062896
0.7859158216735088
0.34689178030781664
0.8355042899693579
0.4075573027939854
0.858748884483037
0.4826669973006706
0.8200078936269051
0.5519990229991493
0.7316784344749242
0.5722208638278723
0.6464482545914338
0.5519990229991493
0.6061576241010566
0.4783337456945157
0.297779336886246
0.48555583170477395
0.702235281424264
0.4494454016534829
0.4965981019599153
0.5635543606155624
0.40005555274643445
0.7079960808207263
0.4248497868943589
0.6617747303550738
0.5116296064120945
0.6516638099407124
0.5984094259298302
0.653108227142764
0.6294022186147358
0.7137737496289328
0.6294022186147358
0.7701060205089467
0.5953101466613396
0.8379936290053738
0.5410727594627548
0.8885482310771812
0.46823969665322673
0.856771052632045
0.4263994265286042
0.7888834441356181