0.08816169904678149
0.47857257700445943
0.09770663793407013
0.5625680349883491
0.09388866237915468
0.6482776859923182
0.11488752793118984
0.723702178875811
0.17215716125492203
0.7716995834380337
0.22942679457865423
0.8214111810203358
0.3000593423445907
0.8659801995423997
0.37069189011052706
0.9036924459841461
0.45086937676375216
0.9276911482652574
0.540591802304266
0.9122634110845431
0.6226782767349488
0.884836322763273
0.6971288000558007
0.8454098833014472
0.7696703355991947
0.8076976368597008
0.8364849078102157
0.7511292671970811
0.8765736511368283
0.6757047743135883
0.9013904922437789
0.5951377023698574
0.9147534066859832
0.5111422443859676
0.09961562571152793
0.29686811687604486
0.17024817347746432
0.3122958540567593
0.23706274568848523
0.3500081004985057
0.28860541567984427
0.39800550506072846
0.3325121345613723
0.45285968170326857
0.5176839489747731
0.4460029096229511
0.5787715578534208
0.3911487329804109
0.6494041056193571
0.3500081004985057
0.7372175433824133
0.34486552143826754
0.8250309811454694
0.36029325861898204
0.13206841792830945
0.47857257700445943
0.1530672834803446
0.4477171026430305
0.21415489235899235
0.44943129566310985
0.27333351346018225
0.4511454886831892
0.2981503545671329
0.47685838398438
0.28860541567984427
0.5282841745867615
0.2618795867954358
0.5745673861289048
0.2122459045815346
0.6037086674702543
0.16452121014509105
0.5745673861289048
0.1454313323705137
0.526569981566682
0.5596816800788433
0.49228612116509435
0.5902254845181671
0.4460029096229511
0.6684939833939346
0.4442887166028717
0.7429445067147864
0.4511454886831892
0.8040321155934341
0.44943129566310985
0.7696703355991947
0.5179990164662852
0.7257636167176668
0.571139000088746
0.6665849956164769
0.6088512465304924
0.5959524478505405
0.5968518953899368
0.5730445945210476
0.5385693327072378
0.18933805125204173
0.48885773512493563
0.6169513134025757
0.49228612116509435
0.43737919646971746
0.5783386107730795
0.36114695122323837
0.7099886347151759
0.39169075566256223
0.6979892835746203
0.42796152343425925
0.6894183184742233
0.4661412789834141
0.6808473533738265
0.5043210345325688
0.6894183184742233
0.489049132312907
0.7099886347151759
0.46041431565104096
0.7288447579360491
0.42796152343425925
0.745986688136843
0.3897817678851045
0.7425583020966843
0.36305593900069605
0.7271305649159697