0.025619954358021547
0.5277362305858063
0.03222635768304596
0.6182439554643058
0.03718116017681429
0.707291878328636
0.05369716848937537
0.7948799991787968
0.1247160042333879
0.8532720797455707
0.21390244912121764
0.8999857441989897
0.3014372931777913
0.9423200026099009
0.39723014139064544
0.9656768348366104
0.5012809937597801
0.9671366368507797
0.6036802452976587
0.9510788146949168
0.6978214926792566
0.9248023784398687
0.795265941723367
0.9014455462131592
0.8794975841174283
0.8488926737030627
0.9505164198614409
0.7846613850796113
0.967032428174002
0.6970732642294506
0.9637292265114897
0.6094851433792898
0.9703356298365142
0.526276428571637
0.2287668566025226
0.33796196874379125
0.266753675721413
0.34818058284297665
0.30804369650281566
0.3642384049988395
0.3526369189467305
0.3861354352113796
0.38566893557185267
0.40803246542391985
0.6003770436351464
0.4109520694522586
0.6317574594290125
0.378836425140533
0.671395879379159
0.3554795929138234
0.7126859001605618
0.3365021667296219
0.7424147151231716
0.3262835526304364
0.22216045327749817
0.4751833580757098
0.2551924699026203
0.44890692182066155
0.3047404948403035
0.44014810973564544
0.35428851977798664
0.45036672383483095
0.3873205364031088
0.4620451399481857
0.3873205364031088
0.5087588044016048
0.3509853181154745
0.5335754386424837
0.30308889400904737
0.5467136567700078
0.2518892682401081
0.5364950426708224
0.21885725161498598
0.5131382104441129
0.6069834469601708
0.4868617741890646
0.6367122619227807
0.45036672383483095
0.6928666901854884
0.44890692182066155
0.7440663159544276
0.45912553591984706
0.7770983325795499
0.4941607842599114
0.7754467317482938
0.5218970225291288
0.7407631142919155
0.5583920728833626
0.686260286860464
0.559851874897532
0.6334090602602687
0.5510930628125159
0.6020286444664026
0.5160578144724515
0.3096952973340718
0.5029195963449274
0.6763506818729274
0.5145980124582823
0.5111905987473168
0.6416007876910154
0.3549244199224961
0.7706224027547083
0.4344476952891264
0.7564274870328366
0.5228861360556031
0.7491649720123441
0.6084717238941291
0.7508155436079106
0.686568572796784
0.7801957180089939
0.6854987529488024
0.8191492076643626
0.6013395915742519
0.8300429801951015
0.5161106103517199
0.8247611510892888
0.43088162912918776
0.8234406938128356
0.34529604129066194
0.8234406938128356