0.08446955239856674
0.5542810086950364
0.10550578220420523
0.6388954874066426
0.11251785880608473
0.7298959645115776
0.14056616521360263
0.8033349460348586
0.20893391208192763
0.8496334343864921
0.28256071640166225
0.897528422336458
0.35969355902233663
0.9470199098847559
0.4403324399439507
0.9821429010480642
0.5385015123702636
0.9837394006463964
0.6279054890442269
0.9565989074747491
0.7138034274172507
0.9294584143031018
0.7944423083388648
0.8927389235414614
0.8663160935081295
0.8464404351898277
0.9364368595269243
0.7953524480431976
0.9767562999877314
0.7187204673232523
1.0012985680943096
0.6325094890133139
1.0118166829971287
0.5462985107033753
0.09674068645185584
0.40261354685347794
0.15984937586877124
0.3754730536818307
0.23698221848944562
0.3467360609118512
0.30534996535777054
0.3052270713552142
0.35443450157092693
0.25573558380691613
0.4613686697495891
0.25094608501191956
0.545513588972143
0.29085857497022444
0.6436826613984558
0.3211920673385361
0.7523698487275877
0.33556056372352583
0.8557979786053102
0.33077106492852926
0.14757824181548213
0.49840352275340966
0.17913258652393982
0.4345435388201218
0.24925335254273473
0.3930345492634848
0.3211271377119994
0.4281575404267931
0.35443450157092693
0.4936140239584129
0.37371771222609557
0.5718425042766905
0.3509284632699872
0.6388954874066426
0.26503052489696355
0.6548604833899646
0.1931567397276988
0.618140992628324
0.14933126096595203
0.5622635066866973
0.58583302943295
0.46487703118843354
0.6226464315928173
0.3898415500668204
0.7173094657181903
0.3595080576985087
0.8032074040912142
0.39782404805848137
0.873328170110009
0.4616840319917691
0.8838462850128281
0.5303335147200535
0.818984576445443
0.5973864978500056
0.7348396572228891
0.6452814857999714
0.640176623097516
0.6309129894149816
0.5945981251852993
0.559070507490033
0.28781977385307184
0.5654565058833617
0.7067913508153711
0.5494915099000398
0.4864952775729906
0.6044110960826673
0.4315673441916013
0.7650189556748859
0.44734451654583013
0.7618259564782216
0.4736398038028783
0.7634224560765537
0.49993509105992634
0.7618259564782216
0.5139592442636853
0.7730014536665468
0.5069471676618058
0.78258045125654
0.49467603360851675
0.7969489476415297
0.4753928229533481
0.8081244448298551
0.45260357399723977
0.8017384464365263
0.4403324399439507
0.7873699500515365