0.11753008503754386
0.539585700080488
0.1428649330059242
0.6140999555493686
0.16651079110974593
0.688614211018249
0.1952236188072437
0.7584713255203247
0.2526492742022392
0.8019379745438384
0.31007492959723476
0.8485093842118886
0.3810125039086998
0.8950807938799389
0.45026108835560624
0.9323379216143792
0.5296436119898648
0.9432045838702576
0.6005811863013298
0.9106045971026224
0.6748967403419123
0.8717950890459139
0.7424563349242599
0.8267760597001318
0.8100159295066076
0.7739951287430081
0.8674415849016031
0.7134522961745426
0.9062883517864531
0.6420428013501989
0.9299342098902746
0.5613190245922449
0.9248672402965987
0.485252388801096
0.0803723080172526
0.3905571891427269
0.11246311544386779
0.3657191039864333
0.149620892464159
0.33932863850787154
0.193534628942685
0.31604293367384634
0.24082634515032836
0.3005191304511629
0.5313326018544233
0.26791914368352765
0.6276050241342689
0.269471524005796
0.7120545173622034
0.29275722883982114
0.7948150207255793
0.32690959592972474
0.8674415849016031
0.36882386463097006
0.16651079110974593
0.5131952346019261
0.2002905884009198
0.485252388801096
0.24758230460856315
0.46662382493387583
0.30162998027444127
0.4619666839670708
0.34892169648208465
0.47128096590068086
0.34047674715929116
0.5194047558909995
0.30669694986811735
0.5504523623363664
0.25940523366047397
0.570633306525855
0.20704654785915452
0.5814999687817334
0.17833372016165674
0.5520047426586349
0.566801389010156
0.44178573977758223
0.610715125488682
0.4200524152658255
0.6732077504773536
0.4200524152658255
0.730633405872349
0.4324714578439722
0.7897480511319033
0.444890500422119
0.7948150207255793
0.485252388801096
0.7525902741116121
0.5194047558909995
0.6900976491229405
0.5209571362132679
0.6309830038633861
0.508538093635121
0.5752463383329495
0.48835714944563263
0.2323813958275349
0.5240618968578046
0.6613848214254426
0.47128096590068086
0.3759455343150237
0.6482523226392721
0.38607947350237587
0.7206424878284898
0.41141432147075624
0.7315091500843682
0.44519411876193016
0.7392710516957101
0.4806629059176626
0.7361662910511733
0.5009307842923669
0.7284043894398315
0.5009307842923669
0.7320808600417628
0.4806629059176626
0.7398427616531045
0.44519411876193016
0.7429475222976413
0.41141432147075624
0.7351856206862994
0.38607947350237587
0.724318958430421