0.03281824813156527
0.2418380406074571
-0.013424903695074828
0.32251365408177995
-0.03654647960839486
0.41932439025096735
-0.04315264415505775
0.5190687850919483
-0.038198020745060575
0.6173463505970326
-0.013424903695074828
0.7126902574303231
0.027863624721568125
0.7977663589123364
0.08071294109487108
0.8711078257071753
0.14677458656149978
0.9312478284789434
0.24751859589810857
0.9591175858609822
0.35982339319137746
0.966451732540466
0.4704766493479805
0.9635180738686724
0.5811299055045835
0.9532502685173949
0.6818739148411923
0.926847340471253
0.7743602184944725
0.8828424603943497
0.8635434398744213
0.8315034336379622
0.9395143321610443
0.7757639188738847
0.163289997928157
0.13182584041519863
0.2326547256681171
0.1552951097895471
0.3003679122714116
0.1860985258433795
0.3664295577380403
0.22276925924079893
0.4308396620680033
0.25210584595873453
0.5976453168712407
0.3327814594330574
0.6818739148411923
0.401722438220206
0.784269465314467
0.45452829431249003
0.8817103923777442
0.5132014677483612
0.9576812846643672
0.5704078118483356
0.12200146951151403
0.2550395046305281
0.21448777316479423
0.23010340592028283
0.30201945340807723
0.24917218728694096
0.35982339319137746
0.2990443847074315
0.33505027614139166
0.3665185341586833
0.2838525009047544
0.44719414763300613
0.22604856112145424
0.4838648810304257
0.14347150428816835
0.45599512364838685
0.10713759928152257
0.38412048618944467
0.09887989359819396
0.301978043379225
0.5943422345979094
0.5234692730996388
0.6339792218778866
0.4691965876714579
0.7215109021211696
0.501466833061187
0.7727086773578067
0.5792087878637163
0.7908756298611297
0.6569507426662455
0.7561932659911497
0.7332258681328782
0.6670100446112008
0.7214912334457039
0.5860845289145807
0.687754158720078
0.5365382948146092
0.6364151319636906
0.572872199821255
0.5689409825124389
0.2491701370347743
0.3635848754868898
0.6405853864245494
0.5968107398944776
0.3728155167998143
0.5628780879240656
0.2095331497547971
0.7185575747739104
0.22770010225811999
0.7185575747739104
0.24091243135144572
0.7302922094610845
0.25082167817144
0.7434936734841555
0.25082167817144
0.7566951375072266
0.25082167817144
0.7566951375072266
0.25082167817144
0.7434936734841555
0.24091243135144572
0.7302922094610845
0.22770010225811999
0.7185575747739104
0.2095331497547971
0.7185575747739104