0.14555139919829288
0.4595616228557778
0.20736155487498303
0.5336986442053357
0.22943661047380098
0.621315123982086
0.21839908267439204
0.7224110621860288
0.271379216111555
0.797896029378306
0.35967943850682665
0.8531618089297947
0.461224694261389
0.9016878592676872
0.5936750278542966
0.9434741803919835
0.7305403725669677
0.9717810430890875
0.8872732673185747
0.9542577471337375
1.0108935786719553
0.9138193718521603
1.0881562732678178
0.8396823505026023
1.1433439122648625
0.7507179248831328
1.1764564956630894
0.6523178783646285
1.1963240457020257
0.5512219401606858
1.1941165401421439
0.44608216442858545
1.1742489901032076
0.3503780095955196
0.0859487490814845
0.2910683925158733
0.12568384915935676
0.2438902880207
0.18970151039592875
0.20210396689640367
0.2691717105516732
0.17649299588473824
0.3685094607463539
0.18592861678377287
0.7283328670070858
0.15627380824394968
0.7923505282436577
0.13605462060316115
0.8762357395191659
0.12796694554684573
0.9557059396749104
0.13740256644588036
1.0131010842318369
0.1603176457721074
0.2448891493929735
0.3948602224052545
0.2780017327912004
0.34229033453920427
0.3486419107074177
0.30185195925762714
0.4391496386625711
0.3166793635275387
0.47005471650091624
0.36520541386543126
0.4877147609799706
0.4285588684732354
0.47667723318056165
0.4851725938674433
0.4016220441445807
0.5094356190363895
0.313321821749309
0.4851725938674433
0.2537191716325007
0.4420383269004277
0.7504079226059038
0.340942388696485
0.7791054948843671
0.2802848257741194
0.8762357395191659
0.25736974644789234
0.9733659841539646
0.2748930424032424
1.0395911509504183
0.3139834718421003
1.030761128710891
0.37194514307902743
1.0020635564324278
0.43260270600139306
0.9314233785162107
0.47843286465384705
0.8409156505610572
0.45147394779946237
0.7923505282436577
0.39620816824797367
0.41265957194398967
0.43664654352955073
0.9049333117976291
0.409687626675166
0.6615190320613302
0.5020219169014336
0.6157500834531144
0.7318466830850634
0.6488626668513413
0.7089316037588363
0.7040503058483861
0.700843928702521
0.7548229337256673
0.706235712073398
0.801180550483185
0.7210631163433096
0.8166330894023576
0.752065870725852
0.7768979893244852
0.7682412208384829
0.7195028447675587
0.7722850583666405
0.6599001946507502
0.7722850583666405
0.6179575890129962
0.7574576540967289