0.05952043221495987
0.6148101514359676
0.0673524414122561
0.678890227641441
0.09476447360279307
0.7572103207814639
0.13979852648724658
0.8212903969869373
0.21420261386156117
0.8622304456737674
0.2827326943379035
0.906730498594235
0.3610527863108662
0.9405505388137905
0.4550368966784214
0.9530105536315213
0.556853016243273
0.9458905451642465
0.64692112201218
0.9209705155287846
0.7291572185837907
0.8746904604914985
0.7937712944614851
0.8212903969869373
0.8583853703391792
0.7678903334823762
0.9210414439175493
0.7216102784450898
0.9249574485161974
0.6326101726041546
0.9053774255229567
0.5507300752304943
0.8936294117270123
0.4670699757400151
0.15742054718116325
0.2605897301890455
0.23182463455547772
0.24456971113767711
0.30818672422911636
0.2605897301890455
0.38063280930410687
0.28194975559086993
0.4354568736851807
0.3246698063945188
0.6077610760256985
0.3104297894599692
0.6332151059169114
0.2570297259554081
0.6625851404067724
0.20718966668448438
0.7017451863932539
0.16802962011447284
0.7585272530736518
0.15200960106310454
0.1280505126913022
0.5542900794641316
0.1750425678750798
0.45638996303910295
0.269026678242635
0.3780698698990799
0.3982548299980234
0.38696988048317343
0.45112089207977324
0.4528299588054655
0.46482690817504174
0.5738701027491373
0.4354568736851807
0.6895702403423531
0.3395147610183014
0.7429703038469143
0.20441260236494083
0.7305102890291834
0.1280505126913022
0.6521901958891604
0.6273410990189393
0.4368099397540972
0.6371311105155596
0.3923098868336296
0.6899971725973094
0.3015297788758757
0.8074773105567534
0.32822981062815626
0.8662173795364755
0.41900991858591013
0.8681753818357996
0.48486999690820226
0.8290153358493182
0.5970101302677805
0.764401259971624
0.6913502424591719
0.6508371266108282
0.6877902382255344
0.6038450714270506
0.5916701239173245
0.3786748070047828
0.5863301175668684
0.707619193291226
0.5436100667632194
0.5588981158862564
0.6168169313418551
0.6314934142399187
0.7937272711849895
0.6336809754295084
0.7898712898551834
0.6414589707702715
0.7896332663163065
0.649176200522435
0.7895856616085312
0.6558604152684034
0.7912042216728942
0.6562857743886014
0.796631158359288
0.6515460584778238
0.8006775585201956
0.6439503599028596
0.8018676762145802
0.6362331301506964
0.8024865374156602
0.6290627906959303
0.8005823491046448