0.12939877986134943
0.5355347108823673
0.14128035372719333
0.6084743729416305
0.16702376376985512
0.6851545304911123
0.20464874767836091
0.7562239448052664
0.2600960923856325
0.8104611294134365
0.32940527326972213
0.8516065798058415
0.40663550339770765
0.8834007914726999
0.4838657335256932
0.9095842599042303
0.5670367505866005
0.9264164896102141
0.654168292269456
0.9189354986297767
0.7274379977754935
0.8852710392178093
0.7908063917266611
0.8366445978449669
0.8403129495010109
0.7805371654916875
0.8858589826534125
0.71881898990308
0.9175431796289963
0.6477495755889262
0.9036813434521785
0.5710694180394441
0.8898195072753605
0.48877851725463434
0.2656907267693036
0.40864232868467804
0.3369666835014094
0.3720992586684332
0.43471656701972583
0.36825261971935475
0.5304299946314106
0.36825261971935475
0.5976330395502532
0.3509427444485019
0.7483307766409909
0.3624826612957372
0.7768411593338331
0.3720992586684332
0.8216431892797282
0.36825261971935475
0.8664452192256232
0.35863602234665876
0.8990285137317287
0.3547893833975803
0.37362288982077807
0.5317347750551872
0.4102790961401467
0.5451980113769614
0.47544568515235763
0.5451980113769614
0.5324664505380422
0.5144248997843343
0.558940377324253
0.49519170503894233
0.558940377324253
0.49519170503894233
0.5324664505380422
0.5144248997843343
0.47544568515235763
0.5451980113769614
0.4102790961401467
0.5451980113769614
0.37362288982077807
0.5317347750551872
0.7748047034272016
0.4913450660898639
0.7890598947736228
0.5048083024116383
0.817570277466465
0.5105782608352559
0.8440442042526758
0.5048083024116383
0.8644087633189917
0.5067316218861775
0.8644087633189917
0.5067316218861775
0.8440442042526758
0.5048083024116383
0.817570277466465
0.5105782608352559
0.7890598947736228
0.5048083024116383
0.7748047034272016
0.4913450660898639
0.4701508997951154
0.5263494805264773
0.8179775686477915
0.5036543107269147
0.6739322541853833
0.5907165722743892
0.717783938041517
0.7471465562035782
0.7238933057614119
0.7432999172544997
0.7340755852945698
0.7413765977799605
0.7442578648277277
0.737529958830882
0.7483307766409909
0.7413765977799605
0.7483307766409909
0.7413765977799605
0.7442578648277277
0.737529958830882
0.7340755852945698
0.7413765977799605
0.7238933057614119
0.7432999172544997
0.717783938041517
0.7471465562035782