0.1209846783067849
0.36329118021690915
0.09816969499292187
0.4520161156569027
0.0677497172411045
0.5461731900013856
0.05063847975570721
0.6475731162185211
0.07155221446008166
0.7435409035311671
0.1209846783067849
0.8232122741303449
0.20463961712428277
0.877533663175239
0.30350454481768924
0.9065050706658492
0.3814557378067213
0.9590157467425799
0.49172815715705925
0.9644478856470693
0.5981980792884202
0.9427193300291118
0.7084704986387582
0.9228014873793172
0.8054341777226762
0.8847765150478915
0.8719778790547767
0.8141587092895293
0.9138053484635257
0.7218123479132096
0.9499290720438088
0.6240338476324003
0.9765465525766489
0.5298767732879174
0.21604710878121422
0.20394843901855347
0.2939983017702463
0.20213772605039035
0.36244325171183545
0.22567699463651103
0.40997446694905015
0.27456624477691566
0.4384931960913789
0.3234554949173203
0.6134080681643289
0.346994763503441
0.6780505208869407
0.3071590782038521
0.750297968047507
0.28180909664956816
0.8320516582555164
0.2872412355540576
0.9004966081971054
0.3125912171083414
0.2578745781899631
0.4176125692618032
0.28449205872280336
0.37958759693037736
0.332023273960018
0.3669126061532354
0.3719494947592784
0.388641161771193
0.38715948363518704
0.3813983098985405
0.37765324058774413
0.4339089859752714
0.3567395058833697
0.4864196620520022
0.30920829064615496
0.49728393986098096
0.2654795726279175
0.4683125323703708
0.25597332958047453
0.4266661341026189
0.6115068195548403
0.4701232453385341
0.6495317917446121
0.4339089859752714
0.7065692500292696
0.41580185629364
0.7521992166569956
0.44839468972057644
0.7636067083139273
0.47374467127486036
0.7445942222190414
0.4701232453385341
0.7350879791715984
0.5334981992242437
0.6761492722774521
0.5715231715556695
0.6210130626022833
0.5479839029695488
0.6058030737263747
0.4990946528291441
0.3396282683979724
0.43753041191159764
0.6894580125438724
0.4918518009564916
0.46130817940524194
0.6457624032503578
0.2350595948761001
0.6941314112319993
0.341529517007461
0.7122385409136305
0.4632094280147305
0.7393992354360776
0.6020005765073972
0.7502635132450565
0.6894580125438724
0.8009634763536241
0.6894580125438724
0.8069158574168768
0.6020005765073972
0.7562158943083092
0.4632094280147305
0.7453516164993302
0.341529517007461
0.7181909219768832
0.2350595948761001
0.700083792295252