-0.01753461822275293
0.46077434217791685
0.0037126230285657452
0.5490321141871198
0.03268613382581845
0.632386676640256
0.07131748155548874
0.7075692231666141
0.1427854748553788
0.7729453505808386
0.21811660292823581
0.8252462525122181
0.29924243316054344
0.8644719289607528
0.37843669600636753
0.9036976054092875
0.4692203631710928
0.934751265931044
0.5715934346547191
0.942923281857822
0.6469245627275761
0.897159992667865
0.7125978538680157
0.8415902843657742
0.7802027123949385
0.7925581888051059
0.8574654078542792
0.7435260932444375
0.9173439968352681
0.6797843690155687
0.9482490750190044
0.5980642097477882
0.9540437771784549
0.5114408409239408
0.10222255973922502
0.28425879815951094
0.17755368781208203
0.2613771535645324
0.27413205713625777
0.2662803631205992
0.36105258952801594
0.28916200771557776
0.4383152849873565
0.32675328097875683
0.7029400169355979
0.29569962045700016
0.755092336370653
0.26301155674988796
0.8111077905786749
0.23849550896955382
0.8767810817191144
0.2270546866720645
0.9405228054730703
0.22868908985742015
0.10801726189867555
0.4591399389925612
0.17948525519856554
0.43625829439758274
0.2606110854308732
0.43135508484151586
0.34753161782263137
0.43298948802687154
0.4112733415765873
0.4591399389925612
0.38809453293878515
0.5196128568507188
0.3417369156631808
0.5768169683381652
0.26640578759032374
0.6013330161184994
0.19300622690395017
0.5686449524113872
0.13699077269592824
0.5179784536653633
0.6623771018194442
0.4754839708461173
0.7087347190950485
0.43462389121222705
0.7763395776219716
0.41337664980260425
0.8497391383083452
0.3986670211344036
0.8999598903569165
0.41827985935867107
0.8709863795596638
0.4754839708461173
0.8323550318299935
0.527784872777497
0.7802027123949385
0.5768169683381652
0.7164609886409826
0.5800857747088765
0.6797612082977958
0.5310536791482081
0.2567479506579061
0.5163440504800076
0.755092336370653
0.5049032281825183
0.5335415571409937
0.5765445678072726
0.503988576127796
0.7304508677615926
0.5059201435142796
0.699397207239836
0.5542093281763674
0.6961284008691248
0.6024985128384552
0.699397207239836
0.6314720236357079
0.720644448649459
0.6082932149979058
0.7549669155419267
0.5870459737465872
0.7909237856197502
0.5600040303358179
0.8187086397707957
0.5290989521520818
0.7925581888051059
0.5136464130602135
0.7582357219126381