0.12109273130752816
0.42078992070272886
0.11205579741634895
0.5169100350109388
0.11657426436193852
0.6326101726041546
0.1542281555751852
0.7216102784450898
0.2235113154075591
0.7750103419496509
0.30484372042817204
0.8301904075710308
0.38015150285466537
0.8853704731924106
0.46148390787527827
0.9316505282296969
0.5548655580841301
0.9423305409306091
0.6407164300503325
0.9156305091783286
0.7250611463680051
0.8622304456737674
0.8033812400915582
0.8070503800523877
0.8606151547356933
0.7376302974964581
0.9208613806768879
0.6717702191741661
0.9389352484592464
0.5649700921650439
0.943453715404836
0.4510499566886468
0.943453715404836
0.33534981909543105
0.10452501917369955
0.13242957777809883
0.1542281555751852
0.15378960317992327
0.20995591457079033
0.1751496285817477
0.2777329187546344
0.17870963281538507
0.3409914559928889
0.1644696158808355
0.41178077147379255
0.11106955237627437
0.45696544092968866
0.16268961376401678
0.533779379004712
0.15200960106310454
0.6361979631047429
0.10572954602581823
0.7340980802591843
0.05944949098853194
0.14217891038694627
0.43324993552045976
0.19941282503108126
0.37984987201589865
0.27472060745757465
0.347809833913162
0.35304070118112774
0.317549797927244
0.3756330359090757
0.3495898360299807
0.37864534720613546
0.4581699651559217
0.3650899463693667
0.5489500731136756
0.2973129421855226
0.5827701133332309
0.22652362670461887
0.5418300646464007
0.16627740076342418
0.4866499990250208
0.5684209589208988
0.3122097915767879
0.6045686944856157
0.28194975559086993
0.6843949438576987
0.2855097598245074
0.7672335045268414
0.29974977675905695
0.8425412869533349
0.32822981062815626
0.8229612635224465
0.3940898889504482
0.7792827497150803
0.47418998420728997
0.7084934342341765
0.5275900477118511
0.6331856518076832
0.49377000749229566
0.5819763597576677
0.42078992070272886
0.2943006308884629
0.4350299376372785
0.6678272317238703
0.39586989106726694
0.49707938636886745
0.5032633521153287
0.3861761254487849
0.6379501789546108
0.4343731062017406
0.6254901641368797
0.5051624216826444
0.6219301599032424
0.5744455815150183
0.6076901429686928
0.6361979631047429
0.6290501683705172
0.6196302509709144
0.6913502424591719
0.5804702041091377
0.7589903228982826
0.5262486007620626
0.8017103737019315
0.464496219172338
0.7536503165478264
0.41328692712232246
0.7055902593937214