0.05540838934662062
0.5052822547600858
0.07944260604029924
0.5915589303921324
0.09423289323640914
0.6813571029887524
0.12935982532717008
0.7570692877270792
0.19591611770966463
0.8063702452311059
0.2624724100921591
0.8591926996997059
0.3382726319722223
0.906732908721446
0.42146799745034047
0.9454693753317526
0.5083609347274861
0.959555363190046
0.5915563002056042
0.9296226389911725
0.6673565220856673
0.8856039269340058
0.7431567439657306
0.8415852148768391
0.8134106081472524
0.7922842573728125
0.8633278274341233
0.7306580604927791
0.9076986890224532
0.6690318636127459
0.9261865480175904
0.5845159364629857
0.9335816916156454
0.5352149789589591
0.07204746244224426
0.2851886944742524
0.1386037548247388
0.2992746823325457
0.2107064049057745
0.3309681550137058
0.2791114831877827
0.3714653701062991
0.34751656146979104
0.4190055791280391
0.5120585065265134
0.40491959126974575
0.5952538720046316
0.3644223761771524
0.6636589502866398
0.3045569277794058
0.7413079580662169
0.24997372482851907
0.8245033235443349
0.212998006700499
0.13675496892522504
0.44365605788005247
0.16818432921695858
0.3785083640354458
0.25877483829313164
0.38202986100001907
0.3382726319722223
0.41724483064575246
0.375248349962497
0.45598129725605907
0.36600442046492837
0.5387364759235324
0.3493653473693047
0.6197309061087192
0.26801876779070033
0.635577642449299
0.19591611770966463
0.5880374334275591
0.14599889842279376
0.5246504880652392
0.5250000078231096
0.42604857305718574
0.578614798909008
0.3644223761771524
0.6692053079851811
0.3520971368011458
0.7579470311618405
0.3802691125177324
0.8226545376448212
0.4401345609154791
0.8355960389414173
0.5211289911006658
0.7727373183579502
0.5845159364629857
0.6858443810808047
0.6144486606618592
0.5971026579041454
0.5897981819098458
0.5490342245167883
0.5193682426183791
0.30499448578097504
0.5616262061932591
0.6636589502866398
0.5334542304766724
0.47317237644007465
0.5939065950351815
0.3419702037712498
0.7852412634436658
0.39928256665617556
0.7500262937979325
0.47508278853623875
0.7535477907625059
0.5545805822153295
0.7553085392447926
0.6229856604973376
0.7711552755853724
0.6229856604973376
0.8363029694299792
0.5527317963158158
0.8503889572882726
0.4787803603352662
0.8398244663945525
0.4048289243547168
0.8521497057705593
0.3456677755702773
0.8468674603236992