0.12443921867980075
0.45281456953642385
0.13458662277815364
0.5452193708609272
0.13864558441749478
0.6435223509933776
0.17314675835189441
0.7221647350993379
0.2360606637616821
0.798841059602649
0.2989745691714697
0.8676531456953642
0.3720358786796102
0.9325331125827816
0.45930355392544475
0.9738203642384107
0.5567186332696321
0.9757864238410596
0.6358683852367844
0.9344991721854305
0.7190770988432776
0.8951779801324504
0.7819910042530653
0.8381622516556291
0.844904909662853
0.781146523178808
0.9118777767119818
0.7182326158940397
0.9443494698267109
0.6336920529801324
0.9626147972037462
0.5412872516556292
0.9687032396627577
0.4469163907284769
0.1183507762207891
0.26014072847682124
0.160969873433871
0.2385140728476821
0.22185429802398807
0.2385140728476821
0.2665028760567406
0.2660389072847682
0.3091219732698226
0.3014279801324503
0.5506301908106205
0.2896316225165563
0.6115146154007375
0.24637831125827814
0.6825464440892075
0.22868377483443714
0.7657551576957008
0.22868377483443714
0.8428754288431826
0.23654801324503316
0.18126468163057669
0.4606788079470199
0.203588970646953
0.3977649006622517
0.260414433597729
0.3663079470198676
0.32129885818784604
0.40366307947019875
0.36188847458125745
0.4646109271523179
0.3740653594992808
0.5294908940397351
0.35174107048290454
0.5884726821192053
0.28273872261410515
0.6120653973509933
0.2259132596633292
0.5786423841059603
0.18938260490925896
0.5196605960264901
0.6013672113023846
0.42135761589403975
0.6216620194990903
0.36827400662251664
0.6886348865482192
0.3604097682119205
0.7515487919580067
0.3800703642384107
0.7901089275317477
0.4233236754966888
0.7961973699907594
0.4764072847682119
0.7657551576957008
0.5334230132450332
0.7109591755645953
0.5648799668874173
0.6439863085154667
0.5393211920529801
0.6094851345810669
0.486237582781457
0.30709249245015197
0.492135761589404
0.7109591755645953
0.48427152317880795
0.40044861015499833
0.6494205298013245
0.39638964851565717
0.7516556291390728
0.4024780909746688
0.7221647350993379
0.4511856306467625
0.7201986754966887
0.49989317031885616
0.7241307947019868
0.5323648634335852
0.7418253311258278
0.5181584976958913
0.7732822847682119
0.49786368949918564
0.812603476821192
0.4633625155647859
0.8361961920529801
0.42683186081071567
0.812603476821192
0.40450757179433944
0.77721440397351