0.07417720469911368
0.48499796276184304
0.08902769681337651
0.566675665282601
0.07417720469911368
0.6600216110206104
0.06489564712769937
0.7550344486467985
0.09830925438479082
0.8367121511675565
0.174418026470388
0.8833851240365612
0.26537729067024807
0.9217236374646721
0.3674744239558052
0.941726340122817
0.4769968032984939
0.941726340122817
0.5865191826411826
0.935058772570102
0.6904726274410227
0.9183898536883147
0.7888571376980141
0.8867189078129186
0.8761037788693085
0.8383790430557353
0.9336494358120769
0.7667026918640496
0.9503562394406228
0.6733567461260404
0.9484999279263399
0.5750101247234949
0.9410746818692085
0.4766635033209494
0.11130343498477081
0.3866513413592976
0.15771122284184227
0.35664728737208035
0.2096879452417623
0.3366445847139355
0.2672336021845309
0.333310800937578
0.3154977015558852
0.3399783684902929
0.541967706298394
0.3483128279311866
0.6032259862697283
0.32664323338486306
0.6774784468410425
0.32831012527304176
0.7405930383266597
0.3483128279311866
0.7870008261837312
0.37164931436568893
0.20226269918463088
0.44999323311008954
0.23010737189887379
0.4299905304519447
0.26908991369881374
0.42165607101105107
0.31364139004160235
0.4299905304519447
0.33220450518443095
0.4616614763273408
0.33220450518443095
0.49166553031455806
0.3080724554987538
0.5200026924135965
0.2672336021845309
0.5283371518544902
0.23010737189887379
0.5100013410845241
0.20411901069891372
0.4833310708736642
0.5735250020412025
0.45666080066280457
0.6050822977840111
0.4416587736691959
0.6422085280696682
0.43332431422830225
0.6886163159267398
0.4399918817810171
0.7164609886409826
0.466662151991877
0.712748365612417
0.49499931409091547
0.6849036928981741
0.5233364761899539
0.6403522165553854
0.5333378275190264
0.6013696747554454
0.5250033680781327
0.5716686905269196
0.4966662059790943
0.2802277827845109
0.48166417898548564
0.6143638553554255
0.48666485465002185
0.4046006542414624
0.6416858002506443
0.29693458641305664
0.7350317459886536
0.3637618009272396
0.7366986378768323
0.4472958190699681
0.7316979622122961
0.5326861487269796
0.7316979622122961
0.6162201668697083
0.7433662054295472
0.6125075438411426
0.8000405296276244
0.5326861487269796
0.8133756647330542
0.4472958190699681
0.8133756647330542
0.3600491778986738
0.8183763403975904
0.28208409429879383
0.8000405296276244