0.02738365595769159
0.49123977884971587
0.040677116681672586
0.575656311795809
0.06536497231192301
0.6552945504241986
0.10524535448386604
0.7269689651897492
0.17551078973919426
0.7874940265473254
0.2514734224476571
0.8368697344969269
0.3293351209738316
0.8910237367642319
0.41859121440627556
0.9244717969881554
0.5116454394741425
0.951548798121808
0.5990024670888748
0.9260645617607233
0.678763231432761
0.8782816185836895
0.7547258641412239
0.8209420867712489
0.8230922335788404
0.7715663788216475
0.8933576688341686
0.7221906708720458
0.9256417877352654
0.644145197016224
0.9389352484592464
0.5613214288426988
0.9503296433655157
0.49123977884971587
0.12233694684327019
0.26665994591765724
0.18120798719232895
0.2284335913760302
0.25337248826536873
0.2061348845600811
0.3388304500623895
0.19976382546980992
0.407196819500006
0.22046976751319125
0.6597725732556453
0.2459540038742759
0.705350152880723
0.2252480618308946
0.7642211932297817
0.21728423796805565
0.8192941019434172
0.230026356148598
0.8686698132039181
0.2507322981919793
0.1698135922860595
0.5079134629487518
0.19450144791630997
0.4617232845442858
0.24387715917681085
0.4362390481832011
0.31224352861442745
0.4314607538654977
0.36351830569263993
0.4457956368186079
0.36351830569263993
0.4498278947629534
0.31224352861442745
0.4354930118098432
0.24387715917681085
0.44027130612754656
0.19450144791630997
0.46575554248863127
0.1698135922860595
0.5119457208930973
0.6749650997973378
0.4537594606814468
0.7091482845161461
0.4282752243203622
0.7623221274120702
0.4314607538654977
0.8060006412194363
0.4537594606814468
0.8420828917559562
0.4792436970425315
0.8420828917559562
0.483275954986877
0.8060006412194363
0.45779171862579227
0.7623221274120702
0.4354930118098432
0.7091482845161461
0.43230748226470767
0.6749650997973378
0.45779171862579227
0.25679080673724947
0.4586425662442417
0.7589038089401894
0.45131584829042976
0.5169628237637349
0.535236396727364
0.420490280223987
0.6616656095144697
0.44517813585423754
0.6091043720197326
0.5306360976512582
0.6059188424745969
0.616094059448279
0.6170681958825714
0.6578735074379336
0.644145197016224
0.6293875201722601
0.7142268470092069
0.5971034012711633
0.7779374379119185
0.5382323609221046
0.8241276163163844
0.47366412311991113
0.7811229674570541
0.44327907003652595
0.7221906708720458