0.05443016251150283
0.38280151306423327
0.04577327781782445
0.49999998416751623
0.042310523940353076
0.6188039137790634
0.03365363924667473
0.7311860093575538
0.09252045516368768
0.8146698517872897
0.1929403176103569
0.8724663580847991
0.29509155699576173
0.9238410303492519
0.4128251888297877
0.9463174494649501
0.5409470822962277
0.9479229079732143
0.667337598823932
0.9366846984153652
0.7833398537192222
0.9109973622831387
0.8837597161658914
0.8596226900186859
0.9443579090216401
0.7841661401302709
0.9651344322864683
0.6733895030600445
0.9443579090216401
0.5658237830063465
0.902804862491984
0.47431264803528983
0.902804862491984
0.36193055245679934
0.24141887189495578
0.19175195058079947
0.28124054148587635
0.22867749627087489
0.33145047270921096
0.2575757494196296
0.3816604039325456
0.2768412515187994
0.43533308903335144
0.283263085551856
0.6552179602527823
0.2768412515187994
0.7019651375986455
0.26239212494442204
0.7417868071895661
0.23831024732045983
0.7694888382093369
0.20138470163038436
0.7798770998417509
0.16124823892378062
0.3054798186281758
0.36193055245679934
0.3331818496479466
0.3442705088658938
0.36261525760645313
0.3233995482584598
0.4093624349523164
0.3217940897501956
0.4266762043396731
0.35229780140721445
0.4232134504622017
0.37637967903117664
0.4041683041361093
0.4116997662129881
0.36780938842266014
0.4261488927873654
0.33145047270921096
0.41330522472125214
0.3002856878119688
0.38761788858902574
0.672531729640139
0.34105959184936546
0.6863827451500245
0.31537225571713906
0.715816153108531
0.3073449631758183
0.7487123149445088
0.3201886312419315
0.7712202151480726
0.3442705088658938
0.7694888382093369
0.3731687620146484
0.7521750688219802
0.39885609814687484
0.721010283924738
0.4100943077047239
0.6881141220887602
0.4020670151634032
0.6742631065788748
0.3715633035063842
0.37819765005507416
0.37959059604770506
0.7244730378022093
0.3699578449981202
0.608470782906919
0.5401364468741201
0.20159720230403527
0.5677001626378801
0.32279358801553254
0.6736604241833141
0.5184391820926639
0.683293175232899
0.7123533992310596
0.6656331316419933
0.8629831929010634
0.6158639178858046
0.8629831929010634
0.6204093722873275
0.7123533992310596
0.6701785860435162
0.5184391820926639
0.6878386296344219
0.32279358801553254
0.6782058785848369
0.20159720230403527
0.572245617039403