0.062696135298441
0.547053950276357
0.07551579235626915
0.6362088334299498
0.11611137303939174
0.7105045693912773
0.1780730488188946
0.7715921745150353
0.25285438165622565
0.8194716488012239
0.3383187620417468
0.8657001067327165
0.43446618997545816
0.900371450181336
0.5284770083995314
0.9300897445658669
0.635307483881433
0.9482509244675246
0.7378647403440585
0.9284387282111708
0.8019630256331994
0.8739551885061974
0.848968434845236
0.8013104688995663
0.8981104535669108
0.7253637165835427
0.9365694247403952
0.6494169642675192
0.913066720134377
0.5685171628874071
0.9045202820958248
0.48101329608851046
0.8938372345476345
0.39516044564430997
0.13747746813577205
0.3010525134266286
0.2378981150887594
0.3159116606188941
0.3383187620417468
0.33572385687524803
0.4430126280140103
0.3522340204222097
0.5242037893802555
0.3291197914564634
0.5883020746693964
0.33572385687524803
0.6481271409392612
0.29775048071723625
0.6887227216223837
0.24161592465756673
0.7164986452476781
0.17722628682441635
0.7271816927958683
0.10788359992717747
0.19730253440563686
0.47771126337911807
0.25285438165622565
0.4694561816056373
0.30413300988753833
0.45955008347746035
0.35754824762848914
0.4446909362851949
0.4045536568405258
0.4380868708664102
0.4045536568405258
0.4744092306697258
0.3725045141959553
0.5057785414089528
0.31908927645500457
0.5239397213106107
0.2635374292044158
0.5239397213106107
0.21439541048274108
0.5057785414089528
0.6566735789778133
0.4034155274177907
0.6951325501512978
0.3869053638708291
0.7506843974018866
0.38525434751613297
0.8040996351428373
0.3786502820973483
0.8404219968066838
0.3654421512597791
0.8404219968066838
0.4050665437724869
0.8169192922006656
0.4380868708664102
0.7699138829886288
0.45129500170397946
0.7186352547573162
0.4479929689945872
0.6694932360356415
0.4298317890929293
0.3789143427248694
0.45955008347746035
0.8147826826910275
0.39846247835370224
0.6972691596609358
0.5701681792421033
0.5562529320248258
0.7237127002288465
0.5776190271212062
0.6758332259426577
0.633170874371795
0.6527189969769114
0.7058155976994881
0.6461149315581268
0.7400013498536965
0.6824372913614424
0.7464111783826106
0.7319677820023274
0.7314549118151443
0.7914043707713891
0.6801762835838315
0.8128675833824393
0.6011217317272245
0.8112165670277433
0.564799370063378
0.7765452235791237