0.039838576158940375
0.5652063242313976
0.05970612582781459
0.6467142213715722
0.07957367549668876
0.7300334051148617
0.13476131346578368
0.8024848692394613
0.22085402869757176
0.8513896075235659
0.30915424944812364
0.8948604859983257
0.3864169426048565
0.9274636448543955
0.4813396799116998
0.9491990840917752
0.5696399006622517
0.9673119501229253
0.6667701434878588
0.9510103706948903
0.739617825607064
0.9093507788232457
0.8168805187637969
0.8568234673329109
0.8853131898454747
0.7970510094301163
0.9427083333333333
0.7354672649242066
0.9537458609271523
0.6539593677840322
0.9537458609271523
0.5652063242313976
0.9427083333333333
0.48550971369433815
0.18774144591611475
0.2862681873516893
0.25617411699779247
0.2826456141454593
0.33564431567328923
0.2953246203672642
0.39966197571743933
0.3224939194139891
0.46147213024282563
0.3514745050638289
0.6137900110375276
0.40400181655416356
0.6689776490066226
0.342418072048254
0.7263727924944812
0.2790230409392293
0.7903904525386314
0.22649572944889462
0.869860651214128
0.18664742418036495
0.16566639072847678
0.5181128725504078
0.2318915562913907
0.45652912804449824
0.31577676600441507
0.40400181655416356
0.41069950331125826
0.40762438976039356
0.4548496136865342
0.48550971369433815
0.4769246688741722
0.5724514706438576
0.4548496136865342
0.6503367945778021
0.3533043598233996
0.679317380227642
0.25396661147902866
0.6394690749591122
0.18553394039735094
0.5778853304532026
0.6866376931567328
0.46920813426630326
0.7065052428256071
0.4094356763635086
0.7683153973509933
0.36234222468251887
0.8389555739514349
0.4003792433479337
0.8720681567328918
0.4583404146476132
0.8808981788079471
0.5271693055659828
0.869860651214128
0.5941869098812373
0.8014279801324504
0.6231674955310774
0.728580298013245
0.5959981964843524
0.6998827262693157
0.5307918787722128
0.3842094370860927
0.5507160314064778
0.8168805187637969
0.5217354457566378
0.586179486140336
0.6077680002950339
0.6137900110375276
0.7417360146521749
0.6226200331125828
0.7526037342708649
0.6402800772626931
0.7652827404926696
0.6623551324503312
0.7707166003020147
0.684430187637969
0.7689053136988997
0.684430187637969
0.7753155701927363
0.6623551324503312
0.7771268567958514
0.6402800772626931
0.7716929969865063
0.6226200331125828
0.7590139907647016
0.6137900110375276
0.7481462711460115