0.06307158660283417
0.44260486310746766
0.04257332095691306
0.5197295883185257
0.020025228746399865
0.6058223048331953
0.022075055310992003
0.6955022178693093
0.03847366782772884
0.7815949343839789
0.08356985224875528
0.8497516682914255
0.14711447575111072
0.903559616113094
0.23115736489938726
0.935844384806095
0.32954903999980845
0.9537803674133178
0.42999054166482187
0.9466059743704287
0.5304320433298353
0.9304635900239282
0.620624412171888
0.8981788213309271
0.7005676481909803
0.858719659595037
0.7723115779517042
0.8067053100340909
0.823557242066507
0.7367549778659218
0.8563544670999809
0.654249457872697
0.8686534264875333
0.5645695448365828
0.06445597571285946
0.33307321722197447
0.07499594658414467
0.3017168035878716
0.10872385337225726
0.2685158950341157
0.148775742683141
0.24269296615897226
0.19304362034253886
0.22978150172140047
0.42913896785932726
0.27589387471272814
0.471298851344468
0.29802781374856546
0.5176747231781228
0.3220062477040558
0.5556186183147496
0.35889614609711795
0.5766985600573199
0.4013195292491394
0.09085279367660978
0.44268639030113677
0.11217866630296887
0.431623150120227
0.13639876450004815
0.42681304569374456
0.16077119035874426
0.4294586031283099
0.1802691310457012
0.4414838641945161
0.17371904159617657
0.46012301884713575
0.15163153066173327
0.4692622172574525
0.12802074311112135
0.4752748477905556
0.10364831725242524
0.47371156385194874
0.08445503188870206
0.46048377667912194
0.36781499693918024
0.4744437258472589
0.3956685603350313
0.45951788485235123
0.42811337044448416
0.46036732295775257
0.460252097439697
0.4706819285233392
0.4851978712502669
0.4868212525259628
0.48305528945058607
0.5103628228756547
0.45091656245537326
0.5153381032072906
0.4178595861174401
0.5148527100042042
0.38602694223646744
0.5112122609810559
0.357408171055016
0.4962864199861483
0.11083184754651437
0.4548098819190795
0.3827630960256724
0.4843218006335292
0.17581204765540023
0.616583894397529
0.09607588832671506
0.6761492722774521
0.150883736857398
0.7075056859115552
0.2246635329563944
0.7130391706705144
0.3005513232296479
0.7093501808312083
0.35957516010884494
0.7277951300277393
0.34481920088904566
0.7683740182601076
0.28368736983559156
0.7978859369745573
0.2099075737365952
0.808952906492476
0.1424517601603699
0.7886634623762918
0.09185989997820095
0.738862099545658