0.0456332781456954
0.514796265672325
0.05204884105960267
0.6109719138456793
0.07984961368653426
0.7015989669321092
0.12903559602649006
0.7848278932359737
0.19746826710816778
0.8440129074964994
0.28300910596026496
0.8884016681918937
0.37282698675496695
0.9216932387134394
0.4754759933774835
0.9438876190611365
0.5845405629139073
0.9475866824524194
0.6850510485651216
0.9253923021047222
0.7641763245033113
0.8828530731049694
0.8390245584988962
0.8292166539313679
0.9074572295805741
0.7681821079752007
0.9587817328918322
0.6960503718451851
0.937396523178808
0.6165205089326035
0.9010416666666667
0.5351411143243807
0.9010416666666667
0.4408149978466677
0.17822157836644592
0.20407494080456481
0.21671495584988965
0.18003102876122623
0.2594853752759382
0.16523477519609475
0.30867135761589404
0.15783664841352912
0.34930325607064017
0.16523477519609475
0.6891848751418841
0.14527410849670913
0.733168984108967
0.14147007735879513
0.7903483257661748
0.15478418634149424
0.84093005107832
0.1757063576000215
0.8849141600454029
0.20233457556541973
0.15042080573951433
0.4611598464987235
0.2060223509933775
0.3816299835861421
0.2979787527593819
0.32244496932561634
0.4134588852097131
0.32429450102125773
0.4498137417218543
0.4093729590207635
0.4498137417218543
0.501849543802835
0.42842853200883
0.6017242553674722
0.33861065121412803
0.6424139526715835
0.2381001655629139
0.5906270651936235
0.16325193156732898
0.5258934558461735
0.6936051324503312
0.40197483223819774
0.7214059050772628
0.3298430961081821
0.7898385761589404
0.27990574032586346
0.8668253311258278
0.3131973108474092
0.8967646247240619
0.3908776420643492
0.9010416666666667
0.4870532902377035
0.8903490618101546
0.5610345580633607
0.8219163907284768
0.5869280018023407
0.7556222406181017
0.5295925192374564
0.7128518211920529
0.4611598464987235
0.3417104143019296
0.510461097736457
0.8167387911464246
0.46481272408148855
0.5935822263440685
0.5579723689801381
0.6210095062429057
0.7406049815802566
0.6254079171396141
0.7348989348733854
0.656196793416572
0.7215848258906864
0.6935832860385924
0.7253888570286002
0.7067785187287174
0.7501150594250416
0.7023801078320091
0.7691352151146118
0.6913840805902383
0.7976654486489672
0.6671928206583428
0.8147835887695803
0.6342047389330305
0.8052735109247953
0.6232087116912599
0.7767432773904398