0.07095393703702871
0.4942537110846461
0.06712306291604932
0.5829110849198381
0.07861568527898752
0.6682848523166899
0.12458617473074007
0.7323151778643286
0.18971103478738965
0.786494684096946
0.26824395426746706
0.8324651742337122
0.34103056256607533
0.8800774675896488
0.4214789191066425
0.9129135319730532
0.5057581497681889
0.9424659899181174
0.5938682545507148
0.9326151706030958
0.6685702999098129
0.8932118933430107
0.7336951599664624
0.8406741903295635
0.8026508941440913
0.7897782905352865
0.8677757542007408
0.7372405875218393
0.8984227471685758
0.6617176394400089
0.9060844954105347
0.5730602656048169
0.9099153695315141
0.48768649820796517
0.24717414660208042
0.2430578185516018
0.28548288781187425
0.21186355738736753
0.3352842513846063
0.19216191875732483
0.3965782373202764
0.1938037219764951
0.44254872677202906
0.21350536060653774
0.7394414711479315
0.2282815895790698
0.8026508941440913
0.21843077026404842
0.8524522577168232
0.2414160153324316
0.879268376563679
0.2824610958116872
0.8926764359871069
0.3300733891676237
0.19162647184787934
0.45649223704373093
0.24908958366257009
0.39246191149609216
0.3161298807797094
0.34813322457849616
0.4099862967437043
0.3415660117018153
0.4214789191066425
0.405596337249454
0.4157326079251733
0.48768649820796517
0.3850856149573383
0.5697766591664764
0.31229900665873
0.6026127235498809
0.21844259069473507
0.5894782977965191
0.17821841242445147
0.5270897754680506
0.6915555446356891
0.44992502416705
0.7145407893615655
0.38425289540024116
0.7815810864787047
0.3530586342360068
0.8505368206563335
0.38425289540024116
0.8773529395031893
0.44992502416705
0.8696911912612306
0.5106717432763483
0.8332978871119263
0.5730602656048169
0.7739193382367459
0.6157471493032427
0.699217292877648
0.5812692817006679
0.6838937963937304
0.5172389561530292
0.3429459996265651
0.4975373175229865
0.7605112788133181
0.5057463336188377
0.5546017948106762
0.5680254023993617
0.5134198980101478
0.7388823907410095
0.5210816462521064
0.6978373102617539
0.5785447580667973
0.6929119006042432
0.630261558700019
0.6863446877275623
0.6647394257888334
0.7142553424534561
0.6321769957605086
0.7585840293710523
0.6034454398531632
0.7979873066311376
0.5727984468853282
0.8291815677953719
0.530658831554555
0.8127635356036697
0.5172507721311271
0.7717184551244141