0.05654842862098687
0.4461920596289122
0.07030753825871365
0.5322847761435818
0.08799782207864802
0.616583894397529
0.11551604135410148
0.6901214230871424
0.1705524799050085
0.7528973622124223
0.2432792022758499
0.7959437204697571
0.319937098828899
0.838990078727092
0.4044573437463633
0.8623068561164816
0.49290876284603524
0.8694812491593706
0.5793945948546033
0.8551324630735924
0.6619492526809637
0.8318156856842027
0.7307448008695976
0.7905629256875902
0.7975747619671275
0.7421357726480886
0.8486800263358268
0.6829470300442534
0.8585079617913459
0.6076159030939177
0.8388520908803077
0.534078374404304
0.8349209166981001
0.4497792561503568
0.22558891845591553
0.41390729093591117
0.24524478936695368
0.3834161205036324
0.27472859573351105
0.3403697622462976
0.3061779891911722
0.29552980572824056
0.33959296973993713
0.26324503703523955
0.6796395365008983
0.24530905442801665
0.7209168654140785
0.27400662659957314
0.7621941943272588
0.30808499355329655
0.791678000693816
0.3529249500713536
0.8054371103315429
0.3977649065894106
0.2354168539114346
0.5332091690933386
0.28259094409792634
0.47222682822878104
0.3336962084666257
0.4237996751892794
0.39856058247305176
0.4363548630143354
0.4201820404751938
0.49195640909672617
0.4201820404751938
0.4982064091898584
0.39856058247305176
0.44260486310746766
0.3336962084666257
0.43004967528241167
0.28259094409792634
0.4784768283219133
0.2354168539114346
0.5394591691864709
0.6324654463144065
0.4901628108360038
0.6560524914076524
0.4363548630143354
0.7012609945030404
0.414831683885668
0.7425383234162205
0.46146523866444733
0.7602286072361548
0.5063051951825044
0.7602286072361548
0.5125551952756366
0.7425383234162205
0.4677152387575796
0.7012609945030404
0.42108168397880025
0.6560524914076524
0.44260486310746766
0.6324654463144065
0.4964128109291361
0.33408932588484636
0.47463438897105814
0.6985091725754949
0.4649489583631579
0.5275686152191659
0.5478982789516641
0.494874349937139
0.6847406283049756
0.5204269821214886
0.6757726370013643
0.5518763755791499
0.6685982439584752
0.5892225303101224
0.6685982439584752
0.5990504657656417
0.6901214230871424
0.5911881174012262
0.7098510039550876
0.5754634206723956
0.7403421743873665
0.5538419626702537
0.7511037639517
0.5223925692125926
0.7385485761266442
0.5027366983015543
0.7134382004765322