0.09100621130114483
0.5768066730665277
0.12465781107794383
0.6421364766411339
0.15270081089194293
0.7145289616832652
0.18261334402687532
0.7869214467253963
0.23869934365487358
0.8310632058974275
0.3134806764922047
0.8646109428681711
0.3920010759714022
0.8893303280045086
0.47426054209246626
0.914049713140846
0.5565200082135305
0.9334720871765398
0.6350404076927282
0.9175810538746086
0.7023436072463259
0.8734392947025774
0.7659077401580574
0.8187035133292587
0.8257328064279224
0.7604363912221775
0.8762102060931207
0.7074662802157401
0.9210790057955194
0.6403708062742527
0.9416438723257853
0.5609156397645965
0.9453829389676519
0.48499181398870284
0.07231087809181207
0.2784083810635968
0.11157107783141089
0.25722033666102184
0.16391801081754256
0.25545466629414054
0.2087868105199412
0.26958002922919055
0.23869934365487358
0.29429941436552803
0.4686519421296665
0.23073528115780306
0.5023035419064655
0.18835919235265317
0.5583895415344637
0.16717114795007815
0.6275622744089949
0.16010846648255314
0.6929959406416597
0.1707024886838407
0.15270081089194293
0.5114768694919215
0.17326567742220897
0.4408500548166716
0.23122121037114055
0.38787994381023416
0.3078720765294048
0.4196620104140967
0.3508713429108702
0.4796948028880591
0.3751752760830028
0.5556186286639527
0.3639580761574031
0.6315424544398465
0.29478534328287187
0.6668558617774714
0.22935167705020723
0.6333081248067276
0.16765707745940917
0.5803380138002903
0.5359551416832644
0.4196620104140967
0.5471723416088641
0.3313784920700343
0.6256927410880617
0.2890024032648843
0.715430340492859
0.3313784920700343
0.7827335400464568
0.38964561417711546
0.8145156065023225
0.46203809921924655
0.7789944734045904
0.5397275953620215
0.7042131405672594
0.5962290471022215
0.6200841411252619
0.5732753323327652
0.5639981414972636
0.5026485176575153
0.29478534328287187
0.5662126508652402
0.6574748075439274
0.49911717692375285
0.46865194212966665
0.577057860696102
0.41069640918073497
0.7637091873665038
0.4424784756366007
0.7566465058989789
0.47426054209246626
0.7495838244314539
0.5060426085483319
0.7460524836976914
0.5284770083995314
0.7548808355320976
0.5284770083995314
0.7604363912221775
0.5060426085483319
0.7516080393877713
0.47426054209246626
0.7551393801215338
0.4424784756366007
0.7622020615890588
0.41069640918073497
0.7692647430565838