0.0681265201419592
0.5116601640268108
0.0664668627212823
0.5889087075143477
0.07144583498331292
0.6763598888209933
0.08970206661075848
0.7579809913738624
0.1394917892310645
0.8250268970422907
0.2158360305822004
0.876040086137834
0.28886095709198256
0.9212231964796008
0.37184382812582595
0.956203669002259
0.4664443011044074
0.9766089446404763
0.5660237463450195
0.9736939052635881
0.6539855896408935
0.9445435114947064
0.7286701735713524
0.8964453617760512
0.8033547575018115
0.8381445742382876
0.8697410543288862
0.7813013063889679
0.8962955730597161
0.7011377235245427
0.9062535175837774
0.6151440619063413
0.9261694066318997
0.530607919976584
0.14779007633444882
0.22161374602643627
0.24239054931303028
0.26096677761442677
0.3386506797122886
0.3134374863984141
0.43325115269087006
0.3629931558055132
0.5195533385660671
0.3936010692628392
0.7286701735713524
0.40671874645883604
0.7768002387709817
0.35424803767484875
0.8249303039706107
0.30177732889086134
0.8896569433770086
0.2667968563682031
0.9527239253627295
0.2842870926295323
0.19757979895475483
0.46210449461971165
0.24073089189235344
0.39797362832817146
0.31541547582281243
0.358620596740181
0.40337731911868646
0.3790258723783983
0.4349108101115469
0.43003906147394155
0.421633550746132
0.5145752034036989
0.383461430070564
0.5859936681374595
0.3054575312987513
0.6151440619063413
0.22745363252693848
0.5874511878259036
0.17932356732730934
0.5189477624690312
0.6954770251578152
0.48396728994637306
0.7187122290472914
0.4110913055241683
0.7784598961916587
0.3731957936246219
0.8564637949634714
0.389228510197507
0.8796989988529476
0.4562744158659352
0.8597831098048251
0.5174902427805871
0.8282496188119645
0.5816211090721273
0.7701616090882742
0.6311767784792264
0.6938173677371383
0.6078564634641209
0.6855190806337539
0.5393530381072486
0.32537342034687367
0.5014575262077021
0.7651826368262435
0.5218628018459194
0.5743750503971135
0.5893567643243567
0.6214110172499929
0.7955572643019783
0.6274071660507609
0.7882897820405818
0.6337440051242998
0.7810222997791852
0.642397538052681
0.7769692808257141
0.6528226603994708
0.7779475957455176
0.6528226603994708
0.7779475957455176
0.642397538052681
0.7769692808257141
0.6337440051242998
0.7810222997791852
0.6274071660507609
0.7882897820405818
0.6214110172499929
0.7955572643019783