0.05682911717273278
0.4454168063623391
0.0606214984980048
0.5369757274412457
0.07199864247382082
0.6285346485201524
0.11750721837708496
0.6972038393293325
0.1914586542198891
0.7588300362093658
0.2673062807253293
0.8186954846071124
0.34505009789340546
0.8627141966642793
0.4303786777120257
0.8908861723808659
0.5251882108438258
0.9049721602391593
0.6124129813250822
0.8820824299694325
0.6901567984931583
0.8363029694299792
0.7641082343359624
0.7958057543373859
0.8342672888534945
0.7447440483510724
0.8608139581303986
0.6637496181658858
0.8740872927688508
0.5739514455692658
0.8968415807204827
0.4894355184195057
0.9120111060215708
0.40315884278745906
0.13646912500344496
0.14432881589131902
0.2217977048220652
0.19539052187763237
0.32419200060440945
0.2341269884879391
0.42089772439884565
0.2922316884033991
0.48726439759110574
0.2675812096513857
0.6427520319272582
0.3115999217085524
0.6901567984931583
0.2711027066159591
0.7432501370469663
0.23588773697022578
0.8039282382513185
0.19715127035991903
0.8608139581303986
0.16721854616104567
0.14974245964189706
0.3943551003760258
0.19904341687043314
0.3204036641199858
0.27489104337587333
0.2640597126868124
0.36021962319449347
0.3027961792971191
0.4019358177724856
0.38379060948230576
0.40762438976039367
0.4823925244903592
0.37918152982085357
0.5616262061932591
0.2843719966890533
0.5774729425338392
0.20283579819570519
0.5264112365475259
0.14405388765398902
0.46478503966749246
0.6541291759030742
0.38202986100001907
0.6996377518063382
0.3151214186731257
0.7622120436733264
0.25877746723995243
0.8304749075282225
0.30631767626169243
0.8665025301183067
0.3802691125177324
0.8589177674677626
0.45950279422063245
0.8304749075282225
0.5352149789589591
0.7641082343359624
0.5862766849452724
0.6996377518063382
0.5316934819943858
0.6636101292162543
0.45774204573834576
0.3336729539175894
0.45950279422063245
0.7849663316249584
0.4471775548446258
0.5481321178617214
0.5194913198132852
0.559319642771274
0.7211841824649531
0.5782815493976339
0.7070981946066599
0.601035837349266
0.6930122067483665
0.62758250662617
0.7018159491597998
0.6389596506019861
0.7088589430889465
0.6389596506019861
0.7148113241521992
0.62758250662617
0.7077683302230525
0.601035837349266
0.6989645878116192
0.5782815493976339
0.7130505756699126
0.559319642771274
0.7271365635282058