0.12256912302398525
0.43080083715624556
0.10333228810684175
0.5093512424508368
0.09478258369922242
0.593512390980756
0.10333228810684175
0.6758032917655659
0.1353936796354142
0.7543536970601571
0.20165388879446397
0.8029801384329992
0.2743263762592283
0.8459958365705136
0.35554856813161184
0.8815305437275905
0.44532046441161466
0.9002330211786836
0.541504638997332
0.8964925256884649
0.631276535277335
0.8721793050020439
0.7103613010478138
0.8366445978449669
0.7873086407163876
0.7973693951976714
0.8471565715697228
0.7450024583346104
0.8642559803849617
0.6664520530400193
0.8685308325887713
0.5804206567649908
0.8941799458116292
0.5056107469606181
0.2037913148963688
0.2175925942137837
0.2700515240554186
0.26808928333173526
0.3341743071125635
0.3185859724496867
0.40470936847542294
0.3709529093127475
0.46669472543066304
0.4195793506855897
0.6419636657868593
0.43828182813668287
0.6911244661306702
0.40087687323449656
0.7488349708821006
0.36160167058720094
0.8044080495316264
0.3279372111752332
0.8514314237735325
0.3054942382339215
0.2099847227703493
0.4440040615505568
0.25706938073314106
0.48099246127315043
0.3168510251128655
0.49948666113444734
0.37980691609682304
0.49023956120379886
0.4295367795631424
0.4649317087620242
0.4295367795631424
0.4718761532582088
0.37980691609682304
0.49718400569998344
0.3168510251128655
0.5064311056306319
0.25706938073314106
0.487936905769335
0.2099847227703493
0.45094850604674136
0.6681343159813345
0.4795323928630481
0.7062252752321324
0.5106805189452324
0.750135686590691
0.5330682345668022
0.7956332212513663
0.5189542399358125
0.8252595228908758
0.4882928033236624
0.8252595228908758
0.495237247819847
0.7956332212513663
0.525898684431997
0.750135686590691
0.5400126790629868
0.7062252752321324
0.517624963441417
0.6681343159813345
0.4864768373592327
0.31864976485526425
0.4794031130328878
0.7490776043892803
0.5095778601750038
0.5355973235200377
0.5650487800752403
0.46169684446144343
0.6819158429508924
0.48768053250703713
0.6467149209182421
0.5433598640333095
0.6476927243080379
0.6011603129510589
0.6476927243080379
0.6260834423009142
0.678004629391709
0.6080539444733593
0.7249391921019094
0.57888858034055
0.763562425998845
0.5311634390323166
0.788007510743741
0.48715025315916793
0.763562425998845
0.4654087998965283
0.7195612734580321