0.11582673342269385
0.47170135746432457
0.12656813182726204
0.5672092131579554
0.13551929716440222
0.6609484048572597
0.1570020939735388
0.7493816045735845
0.21607978519866405
0.8059788523920324
0.28947934096321365
0.8555014442331743
0.36824959593004736
0.9032553720799897
0.44881008396430916
0.9439346439494991
0.5419022034705673
0.9510092999268052
0.624252924572257
0.9244793400119077
0.7048134126065189
0.8855687321367248
0.7817934345059245
0.8360461402955829
0.8587734564053303
0.7918295404374204
0.9268023129675956
0.740538284601952
0.9697679065858685
0.6574110768686068
0.9912507033950051
0.5654405491636288
0.9966214025972893
0.47170135746432457
0.13909976329925836
0.2541556861621655
0.17490442464781913
0.21701374228130899
0.21787001826609206
0.1904837823664116
0.2733672433563613
0.17810313440612613
0.3109621377723501
0.19402111035506456
0.5794970978865561
0.17810313440612613
0.6421552552465375
0.15511050247988167
0.713764577943659
0.1674911504401671
0.7746325022362123
0.20817042230967653
0.8175980958544853
0.25592435015649195
0.1838555899849593
0.42394742961750914
0.2232407174683762
0.3761935017706937
0.2876891078957856
0.35320086984444926
0.35571796445805115
0.3850368217423263
0.3897323927391839
0.4504773895324066
0.39331285887403994
0.5141492933281605
0.35750819752547913
0.5707465411466084
0.2858988748283576
0.5813585251125674
0.2214504844009482
0.544216581231711
0.17848489078267524
0.4858506694189365
0.5920287293585523
0.4133354456515502
0.6385747891116813
0.34966354185579623
0.7227157432807992
0.37265617378204074
0.8050664643824891
0.4027234616855912
0.8641441556076143
0.4487087255380801
0.8677246217424704
0.5194552853111399
0.806856697449917
0.5742838691352613
0.7245059763482271
0.5884331810898733
0.6403650221791094
0.5636718851693024
0.5973994285608364
0.49823131737922194
0.30380120550263795
0.49115666140191605
0.6815403827299542
0.4858506694189365
0.49253618618817196
0.5701446594297509
0.4567378100346991
0.7652734525316963
0.46081690164649836
0.7632173806382918
0.46464877558485507
0.7647750108605679
0.4679862141763272
0.7653357577405874
0.4709528262576356
0.7683264077673576
0.4706438041658327
0.771503973420801
0.46792440975796656
0.7741207921942249
0.46396892698288855
0.7739961817764428
0.4597662265343682
0.7722516359274935
0.4563669835245356
0.7691986806918323