0.07224061917801432
0.5083931350924289
0.08029801444156673
0.5923243370051053
0.07626931680979053
0.6779341629560353
0.11857064194344064
0.7467577485244301
0.18907285049952413
0.790401973519022
0.26158940787149576
0.8407606946666277
0.33612031405935544
0.8877621677377266
0.41870861551076755
0.9246918965793044
0.5113686610416202
0.9381208888853326
0.606043055388361
0.9179774004262903
0.6866170080238849
0.8827262956229661
0.7611479142117448
0.8424393187048813
0.8316501227678281
0.7971164696720361
0.906181028955688
0.7467577485244301
0.9484823540893381
0.6745769148795282
0.9867549815912119
0.5973602091198659
0.9948123768547643
0.5218221273984571
0.10447020023222392
0.1777041995564833
0.1628863158929788
0.217991176474568
0.22331678036962188
0.2649926495456669
0.27770419839860055
0.31870861876977985
0.3159768259004745
0.37242458799389283
0.545612590911718
0.38585358029992106
0.6080574042042491
0.33381623511406167
0.668487868680892
0.28177888992820216
0.7349613796051994
0.2280629207040892
0.7933774952659544
0.19616906397727218
0.12259933957521685
0.4949641427864006
0.17497240878830742
0.47146340625085115
0.2374172220808386
0.46642753413609056
0.3018763841892578
0.46642753413609056
0.33209161642757923
0.5050358870159218
0.33410596524346736
0.5470014879722599
0.2998620353733697
0.5889670889285983
0.2414459197126148
0.5889670889285983
0.18302980405185984
0.5688236004695558
0.14072847891820978
0.5318938716279782
0.5959713113089206
0.4697847822125976
0.6503587293378991
0.4546771658683158
0.7248896355257589
0.45635578990656933
0.7953918440818425
0.46474891009783703
0.8598510061902616
0.4848923985568794
0.8517936109267091
0.5285366235514711
0.7953918440818425
0.5637877283547953
0.7289183331575351
0.5772167206608235
0.6624448222332278
0.5637877283547953
0.6161147994678016
0.5184648793219501
0.26158940787149576
0.5251793754749642
0.6987031009192136
0.511750383168936
0.4743717877898088
0.589918309216942
0.40057947616777473
0.6997562754533312
0.4207229643266557
0.6645051706500072
0.4529525453808653
0.6712196668030211
0.4932395216986273
0.6997562754533312
0.5093543122257321
0.7350073802566554
0.5153973586733964
0.7635439889069654
0.5012969169621797
0.8038309658250502
0.4589955918285296
0.8105454619780643
0.42273731314254376
0.7870447254425149
0.406622522615439
0.7501149966009372