0.029647312379929427
0.537360997636192
0.05767749863004453
0.6137073688850498
0.08770984104088213
0.6884293492562725
0.1257508080946097
0.7517805934840481
0.18781764907700735
0.8021367106907417
0.25789311470229503
0.845995264386894
0.3299707364883052
0.8882294272054111
0.4100569829172055
0.9239660265133872
0.5101647909533307
0.9207172447581166
0.5982596620251209
0.8979757724712227
0.6803480646147437
0.8654879549185173
0.7524256864007539
0.8232537921000002
0.812490371222429
0.7712732840156714
0.8665485875619368
0.7127952124208016
0.9085938669371093
0.6413220138048495
0.9326197408657794
0.5633512516783563
0.934621897026502
0.4837560986742279
0.10773140264810718
0.29045358423563034
0.15578315050544728
0.30669749301198307
0.20783921068423242
0.335936528809418
0.25789311470229503
0.3749219098726646
0.2979362379167451
0.4155316818135465
0.41806560756009553
0.40253655479246425
0.4781302923817707
0.3749219098726646
0.5381949772034458
0.3424340923199591
0.5982596620251209
0.3034487112567126
0.6603265030075186
0.26446333019346596
0.18781764907700735
0.586248915395792
0.19382411755917486
0.5066537623916636
0.2358693969343475
0.4481756907967938
0.30594486255963516
0.4871610718600404
0.3399815172919178
0.5570098795983571
0.3399815172919178
0.5617268608007211
0.30594486255963516
0.49187805306240434
0.2358693969343475
0.4528926719991578
0.19382411755917486
0.5113707435940276
0.18781764907700735
0.590965896598156
0.5381949772034458
0.5553854887207218
0.5522100703285034
0.45954642694024067
0.6282920044359586
0.41406348236645296
0.7043739385434138
0.47741472659422873
0.7524256864007539
0.5423903616996397
0.7524256864007539
0.5471073429020037
0.7043739385434138
0.4821317077965927
0.6282920044359586
0.41878046356881693
0.5522100703285034
0.46426340814260464
0.5381949772034458
0.5601024699230858
0.2526875086844166
0.5194083546097114
0.6350993353824151
0.49211858786543866
0.4484316426643868
0.582950152382748
0.2919297694345776
0.6965513036444487
0.3519944542562528
0.6673122678470138
0.4501001061316556
0.6656878769693786
0.5462036018463359
0.6656878769693786
0.618281223632346
0.6786830039904609
0.5982596620251209
0.7534049843616835
0.5502079141677808
0.8216294012223649
0.4681195115781581
0.8476196552645293
0.3780224843456454
0.8183806194670943
0.3219621118454153
0.7582781569945893