0.10018602672702163
0.6105450895169874
0.09810505811522514
0.669015229361451
0.10018602672702163
0.74393009603717
0.13348152451576592
0.8042274277517731
0.18342477119888237
0.8517344163753997
0.24585382955277785
0.8901054456483289
0.3290925740246385
0.9120317480900028
0.4081693812729061
0.939439626142095
0.4914081257447667
0.9595387367136294
0.5767278388284239
0.9449212017525135
0.6516427088530985
0.9047229806094449
0.7203146730423837
0.8608703757260971
0.7827437313962791
0.8133633871024705
0.8410108525265815
0.7567204391281465
0.8805492561507153
0.6964231074135433
0.8847111933743084
0.6160266651274059
0.882630224762512
0.5392846065815474
0.14804830479834158
0.4150355594120623
0.23544898649379528
0.4753328911266654
0.3769548520959584
0.5283214553607104
0.48308425129758076
0.5063951529190367
0.5413513724278831
0.4698513155162469
0.6703714263592673
0.5118767285294552
0.6953430497008254
0.47716008299680485
0.7369624219367558
0.4113811756717834
0.7848247000080757
0.34560226834676183
0.8160392291850234
0.2725145935411824
0.18966767703427184
0.6208922555997849
0.24377286094098136
0.6135834881192269
0.2957970762358942
0.609929104378948
0.3519832287544002
0.6044475287685295
0.4060884126611096
0.6026203368983901
0.4060884126611096
0.608717897646848
0.3519832287544002
0.6105450895169874
0.2957970762358942
0.6160266651274059
0.24377286094098136
0.6196810488676848
0.18966767703427184
0.6269898163482428
0.6745333635828602
0.5806940344567162
0.7036669241480116
0.5624221157553213
0.7473672649957384
0.5514589645344844
0.7931485744552617
0.5441501970539265
0.8368489153029884
0.5404958133136476
0.8368489153029884
0.5465933740621055
0.7931485744552617
0.5502477578023844
0.7473672649957384
0.5575565252829423
0.7036669241480116
0.5685196765037792
0.6745333635828602
0.5867915952051741
0.2974618511253316
0.6133433231272049
0.7511130084969723
0.5588930053970481
0.5202642238283451
0.6563849962651559
0.266663515670743
0.7877827009205176
0.3436593543072141
0.6872871480628459
0.49348909435656335
0.679978380582288
0.6412378657941159
0.6635336537510326
0.7598530766665174
0.6781511887121484
0.7660959825019069
0.8151905789726099
0.6682904577474706
0.9010685968691657
0.5371894352042902
0.9449212017525135
0.38735969515494095
0.9303036667913975
0.2583396412235569
0.8809694862976315