0.05315240776899965
0.5152025167533238
0.05315240776899965
0.6096183206361723
0.04250335228120939
0.6992333209317572
0.05492725035029802
0.7888483212273422
0.12059642585833792
0.8464579642745038
0.20401402717936157
0.8848643929726118
0.29630584140687716
0.9136692144961925
0.38682281305309435
0.9440743038821945
0.4879888401871017
0.9568764467815639
0.5873800247398109
0.9440743038821945
0.6778969963860279
0.9232708216707195
0.7666391254509467
0.888064928697454
0.8411825138654785
0.8400568928248192
0.9068516893735185
0.7856477855024998
0.9512227539059779
0.7136357316935477
0.9636466519750664
0.6224204635355415
0.9458982261620827
0.5424070704144835
0.16851717555339407
0.2911650160143615
0.20223918459806323
0.3311717125748905
0.248385091711821
0.36477733768573495
0.30163036915077224
0.3887813556220523
0.3513259614271268
0.40478403424626386
0.5678567563455286
0.40478403424626386
0.6317510892722702
0.3887813556220523
0.6974202647803102
0.3743789448602618
0.7577649125444549
0.34077331974941744
0.8092353474021078
0.29916635532646735
0.20223918459806323
0.4927987666794276
0.23241150848013561
0.4751958201927949
0.2696832026874015
0.46719448088068904
0.3122794246385625
0.4719952844679525
0.33357753561414305
0.49599930240426987
0.3264781652889496
0.528004659652693
0.3122794246385625
0.5584097490386952
0.2696832026874015
0.5680113562132222
0.23063666589883722
0.5536089454514317
0.20578886976065996
0.5296049275151143
0.5998039228088995
0.48799796309216414
0.6228768763657783
0.46079340943100444
0.669022783479536
0.46239367729342556
0.7116190054306971
0.47359555233037365
0.7453410144753662
0.4927987666794276
0.7435661718940678
0.5232038560654296
0.7116190054306971
0.5536089454514317
0.6707976260608344
0.5696116240756433
0.6282014041096734
0.556809481176274
0.6033536079714962
0.5248041239278508
0.30163036915077224
0.5312051953775354
0.6565988854104474
0.526404391790272
0.4755649421180131
0.7088349281062841
0.2093385549232567
0.7879504965254605
0.33535237819544145
0.7767486214885123
0.46491588663022276
0.7831496929381969
0.5998039228088995
0.7831496929381969
0.7258177460810841
0.7799491572133547
0.7258177460810841
0.7840475176400786
0.5998039228088995
0.7872480533649209
0.46491588663022276
0.7872480533649209
0.33535237819544145
0.7808469819152363
0.2093385549232567
0.7920488569521844