0.030475840305551744
0.3731858413604809
0.030475840305551744
0.49492741845523464
0.054022566014469045
0.60990557460028
0.09081432493465229
0.7113568888459082
0.15851116134778945
0.7958996507172651
0.2350380199017706
0.8601521497394963
0.32186657095340304
0.9091869516248832
0.4234118255731088
0.932858924948863
0.5249570801928145
0.956530898272843
0.6279740051693276
0.956530898272843
0.7221609080049967
0.9159503725745917
0.8119327997702437
0.8686064259266318
0.8899313286810322
0.8111173478541093
0.9443831318829035
0.7231928755078981
0.9738165390190502
0.6115964298377071
0.9384964504556742
0.5033816946423704
0.9031763618922982
0.4053120908715965
0.21443463490646797
0.19057347571835015
0.27918813060599046
0.1381569633581089
0.35129997808954966
0.0992672928972848
0.4278268366435308
0.07559531957330487
0.5028820248407045
0.08404959576044055
0.7398209522866847
0.08404959576044055
0.7883860740613264
0.09250387194757621
0.835479525479161
0.11617584527155614
0.8781579658265737
0.1432295290703903
0.9090630433195275
0.1821191995312145
0.3483566373759349
0.37487669659790807
0.38514839629611825
0.35458643374878235
0.4278268366435308
0.34444130232421954
0.47344861770455804
0.34444130232421954
0.5028820248407045
0.36980413088562664
0.4955236730566679
0.4103846565838779
0.4705052769909433
0.44927432704470205
0.42929850700033806
0.45772860323183767
0.3895634073665402
0.4408200508575663
0.35277164844635694
0.4154572222961594
0.7560093262115652
0.36134985469849096
0.7692543594228312
0.3326053156622296
0.8060461183430144
0.3410595918493653
0.8369511958359684
0.3461321575616467
0.861969591901693
0.37149498612305376
0.8634412622585003
0.4103846565838779
0.8428378772631977
0.4340566299078578
0.8089894590566291
0.44251090609499355
0.7751410408500605
0.4323657746704307
0.7589526669251799
0.4019303803967422
0.4499018919956406
0.4086938013464507
0.7957444258453632
0.4036212356341694
0.6647657640895108
0.6166689955499886
0.3998650998641915
0.7449274105389928
0.5072970359111265
0.7432365553015657
0.6029556091036029
0.721255437215013
0.7074442044369234
0.7077285953155957
0.8045744479862071
0.7043468848407416
0.8045744479862071
0.7096660336084811
0.7074442044369234
0.7130477440833353
0.6029556091036029
0.7265745859827525
0.5072970359111265
0.7485557040693053
0.3998650998641915
0.7502465593067323