0.08864610987978645
0.4729910710991427
0.060395384483276165
0.5474984791546333
0.05837747552638257
0.6424954244253838
0.08259238300910567
0.7263162584878108
0.1491833785865942
0.7877848701335903
0.2218281010347635
0.834352000168272
0.308598186181188
0.86974301899463
0.3913324534138252
0.9107220934251499
0.48415626543093043
0.9312116306404098
0.5890875311893972
0.9274862602376351
0.6758576163358216
0.8958206118140518
0.7464844298270973
0.8455281113765957
0.8231649701890539
0.7803341293280412
0.8816843299389681
0.7170028324808744
0.8937917836803295
0.622005887210124
0.8837022388958617
0.5288716271407606
0.8978276015941168
0.4413254226755592
0.254114644345061
0.2978986621687398
0.2702579160002097
0.2699583841479309
0.308598186181188
0.24388079132850907
0.3469384563621662
0.2233912541132492
0.387296635500038
0.21966588371047469
0.7464844298270973
0.23084199491879825
0.7949142447925435
0.24574347652989637
0.8453619687148833
0.2755464397520926
0.8837022388958617
0.30907477337706335
0.9200246001199462
0.3388777365992596
0.25007882643127377
0.4785791267033045
0.30052655035361364
0.4245612558630738
0.36913545488799565
0.37799412582839215
0.44581599524995225
0.3575045886131323
0.47608462960335607
0.38358218143255396
0.47608462960335607
0.46926570069636814
0.45994135794820734
0.5344596827449224
0.38326081758625086
0.5586745903629569
0.308598186181188
0.5493611643560204
0.24402509956059307
0.5158328307310498
0.7101620686030127
0.4357373670713974
0.7343769760857358
0.3873075518353285
0.7868426089649693
0.3500538478075832
0.8433440597579897
0.3649553294186813
0.8615052403700321
0.42083588546029926
0.8594873314131384
0.46181495989081905
0.8453619687148833
0.5195582011338242
0.7989500627063307
0.5493611643560204
0.7565739746115653
0.5083820899255007
0.7242874313012678
0.45622690428665735
0.4276548146379099
0.46926570069636814
0.8070216985339052
0.4636776450922064
0.5880113130790539
0.5440214667787102
0.5426756251808447
0.6816118136545164
0.5467114430946317
0.6871998692586782
0.5951412580600779
0.6927879248628399
0.6415531640686307
0.6890625544600653
0.6778755252927152
0.6946506100642272
0.6617322536375665
0.7225908880850361
0.6375173461548435
0.7579819069113941
0.6011949849307586
0.7859221849322032
0.560836805792887
0.7728833885224923
0.540657716223951
0.7319043140919725