0.023779795155199793
0.5683663674201034
0.06668558307245763
0.643805117162936
0.09937570719989217
0.7239587887646958
0.11980703477953872
0.8072557416057401
0.1647559554547613
0.8748362882503611
0.26078319507910025
0.9109840225021351
0.36089670021936854
0.9439884755146244
0.4610102053596368
0.964419803569975
0.5713393742897284
0.9612765223306904
0.6734960121879614
0.9329869911771279
0.7654369862963711
0.8984108975449964
0.8451191638569928
0.8481183977164413
0.9186719431437205
0.7962542572682438
0.9840521913985896
0.7318169918629075
1.0167423155260242
0.6485200390218632
1.0249148465578828
0.5557932424629646
1.0044835189782362
0.48506941457905894
0.009477865849447166
0.42849035227193444
0.10141883995785682
0.4237754304130074
0.18110101751847854
0.38762769616123344
0.24035186749945364
0.33419191509339363
0.2914301864485701
0.28232777464519615
0.40380248813662645
0.25718152473091854
0.5120885243087534
0.3059023839398313
0.6326333570286682
0.33576355571303595
0.7633938535384065
0.3530516025291018
0.89211121729018
0.3561948837683864
0.13002269856936208
0.5990963072024992
0.14636776063307932
0.5157993543614547
0.21787740716184242
0.46550685453289964
0.29960271748042877
0.5016545887846736
0.3486379036715806
0.5598052917114404
0.3486379036715806
0.5636514455611763
0.29960271748042877
0.5055007426344095
0.21787740716184242
0.4693530083826355
0.14636776063307932
0.5196455082111906
0.13002269856936208
0.602942461052235
0.5958569673853044
0.5409456042757324
0.616288294964951
0.44507552647754917
0.7164018001052193
0.41364271408470216
0.8103859069715935
0.4576486514346879
0.8716798897105333
0.5268008386989512
0.8716798897105333
0.5306469925486871
0.8103859069715935
0.46149480528442377
0.7164018001052193
0.417488867934438
0.616288294964951
0.448921680327285
0.5958569673853044
0.5447917581254682
0.22850169750325866
0.5302955562434615
0.7221225718275203
0.4787457439191925
0.4851872763288853
0.5863631077378042
0.3098183812702521
0.7145289450468417
0.37928489504105045
0.684667773273637
0.489614063971142
0.675237929555783
0.5958569673853044
0.6579498827397172
0.6877979414937141
0.6736662889361407
0.6673666139140675
0.7569632417771851
0.6142451622069863
0.8276870696610907
0.5243473208565413
0.8779795694896457
0.424233815716273
0.8465467570967988
0.3568104347034392
0.7852527729307474