0.0606029249448124
0.4075234273251221
0.05846440397350994
0.4981504804115521
0.06487996688741726
0.5869280018023407
0.0905422185430464
0.6627588013236394
0.1354511589403974
0.7311914740623722
0.19746826710816778
0.7885269566272565
0.2616238962472407
0.8477119708877822
0.3257795253863135
0.8994988583657422
0.3920736754966888
0.9401885556698537
0.488307119205298
0.9475866824524194
0.5738479580573952
0.9272418338003636
0.6615273178807948
0.9087465168439492
0.7385140728476822
0.877304478018045
0.7898385761589404
0.8218185271488022
0.8411630794701987
0.7626335128882764
0.8903490618101546
0.7071475620190335
0.9395350441501105
0.6516616111497907
0.12475855408388525
0.29655152558663633
0.19105270419426046
0.25956089167380764
0.27659354304635764
0.21332259928277195
0.3877966335540839
0.2170216626740548
0.4861685982339956
0.2244197894566205
0.7000206953642385
0.28360480371714625
0.7727304083885209
0.303949652369202
0.8411630794701987
0.3409402862820306
0.9010416666666667
0.3908776420643492
0.937396523178808
0.4445140612379506
0.19319122516556297
0.45995168466528025
0.2316846026490067
0.5024909136650332
0.2894246688741722
0.5302338890996545
0.3578573399558499
0.5302338890996545
0.4177359271523179
0.5135881038388818
0.4177359271523179
0.5203448607592492
0.3578573399558499
0.536990646020022
0.2894246688741722
0.536990646020022
0.2316846026490067
0.5092476705854007
0.19319122516556297
0.4667084415856477
0.6593887969094923
0.5894189033601804
0.6914666114790287
0.6190114104904432
0.7299599889624724
0.6467543859250647
0.7748689293598234
0.6393562591424989
0.8155008278145697
0.6227104738817262
0.8155008278145697
0.6294672308020937
0.7748689293598234
0.6461130160628664
0.7299599889624724
0.6535111428454322
0.6914666114790287
0.6257681674108106
0.6593887969094923
0.5961756602805479
0.297978752759382
0.5106780745338846
0.7342370309050774
0.6268286650201665
0.5023500735835174
0.6320854119604936
0.4455366997792495
0.7459877276275036
0.458367825607064
0.738589600844938
0.4818915562913908
0.734890537453655
0.5075538079470199
0.7422886642362208
0.518246412803532
0.760783981192635
0.5054152869757175
0.7700316396708422
0.488307119205298
0.7792792981490494
0.46692190949227375
0.7811288298446907
0.4433981788079471
0.7774297664534079
0.43270557395143494
0.7570849178013522