0.03929846757065154
0.571139000088746
0.061833833969038556
0.6431351069320801
0.06797984298678046
0.723702178875811
0.10485589709323187
0.7854131275986688
0.1704133266158123
0.831696339140812
0.23801942581097332
0.8745511646427967
0.30357685533355366
0.9156917971247018
0.3834749725641985
0.9448330784660512
0.47771377750290783
0.9568324296066071
0.5637579037512944
0.9379763063857338
0.6436560209819394
0.9071208320243048
0.7153594595222617
0.8745511646427967
0.7829655587174227
0.8334105321608916
0.8505716579125836
0.7905557066589068
0.9058857390722609
0.7357015300163667
0.9448104628512929
0.6602770371328739
0.9571024808867767
0.584852544249381
0.03315245855290963
0.31743843311699743
0.09051520938516742
0.32943778425755316
0.14787796021742527
0.3568648725788232
0.2052407110496831
0.38943453996033156
0.25440878319161836
0.42371840036191916
0.4572270807771014
0.41171904922136343
0.5248331799722624
0.37057841673945835
0.5944879488400041
0.33629455633787064
0.6764347357432295
0.31058166103667995
0.7624788619916163
0.3191526261370769
0.11100190611097382
0.5591801872966381
0.14378062087226404
0.5797505035375907
0.18680268399645736
0.5848930825978288
0.22777607744807013
0.5711795384371939
0.256457452864199
0.5471808361560824
0.256457452864199
0.5522828768678727
0.22777607744807013
0.5762815791489843
0.18680268399645736
0.5899951233096191
0.14378062087226404
0.584852544249381
0.11100190611097382
0.5642822280084284
0.5760499217867784
0.531753098975368
0.6211206545835524
0.5523234152163207
0.6723373963980682
0.5626085733367969
0.7215054685400035
0.5523234152163207
0.7542841833012937
0.5300389059552887
0.7542841833012937
0.535140946667079
0.7215054685400035
0.557425455928111
0.6723373963980682
0.5677106140485872
0.6211206545835524
0.557425455928111
0.5760499217867784
0.5368551396871584
0.18516374825839282
0.570987849960962
0.6690595249219393
0.548360502095914
0.42670190265564995
0.6276066029995098
0.3322582307496825
0.7339873369962874
0.3609396061658115
0.7151312137754142
0.42035102667064994
0.7151312137754142
0.48385978652064965
0.7168454067954936
0.5166385012819398
0.732273143976208
0.504346483246456
0.7854131275986688
0.47771377750290783
0.8248395670604945
0.42854570536097253
0.8368389182010503
0.37937763321903717
0.8076976368597008
0.3547935971480696
0.7665570043777955