0.1678565040285721
0.5191854960100131
0.1619421721845188
0.5941003626857321
0.17179939192460766
0.6781511887121484
0.18559949956073188
0.7622020147385647
0.240799930105229
0.8133633871024705
0.3176862440779213
0.8572159919858182
0.3886582262065604
0.9010685968691657
0.46357309623123494
0.935785242401816
0.5522880738920338
0.9485755854927924
0.6390316076048149
0.9266492830511186
0.7060607018374185
0.8736607188170735
0.7711183521220043
0.8243265383233073
0.8401188903026258
0.7713379740892623
0.8972907647951406
0.7165222179850776
0.9386910877035134
0.6489161187899166
0.9544626392876554
0.5648652927635003
0.9584055271836909
0.4753328911266654
0.0692843066276845
0.29078651224257723
0.12251329322416384
0.327330349645367
0.18559949956073188
0.3565654195675988
0.24474281800126443
0.38762768135997006
0.30585758038981475
0.4205171350224808
0.5049734191396078
0.4058996000613649
0.5877740649563534
0.36204699517801725
0.6764890426171523
0.30540404720369313
0.7671754642259688
0.25789705858006645
0.8598333297828032
0.2268347967876952
0.17968516771667858
0.4893344409497418
0.20728538298892718
0.5313598539629502
0.26642870142945974
0.5496317726643449
0.303886136441797
0.5185695108719736
0.3314863517140456
0.46923533037820747
0.3314863517140456
0.4753328911266654
0.303886136441797
0.5246670716204315
0.26642870142945974
0.5557293334128028
0.20728538298892718
0.5374574147114081
0.17968516771667858
0.49543200169819973
0.5798882891642825
0.463753754767789
0.615374280228602
0.5002975921705788
0.6725461547211168
0.5203967027421131
0.7356323610576848
0.5039519759108577
0.7711183521220043
0.4582721791573706
0.7711183521220043
0.4643697399058285
0.7356323610576848
0.5100495366593156
0.6725461547211168
0.526494263490571
0.615374280228602
0.5063951529190367
0.5798882891642825
0.4698513155162469
0.2577543480581818
0.5146749621396726
0.6749118874587381
0.4923832213239708
0.4731674567782547
0.5856117644950865
0.39457255805061364
0.7128678342447987
0.4261156612188977
0.7146950261149381
0.48328753571141253
0.7073862586343802
0.5384879662559097
0.7165222179850776
0.5798882891642825
0.747584479777449
0.5956598407484243
0.7731651659594018
0.5444022980999628
0.7896098927906572
0.487230423607448
0.7932642765309361
0.4340014370109687
0.7786467415698202
0.3847153383105249
0.7640292066087043