0.0412863204317377
0.4437806014131928
0.06034842935939694
0.5306651408950618
0.06458445356554343
0.6192532987981442
0.06882047777168993
0.7078414567012266
0.1323608408638874
0.7759861935497515
0.20649126447145114
0.8356128382922107
0.29332976069745437
0.8816105356649651
0.38652229323267734
0.9156829040892275
0.4903048862832666
0.9122756672468011
0.5898514551277093
0.8918322461922438
0.6830439876629324
0.8611671146104075
0.7635284475797157
0.8236875093437188
0.8355408590842063
0.7759861935497515
0.90967128269177
0.728284877755784
0.9626215852686013
0.6567329040648329
0.9774476699901139
0.5715519830041769
0.9753296578870407
0.4863710619435208
0.062466441462470206
0.2972694171888643
0.10482668352393516
0.2563825750797494
0.15989499820383968
0.22742106191912628
0.21919933708989064
0.22742106191912628
0.26367759125442886
0.26490066718581495
0.5517272372723909
0.21549573297063443
0.6279756729830278
0.21719935139184754
0.7042241086936648
0.24445724613125752
0.7762365201981553
0.28193685139794616
0.8291868227749865
0.3228236935070611
0.11329873193622815
0.447187838255619
0.14718692558540017
0.39607928561922534
0.20860927657452444
0.363710535616176
0.2742676517697952
0.39267204877679907
0.29968379700667414
0.4437806014131928
0.3060378333158939
0.5051108645768652
0.2742676517697952
0.5579230356344719
0.20013722816223137
0.5766628382678162
0.1323608408638874
0.5545157987920457
0.09847264721471541
0.5000000093132257
0.5496092251693177
0.4080046145677172
0.611031576158442
0.3671177724586023
0.7063421207967381
0.37222862772224163
0.7825905565073751
0.4097082329889303
0.8440129074964994
0.47614935141624204
0.858838992218012
0.5442940882647669
0.7910626049196681
0.5902917856375212
0.6957520602813717
0.5954026409011606
0.6046775398492221
0.5596266540556849
0.5644353098908302
0.4965927724707995
0.2509695186359894
0.4965927724707995
0.7359942902397636
0.5085181014192913
0.4372133828995639
0.5615574215997264
0.3102738575220404
0.6942125093315217
0.3483980753773589
0.6805835619618166
0.40770241426340986
0.6822871803830297
0.46912476525253416
0.6822871803830297
0.49454091048941307
0.7044342198588003
0.4818328378709736
0.7419138251254891
0.4542986805310214
0.7793934303921777
0.40558440216033664
0.7998368514467352
0.35475211168657866
0.7810970488133908
0.32721795434662637
0.743617443546702