0.04047093481220158
0.47537252363989396
0.03081309809565348
0.5622930547364353
0.03725165590668556
0.6506622613512523
0.08232156058391003
0.7230960372650367
0.14187822033595665
0.7839404090326157
0.20787343789903534
0.838990078727092
0.28352649217866216
0.8882450463484654
0.359179546458289
0.9302566363784602
0.4444904374544638
0.9621274977805253
0.5378495257144288
0.9563327957074226
0.6151122194468137
0.9186672322322547
0.6907652737264405
0.8824503442753626
0.7631990491005513
0.8418874297636432
0.838852103380178
0.8027731907701997
0.8710448924353384
0.7317880903746908
0.8855316475101606
0.647764910314701
0.920943715470837
0.5738824588826408
0.15745207583574022
0.2430122056642968
0.27663482360226793
0.298134226917007
0.40078351919240107
0.3785825822588001
0.5447960060769554
0.4083782694224272
0.6093533277838246
0.3785825822588001
0.7103276001971329
0.4545615845260492
0.7881274494336163
0.41135783813878996
0.8642719827288979
0.3726234448260747
0.9304846203769688
0.3219707766479086
1.003318521789847
0.27727724590246794
0.19552434248338102
0.48584705604785766
0.24518382071943426
0.5126631744951221
0.3196730380735141
0.5201120962860288
0.394162255427594
0.5111733901369407
0.4537536293108579
0.5052142527042153
0.4537536293108579
0.5052142527042153
0.394162255427594
0.5111733901369407
0.3196730380735141
0.5201120962860288
0.24518382071943426
0.5126631744951221
0.19552434248338102
0.48584705604785766
0.702051020491124
0.5320303711514798
0.7351573393151595
0.5573567052405628
0.7881274494336163
0.5767239018969204
0.8444081914344767
0.5662954113896509
0.8841357740233192
0.5424588616587491
0.8841357740233192
0.5424588616587491
0.8444081914344767
0.5662954113896509
0.7881274494336163
0.5767239018969204
0.7351573393151595
0.5573567052405628
0.702051020491124
0.5320303711514798
0.3196730380735141
0.5185495962627458
0.7881274494336163
0.5751614018736373
0.5481097439605733
0.6046815306106852
0.4444904374544638
0.7115066331188312
0.4734639476041082
0.6941225268995229
0.5394591651671868
0.6955712024177987
0.6022351038247495
0.69846855345435
0.6376471717854258
0.721647361746761
0.6118929405412976
0.7564155741853775
0.5732615936751053
0.7998758397336482
0.5249724100923647
0.838990078727092
0.4654157503403181
0.8274006745808864
0.4461000769072219
0.7766970314412373