0.07893612240718689
0.5336644631372579
0.0941394260913857
0.6196958594122864
0.12020223240715514
0.7075975034324242
0.17449974556500814
0.7674454312759224
0.23965676135443167
0.8179421203938738
0.320017080828054
0.8684388095118253
0.4090650024069329
0.9039735166689022
0.4981129239858118
0.93763797608087
0.5915046466173188
0.9582107012770724
0.684896369248826
0.932027232845542
0.7717723903013907
0.8964925256884649
0.8369294060908142
0.8385148455900763
0.906430222932866
0.7880181564721248
0.9585558355644049
0.71881898990308
0.9563839350380908
0.6253066026476143
0.9520401339854625
0.5317942153921486
0.9433525318802061
0.4401520758817922
0.17015594451237986
0.16709590509583225
0.24617246293337394
0.22133308970400237
0.33087658345962456
0.2718297788219538
0.42644020661744586
0.30175374274370287
0.5350352329331517
0.3073644859790308
0.7109591755645953
0.3167157247045774
0.7478814845119354
0.2568677968610793
0.7956632960908459
0.21198185097845573
0.8586484113539555
0.18018763931159745
0.9238054271433791
0.1558744186251763
0.1875311487228928
0.5261834721568207
0.2418286618807458
0.49064876499974364
0.3113294787227976
0.4719462875486506
0.38517409661747753
0.4663355443133226
0.4546749134595294
0.4625950488231039
0.43295590819638813
0.5205727289214928
0.37648649451222116
0.5673289225492255
0.320017080828054
0.6009933819611932
0.24617246293337394
0.6028636297063025
0.18970304924920695
0.563588427059007
0.6870682697751401
0.4869082695095251
0.7087872750382812
0.45324381009755743
0.778288091880333
0.45324381009755743
0.8434451076697566
0.4476330668622294
0.9107740239854942
0.4476330668622294
0.886883118196039
0.49812975598018094
0.8369294060908142
0.5336644631372579
0.7869756939855895
0.563588427059007
0.7326781808277365
0.5766801612747722
0.704443473985653
0.5280537199019301
0.2570319655649446
0.5430157018628045
0.7435376834593072
0.5074809947057275
0.5817310942489052
0.6003699660461569
0.5958484476699472
0.7786669177465781
0.6088798508278318
0.7524834493150477
0.6414583587225435
0.7319107241188454
0.6740368666172554
0.7225594853932987
0.7000996729330247
0.7393917150992827
0.6892401703014542
0.7711859267661408
0.669693065564627
0.7992396429427805
0.647974060301486
0.8216826158840925
0.61322365188046
0.8272933591194205
0.5893327460910047
0.8048503861781086