0.08206882192695113
0.4376000522727846
0.06295178970374868
0.5139701455296625
0.04001135103590574
0.6033790351962511
0.020894318812703292
0.700238665668389
0.053393273592147454
0.7821968145294286
0.12412629281799656
0.841802740973821
0.20441782815544676
0.8883698710085027
0.2885327699375375
0.9312116306404098
0.38411793105354985
0.9498384826542825
0.4892616082811633
0.9479757974528952
0.5924935822864565
0.9274862602376351
0.6861670401801484
0.8976832970154389
0.7741053884068798
0.8604295929876938
0.8333681882988073
0.791510240536365
0.8582203301889706
0.6965132952656146
0.8716022527452122
0.6015163499948639
0.8945426914130552
0.5083820899255007
0.13559651215191793
0.327701625390936
0.16427206048672166
0.29044792136319075
0.20250612493312656
0.26623301374515623
0.2522104087134529
0.25691958773822
0.3000029892714591
0.264370328543769
0.5791116597302147
0.264370328543769
0.6460212725114233
0.25691958773822
0.7301362142935142
0.264370328543769
0.7855756077408012
0.30907477337706335
0.8142511560756048
0.36122995901590677
0.1489784347081597
0.44877616348110827
0.17765398304296343
0.40965977425197564
0.23882848615721125
0.39848366304365207
0.27515084738129586
0.41152245945336297
0.2789742538259363
0.4301493114672355
0.3038263957160995
0.49161792311301533
0.2770625506036161
0.5344596827449224
0.2273582668232897
0.5419104235504714
0.1833890927099241
0.5139701455296625
0.1508901379304799
0.4823044971060789
0.5752882532855743
0.4301493114672355
0.581023362952535
0.43387468187001016
0.6402861628444626
0.4245612558630738
0.6957255562917497
0.4450507930783337
0.7358713239604749
0.4860298675088536
0.7339596207381546
0.5121074603282751
0.689990446624789
0.5530865347587951
0.6288159435105412
0.5605372755643442
0.573376550063254
0.5419104235504714
0.5351424856168492
0.5009313491199516
0.26559233126969456
0.4804418119046917
0.5924935822864565
0.49161792311301533
0.3688243052749879
0.6238685724115111
0.1451550282635192
0.7236313723967486
0.27132744093665534
0.7124552611884248
0.4070583697213928
0.727356742799523
0.5427892985061301
0.7329447984036849
0.6613148982899852
0.7571597060217192
0.6613148982899852
0.7635699625155559
0.5427892985061301
0.7393550548975215
0.4070583697213928
0.7337669992933596
0.27132744093665534
0.7188655176822615
0.1451550282635192
0.7300416288905852