0.0873679417860985
0.5394984048005789
0.08904872417648692
0.6403453482238832
0.09745263612842887
0.7395115092567989
0.1327490663265854
0.8151467168242771
0.1982995795517331
0.8722933180974828
0.2638500927768808
0.9109513130764161
0.3462084299059126
0.9445669608841841
0.43528989659649786
0.9680979143496218
0.5327752752390253
0.9731402615207869
0.6319414362719412
0.9680979143496218
0.7260652501336916
0.9563324376169029
0.8050620224819467
0.922716789809135
0.8773356652686479
0.8773356652686479
0.914312877857193
0.8117851520435002
0.9008666187340857
0.7210229029625265
0.8840587948302017
0.6369837834431064
0.9059089659052508
0.5579870110948514
0.23527679214027797
0.42352441986377914
0.27057322233843445
0.3680586009809618
0.32940060600202853
0.33276217078280534
0.39999346639834144
0.3109119997077561
0.4638631972331008
0.3277198236116401
0.714299773400973
0.33276217078280534
0.7748079394549554
0.34452764751552417
0.8285929759473843
0.3663778185905734
0.8722933180974828
0.40335503117911825
0.9042281835148624
0.45041693810999356
0.32267747644047495
0.5176482337255296
0.3462084299059126
0.4924364978697037
0.38486642488484585
0.47562867396581965
0.426885984644556
0.4789902387465965
0.46218241484271244
0.49579806265048043
0.45377850289077043
0.5243713632870833
0.42352441986377914
0.5495830991429094
0.38318564249445736
0.564710140656405
0.34284686512513574
0.573114052608347
0.31931591165969814
0.5462215343621326
0.6840456903739817
0.5176482337255296
0.7058958614490309
0.4924364978697037
0.7395115092567989
0.48739415069853836
0.7714463746741786
0.49579806265048043
0.7949773281396162
0.5176482337255296
0.7949773281396162
0.5428599695813557
0.7714463746741786
0.5630293582660166
0.7378307268664105
0.5714332702179586
0.7025342966682541
0.5663909230467935
0.6823649079835932
0.5428599695813557
0.3613354714194082
0.5428599695813557
0.7126189910105845
0.5411791871909674
0.6369837834431064
0.7109382086201961
0.32267747644047495
0.7447885111123366
0.42016285508300233
0.7952119828239886
0.5462215343621326
0.780084941310493
0.6756417784220397
0.7834465060912699
0.7848926337972858
0.7599155526258321
0.7848926337972858
0.7647232451126249
0.6756417784220397
0.7882541985780627
0.5462215343621326
0.7848926337972858
0.42016285508300233
0.8000196753107814
0.32267747644047495
0.7495962035991294