0.09587733660954122
0.48591402145493234
0.0898812741768972
0.5651477031578325
0.0918799616544452
0.6567066242367392
0.09987471156463722
0.7341795574573524
0.16183402336862504
0.7887627604082391
0.23378677256035296
0.8415852148768391
0.3137342716622728
0.8820824299694325
0.39368177076419264
0.9137759026505925
0.4836227072538524
0.9296226389911725
0.5735636437435123
0.906732908721446
0.661505892755624
0.8750394360402858
0.741453391857544
0.8292599755008324
0.819402203481916
0.7764375210322324
0.8913549526736436
0.7200935695990592
0.9553129519551795
0.6531851272721658
1.0012827639387833
0.582755187980699
1.0372591385346472
0.5088037517246591
0.08388521174425324
0.1636970491964724
0.14984189850333712
0.1936297733953457
0.20380646039713302
0.2411699824170857
0.24777758490318888
0.2887101914388257
0.28375395949905285
0.33448965197827907
0.480212914655947
0.3107805041401783
0.5706506871928065
0.2637019669679368
0.6693100754148353
0.23291984650916361
0.7823572910859099
0.22024485573202165
0.8810166793079385
0.24921626322263182
0.0898812741768972
0.3873121064468791
0.12985502372785718
0.3168821671554124
0.22179464769506493
0.2851886944742524
0.2977447718418888
0.33448965197827907
0.33172245896020475
0.4137233336811791
0.33372114643775275
0.49119626690179236
0.3077382092296288
0.5686692001224058
0.21579858526242093
0.5897981819098458
0.1478432110257891
0.540497224405819
0.10187339904218522
0.47182803359663916
0.5335898941925524
0.3802691125177324
0.5655688938333202
0.3027961792971191
0.6774953925760081
0.2992746823325457
0.7754310789758598
0.3380111489428524
0.8353917033022997
0.4154840821634658
0.8373903907798478
0.5000000093132257
0.7754310789758598
0.5633869546755458
0.671499330143364
0.5986019243212791
0.5635702063557723
0.5792336910161259
0.5375872691476484
0.4841532729726459
0.254118483313798
0.49004108798832846
0.5932601303270215
0.4918518009564916
0.4548902980522824
0.5436566341162133
0.29306440479382145
0.673445739921751
0.362848887991767
0.6543696307966135
0.4695780975886249
0.6534612446477974
0.5750442396162893
0.6561864030942457
0.6419868207835492
0.7097811858743942
0.6331453477991941
0.7892649738958007
0.5709392700164101
0.8505810389408859
0.46705196245023767
0.863752638098719
0.3726376616530173
0.8333217021133805
0.30948428319333804
0.7647385478777667