0.03396162339722608
0.5131382104441129
0.05658855498562801
0.5992665292801043
0.07921548657402987
0.6853948481160959
0.1296909493481572
0.7627643548670713
0.19409067771514718
0.8269956434905225
0.2741552048741077
0.8737093079439414
0.3629223980286074
0.9145837643406832
0.4586517239795385
0.9423200026099009
0.5561215831295774
0.9466994086524089
0.6431482430849693
0.9160435663548526
0.7232127702439298
0.8795485160006189
0.8032772974028904
0.8328348515471997
0.8798607581636352
0.7832015830654421
0.9268551545395467
0.7218898984703296
0.9338172873359781
0.6328419756059993
0.9634063517208115
0.5525528648266852
0.966887418119027
0.4795627641182179
0.20279334371068633
0.2007405794118726
0.24108507409105878
0.17884354919933243
0.29504160326340173
0.16424552905763895
0.3542197320330683
0.16716513308597764
0.40469519480719546
0.17884354919933243
0.6588130418769398
0.17738374718516306
0.7127695710492827
0.17738374718516306
0.7702071666198413
0.1978209753835339
0.8241636957921843
0.22117780761024344
0.8624554261725569
0.2532934519219691
0.12446934975083367
0.47664316008987917
0.18190694532139232
0.4021932573672425
0.2637120056794606
0.354019790899654
0.3629223980286074
0.3686178110413475
0.38032773001968573
0.41241187146642794
0.3733655972232544
0.5175176164866209
0.35944133163039177
0.606565539350951
0.26197147248035285
0.635761579634338
0.16276108013120605
0.6124047474076284
0.11054508415797093
0.5423342507274997
0.6692562410715869
0.4547461298773389
0.7092885046510672
0.3861354352113796
0.7736882330180571
0.3554795929138234
0.8520122269779099
0.3919746432680571
0.8903039573582822
0.45766573390567766
0.8798607581636352
0.5189774185007903
0.850271693778802
0.5875881131667495
0.7754287662171649
0.6226233615068139
0.6918831726599888
0.6036459353226123
0.6762183738680182
0.5321156366283144
0.3141874684535879
0.5087588044016048
0.7997962310046747
0.5087588044016048
0.5265325187447442
0.5838899480641871
0.47431652277150904
0.774442770980426
0.5056461203554501
0.7598447508387325
0.5456783839349304
0.7686035629237485
0.5857106475144106
0.7642241568812406
0.6118186455010283
0.7715231669520872
0.6118186455010283
0.7715231669520872
0.5857106475144106
0.7642241568812406
0.5456783839349304
0.7686035629237485
0.5056461203554501
0.7598447508387325
0.47431652277150904
0.774442770980426