0.06518633967927485
0.5457794698526791
0.09346188841465758
0.6109271636972858
0.09998701504589971
0.6972038393293325
0.11521231051879813
0.7729160240676591
0.19351383009370396
0.8151739876425392
0.27399039187902385
0.8503889572882726
0.3566419958747578
0.8891254238985792
0.4414686420809058
0.9190581480974525
0.5349954571287101
0.9349048844380325
0.6328723565973424
0.9208188965797391
0.7220490872243185
0.8873646754162925
0.8025256490096384
0.8398244663945525
0.8743020419533022
0.7887627604082391
0.9395533082657238
0.7324188089750657
0.9830541524740047
0.6655103666481725
1.0091546589989735
0.5897981819098458
1.0178548278406294
0.5052822547600858
0.01260265745497421
0.3976947266120087
0.05286439226477253
0.37234474505772486
0.10430994229951485
0.33613048569446224
0.14457167710931323
0.29810551336303637
0.1848334119191116
0.2546484021271212
0.4827944440787728
0.21123725821821243
0.5850214279682333
0.2482129763462324
0.6894234540681078
0.286949442956539
0.8090507756408806
0.3098391732262657
0.9243280127928254
0.3221644126022724
0.0869367617834154
0.45069905180919906
0.11086222609797
0.38202986100001907
0.20003895672494612
0.36266162769486576
0.27399039187902385
0.4066803397520324
0.324016362718547
0.4753495305612125
0.3414167004018595
0.5545832122641124
0.3261914049289611
0.6302953970024391
0.23483963209157088
0.6373383909315857
0.16088819693749318
0.5915589303921324
0.10433709946672783
0.540497224405819
0.5436956259703662
0.41724483064575246
0.5741462169161631
0.3256859095668458
0.6937735384889359
0.3186429156376991
0.7894753957471541
0.35561863376571906
0.86777691532206
0.4242878245748991
0.8982275062678566
0.5123252486892325
0.8460264932179195
0.5880374334275591
0.7285742138555606
0.6179701576264325
0.6263472299661003
0.5915589303921324
0.5784963013369911
0.5017607577955124
0.26983040762868593
0.5280660603197542
0.6500801252767815
0.5262553473515912
0.46930941506884616
0.5852504667712498
0.4610787899592392
0.786629555732864
0.46662956169961944
0.779681471087587
0.4760265374805781
0.7805152412450201
0.4852486858051469
0.7800983561663035
0.492504025245329
0.7832944751031311
0.49294109388630375
0.7905204831342193
0.48730290841772855
0.7942029679962161
0.47786222577267246
0.7943419296891217
0.4679844744866414
0.793647121224594
0.4616469791925064
0.7897561938232387