0.05653367581351707
0.4139072755166632
0.05653367581351707
0.5066225052323958
0.05653367581351707
0.600993364050195
0.07066709476689632
0.6837748191535276
0.12921983043089613
0.748344354134127
0.19988692519779241
0.8096026309105931
0.2665159002637232
0.867549649482926
0.35131641398399877
0.9056291188304592
0.4583265860595846
0.9039734897283924
0.5592795785837221
0.8841059405035926
0.6440800923039977
0.8509933584622595
0.7208043666223423
0.80629137270646
0.7995477007911697
0.7516556123382604
0.8702147955580658
0.6920529646638609
0.9126150524182036
0.605960251356395
0.9328056509230312
0.5198675380489289
0.926748471371583
0.4304635665373297
0.08681957357075834
0.27649006004513105
0.1494104289357236
0.26655628543273113
0.2019059850482752
0.243377478003798
0.2624777805627577
0.21854304147279818
0.3109352169743438
0.19536423404386508
0.5269746209759981
0.16721853930873193
0.5855273566399979
0.2218542996769315
0.6703278703602734
0.26158939812653115
0.7531093242300663
0.2996688674740641
0.8217573591464797
0.34437085322986377
0.11710547132799962
0.34437085322986377
0.16354384788910287
0.3013244965761308
0.23824906235696472
0.281456947351331
0.30285897757241276
0.3129139002905974
0.3190114563762747
0.37086091886293027
0.3109352169743438
0.438741712047663
0.28468743891806797
0.49337747241586255
0.21200128430068893
0.47847681049726265
0.1473913690852409
0.443708599353863
0.10297205237462033
0.3923840971897968
0.5532223990322739
0.3642384024546636
0.6036988952943426
0.32450330400506394
0.6784041097622046
0.3377483368215972
0.7409949651271698
0.3774834352711969
0.7854142818377903
0.43211919563939644
0.7874333416882732
0.4850993269055292
0.730899665874756
0.5198675380489289
0.6481182120049632
0.5215231671509957
0.5734129975371013
0.4950331015179291
0.5512033391817912
0.43708608294559637
0.24430624190841296
0.4122516464145966
0.6158132543972391
0.44536422845592955
0.4252813065066835
0.5088851983385536
0.3109352169743438
0.6870860773576609
0.35131641398399877
0.6821191900514609
0.3937166708441366
0.6837748191535276
0.43409786785379156
0.6953642228679943
0.46236470576055005
0.7102648847865941
0.46438376561103284
0.7317880631134606
0.4300597481528261
0.7417218377258605
0.3856404314422055
0.7400662086237939
0.349297354133516
0.7301324340113939
0.32506863592772295
0.7119205138886607