0.13189309795138326
0.5294192759628524
0.17645041849752005
0.5996986129331437
0.18965258754822725
0.68305317538628
0.19790394320491927
0.7664077378394161
0.25401316167042487
0.8187086397707957
0.32497482031797603
0.8612031225900415
0.39593647896552725
0.8987943958532206
0.4718489510070936
0.934751265931044
0.5609635920993672
0.9380200723017552
0.638526335272272
0.9053320085946429
0.7127885361824999
0.8726439448875308
0.7820999236987126
0.8285150588829293
0.8431599555582334
0.7729453505808386
0.8976189028924008
0.7075692231666141
0.9289740543878302
0.6242146607134779
0.9438264945698758
0.5375912918896306
0.9421762234385375
0.4509679230657832
0.10053794645595365
0.3447317160176685
0.12694228455736808
0.3120436523105563
0.1632482494468129
0.28916200771557776
0.20615529886161127
0.27772118541808843
0.24906234827640966
0.28752760453022214
0.5329089828666144
0.2188826707452865
0.5840673879381049
0.2058074452624416
0.6401766064036103
0.21071065481850842
0.6962858248691158
0.2205170739306421
0.7441436876779295
0.23195789622813134
0.19790394320491927
0.46077434217791685
0.21275638338696484
0.40847344024653737
0.2589639750644401
0.3872261988369144
0.3134229223986072
0.40520463387582606
0.33982726050002166
0.4591399389925612
0.35302942955072886
0.5179784536653633
0.3447780738940368
0.5702793555967428
0.2886688554285312
0.5784513715235209
0.24081099261971764
0.5457633078164086
0.20780556999294966
0.5049032281825183
0.54776142304866
0.4019358275051149
0.5692149477560592
0.35126932875909095
0.6401766064036103
0.3398285064616016
0.7094879939198232
0.3529037319444465
0.7573458567286366
0.3953982147636924
0.7523950433346215
0.4444303103243607
0.721039891839192
0.5114408409239408
0.6682312156363631
0.5473977110017643
0.6055209126455039
0.5326880823335638
0.5675646766247208
0.477118374031473
0.3051715667419152
0.5016344218118072
0.6203733528275495
0.485290389958251
0.4660796971204602
0.5589304065692182
0.45337730883543065
0.7567981900200638
0.4580065655958966
0.7490422039950125
0.47015426064109084
0.7448410448981099
0.4737329059381886
0.7449487669262355
0.481251344222917
0.7505503123887725
0.4833853987578835
0.7577676882731952
0.4795441005949438
0.7658468403826234
0.4703512502904724
0.7692939452826462
0.4616180425012247
0.7703711655639033
0.45426376225764753
0.7658468403826234