0.0857248002001255
0.47965516345513776
0.0795036480982046
0.5702822165415677
0.0857248002001255
0.6590597379323564
0.12512543017895805
0.7311914740623722
0.19770553803470228
0.7829783615403322
0.2702856458904464
0.8347652490182922
0.34286575374619066
0.8865521364962522
0.42581444843846966
0.9253923021047222
0.5191317299672836
0.9438876190611365
0.6041541420268697
0.9216932387134394
0.6725868151479999
0.8643577561485551
0.7389457709018231
0.8144204003662364
0.8115258787575674
0.7663325762795594
0.8695899650421628
0.708997093714675
0.8758111171440836
0.6202195723238865
0.8841059866133116
0.5332915826287392
0.8820322692460045
0.44821312462923346
0.22466386380969303
0.23921604302175198
0.2536959069519907
0.20407494080456481
0.307612558501972
0.18373009215250913
0.36567664478656736
0.1763319653699434
0.39470868792886504
0.21332259928277195
0.7057662930249117
0.20222540910892342
0.7430932056364372
0.18003102876122623
0.7928624224518045
0.1763319653699434
0.8198207482267953
0.20592447250020623
0.8301893350633301
0.22072072606533769
0.18111579909624645
0.4445140612379506
0.23295873327892083
0.3927271737599906
0.30553884113466506
0.35943560323844487
0.3843401010923302
0.37608138849921774
0.40300355739809296
0.45006265632487497
0.4071509921327069
0.5203448607592492
0.3781189489904092
0.5869280018023407
0.29724397166543715
0.592476596889265
0.22466386380969303
0.5554859629764363
0.16037862542317669
0.5055486071941178
0.668439380413386
0.4611598464987235
0.7036925756576046
0.4130720224120463
0.7576092272075861
0.37423185680357635
0.8073784440229533
0.4075234273251221
0.8281156176960233
0.46485890989000633
0.8198207482267953
0.5277429875418149
0.8011572919210326
0.5850784701066992
0.7472406403710511
0.605423318758755
0.6974714235556836
0.5628840897590022
0.674660532515307
0.5055486071941178
0.35738177531733945
0.5203448607592492
0.7824938356152696
0.5258934558461735
0.5383338593352234
0.5686238031211426
0.5549855630680371
0.7394218901079763
0.5598270682146461
0.7261746193379446
0.5674290806816902
0.7212502411982992
0.575965418703343
0.7239551813031748
0.5797876596085606
0.7310989974775899
0.5789807420841259
0.7388670305992837
0.5737145435036036
0.7454559872650063
0.5662399390667335
0.7508658674747576
0.5580433557922113
0.748923859194334
0.5549430937246459
0.7415719707041594