0.0888216784162237
0.5074897537030542
0.0888216784162237
0.5973667646120929
0.0789139765185236
0.6827499249756795
0.08551911111699033
0.7636392347938145
0.149919173452041
0.8190633915210549
0.2143192357870916
0.8729895980664781
0.28202186542137564
0.9239199042482668
0.353027062354893
0.964364559157334
0.4504527976822774
0.9718543100664206
0.5412733984111949
0.9553768580664302
0.6238375808920291
0.9284137547937186
0.7030991960736299
0.8909650002482857
0.7790582439559973
0.8520182955210358
0.8467608735902815
0.8070797900665163
0.8896942484803151
0.7321822809756509
0.916114786874182
0.6453011704302469
0.9326276233703489
0.5674077609757466
0.08386782746737367
0.32324188133952503
0.154873024400891
0.32174393115770766
0.22092437038555834
0.29627877806681335
0.2787192981221423
0.26482182424864986
0.3315603749098762
0.23036897006685172
0.4900836052730778
0.20939766752140937
0.5396221147615783
0.24235257152139023
0.6436529846874294
0.32174393115770766
0.7873146622040808
0.36668243661222705
0.9095096522757155
0.42060864315765023
0.1350576206054908
0.4670450987939868
0.19285254834207477
0.458057397703083
0.24734490877942533
0.43708609515764063
0.30679112016562593
0.43558814497582327
0.32165267301217604
0.48202460061216
0.31669882206332606
0.5299590064303139
0.2886270000198424
0.5748975118848332
0.23248335593287517
0.5763954620666506
0.18624741374360804
0.5434405580666697
0.14331403885357427
0.505991803521237
0.5709965041042953
0.4925102518848811
0.6106273116950957
0.4445758460667272
0.6832837922782298
0.4610532980667176
0.7526377055621304
0.4865184511576119
0.8170377678971812
0.52097130533941
0.802176215050631
0.5733995617030159
0.7410787200148137
0.6048565155211795
0.6717248067309131
0.6228319177029872
0.6007196097973956
0.6063544657029968
0.5693452204546786
0.5509303089757562
0.27211416352367557
0.5164774547939581
0.6122785953447123
0.544938508248487
0.38605273534722667
0.6632765726120546
0.1994576829405415
0.788528859656958
0.29358085096869246
0.7825370589296886
0.40586813914262687
0.8020104112933137
0.5264118455646448
0.7960186105660444
0.6287914318408792
0.8139940127478522
0.6287914318408792
0.8175654413392377
0.5264118455646448
0.7995900391574299
0.40586813914262687
0.8055818398846992
0.29358085096869246
0.7861084875210741
0.1994576829405415
0.7921002882483434