0.07014485834130463
0.5078247478485496
0.06430733593648022
0.5982442392738246
0.04095724631718249
0.6834472215784106
0.05457813192843949
0.7738667130036857
0.10711583357185936
0.838203658825516
0.18105778403296882
0.8886299136588424
0.26667477930372707
0.9234066411301021
0.3639668193841343
0.9442726776128577
0.4690422226709739
0.9460115139864207
0.5741176259578137
0.9407950048657318
0.6714096660382208
0.919928968382976
0.7492432981025466
0.8729803862967755
0.8192935669604398
0.8155987859691972
0.8815604726119003
0.7460453310266779
0.932152333453712
0.6712753669634698
0.9632857862794423
0.5878112210324467
0.9710691494858749
0.4956528932336088
0.07792822154773722
0.37219551071063717
0.12852008238954896
0.38784503807270393
0.17911194323136062
0.37567318345776307
0.21802875926352352
0.3461129651071924
0.2549997344940782
0.3165527467566218
0.5274174467192183
0.3235080922508737
0.5780093075610299
0.3582848197221333
0.6422220540140987
0.37219551071063717
0.7122723228719919
0.37219551071063717
0.7667558653170199
0.35132947422788136
0.15965353521527922
0.4869587113657939
0.1946786696442258
0.47130918400372707
0.2413788488828212
0.46609267488303807
0.28613318731980847
0.46261500213591217
0.3211583217487551
0.47130918400372707
0.3172666401455388
0.5078247478485496
0.2900248689230248
0.5356461298255574
0.2452705304860375
0.5426014753198093
0.19857035124744213
0.5391238025726832
0.15965353521527922
0.5199966024634906
0.5488216955369077
0.45392082026809727
0.5916301931722869
0.4487043111474083
0.6441678948157068
0.44522663840028226
0.6928139148559104
0.44696547477384535
0.7317307308880733
0.47304802037729
0.7336765716896814
0.5165189297163645
0.6947597556575186
0.5391238025726832
0.6480595764189231
0.5356461298255574
0.6013593971803277
0.5217354388370534
0.5546592179417322
0.4904363841129198
0.2744581425101597
0.48869754773935686
0.702543118863951
0.4852198749922308
0.3425625705664447
0.6990967489404775
0.20051619204905022
0.7633310551152571
0.3016999137326737
0.7633310551152571
0.4028836354162971
0.7598533823681313
0.5021215162983124
0.7494203641267533
0.5877385115690708
0.7650698914888201
0.5877385115690708
0.7703890402565596
0.5021215162983124
0.7547395128944928
0.4028836354162971
0.7651725311358708
0.3016999137326737
0.7686502038829967
0.20051619204905022
0.7686502038829967