-0.009511060710527677
0.49828306332880234
0.028298341126384696
0.6012999900322711
0.059532194817747075
0.706033865514131
0.11378046701853435
0.7867304580985149
0.19761870587429659
0.8468236653422051
0.28474471880283375
0.891464333580375
0.37844627987692087
0.9309541554833713
0.4770795020601706
0.9584253359376298
0.5839321594253577
0.9704439773863679
0.6759898334630572
0.9343880530401537
0.7499647501004945
0.8725778970180724
0.8222957797015442
0.8038999458824265
0.8913390352298189
0.7335050459683894
0.9406556463214437
0.6528084533840055
0.9373678722486688
0.5394898340101898
0.9406556463214437
0.4244542658579829
0.9422995333578312
0.3128525952625584
0.12199990220047184
0.16364974642036775
0.1663848521829342
0.1044150135658731
0.26501807436618385
0.06578366605207232
0.3817340539496959
0.08037773066839707
0.4261190039321582
0.13188619402013152
0.6020149168256201
-0.04770664819958264
0.6431120927353075
-0.09921511155131706
0.7105114612271947
-0.087196470102579
0.7729791686099194
-0.040838853086018034
0.8206518926651567
0.008952661487325238
0.12199990220047184
0.36779495617107505
0.1663848521829342
0.24932549046208585
0.26501807436618385
0.17206279543448427
0.3817340539496959
0.20125092466713376
0.4261190039321582
0.3042678513706026
0.44748953540519565
0.44334070242028545
0.43105066504132067
0.5669610144644482
0.3192663465669711
0.6064508363674446
0.2041942540198465
0.5635271169076659
0.12528767627324683
0.4639440877609793
0.6348926575533699
0.29568310747864684
0.6398243186625324
0.18064753932643995
0.7220186704819072
0.11883738330435865
0.8091446834104442
0.1789305905480488
0.874900164865944
0.2716458245811708
0.8896951481934314
0.3471915708303813
0.8535296333929067
0.44505765119867663
0.7713352815735319
0.5257542437830606
0.6727020593902824
0.5240372950046694
0.6431120927353075
0.4227373170795917
0.3735146187677584
0.4742457804313262
0.7170870093727446
0.4090017268524626
0.5697509644641191
0.49345739668650584
0.6606119387581271
0.7572301563607035
0.661881646708994
0.7521573531518205
0.6697115124060065
0.7473967224480995
0.6708754113609677
0.7475528087006806
0.6760600521603407
0.7491917143527813
0.678229136576405
0.7546547331931167
0.6757955296705768
0.7592592776442567
0.6715631698343538
0.7626151320747484
0.666325624537028
0.7630833908324914
0.6617758377130885
0.7611323126752287