0.031456953818163554
0.5056984425947959
0.05946073826982193
0.5897504983420503
0.06121097479805058
0.686624054118547
0.07696310355210842
0.7664022765227206
0.14522232815302566
0.8248113322114907
0.2117313162257143
0.8775219434428198
0.29399243305246076
0.9259587213310679
0.3867549690485791
0.9587247769613536
0.4952696337987552
0.9402048324746705
0.5950331159077882
0.9145618324161859
0.6895458884321352
0.8832203879002607
0.7718070052588817
0.839057443355093
0.8558183586138566
0.8005929432673664
0.918826873630088
0.7421838875785964
0.9573320772511184
0.6638302762887831
0.9853358617027768
0.5712305538553671
0.9958372808721485
0.4843292758793923
-0.0017975402181807476
0.21650238637966632
0.03495742687462085
0.1780378862919397
0.08571428619325167
0.14669644177601437
0.15572374732239755
0.13672416397549264
0.21523178928217157
0.16379177514833732
0.5372753104762428
0.17376405294885897
0.6142857177183033
0.15524410846217584
0.6930463614885924
0.18658555297810117
0.7613055860895097
0.22362544195146755
0.8050614992952259
0.2734868309540761
0.08046357660856572
0.44016633133422467
0.11021759758845269
0.37748344230237396
0.17322611260468404
0.3375943311002871
0.23973510067737264
0.3846064978741751
0.26773888512903105
0.4458647757916656
0.26773888512903105
0.5128214981665971
0.2449858102620586
0.5740797760840877
0.1644749299635408
0.5954489427994913
0.10496688800376675
0.5555598315974044
0.06646168438273653
0.49715077590863443
0.5250236547786423
0.41452333127574026
0.5687795679843585
0.35896349781569076
0.67029328662162
0.34614199778644855
0.7735572417871103
0.3988526090177776
0.8348155202751129
0.47150777585015
0.8400662298597988
0.5484367760256033
0.7770577148435674
0.6011473872569323
0.6597918674522482
0.6068458317143732
0.5582781488149865
0.5883258872276901
0.5425260200609288
0.4999999981373549
0.1469725646812543
0.4914523314511935
0.6090350081336173
0.4999999981373549
0.30099337916537533
0.6709533318605843
0.2869914869395462
0.7208147208631929
0.3202459809758904
0.7079932208339506
0.37975402293566446
0.7094178319483109
0.43926206489543856
0.7079932208339506
0.46376537629063963
0.7322116097780748
0.4550141936494963
0.7749499432088821
0.42350993614138066
0.8119898321822484
0.3745033133509786
0.8248113322114907
0.32899716361703374
0.7948944988099255
0.30799432527828996
0.756429998722199