-0.002332932038220323
0.5308634341256508
-0.000376279361003231
0.6185805415179557
0.017233594733950353
0.6998000853997194
0.06419325898715995
0.7680245022604009
0.14050271339862555
0.8248781829776355
0.21485551513287407
0.870361127551423
0.298991580253208
0.9060977268593992
0.3929109087596272
0.9369611535344694
0.49074354262048053
0.9548294531884574
0.594446134512985
0.9597026258213631
0.6785821996333189
0.9272148082686578
0.7607616120764359
0.8801074728172347
0.8390277191651184
0.8313757464881766
0.8957706468044133
0.7728976748933067
0.9192504789310183
0.6998000853997194
0.8879440360955451
0.6234537141508615
0.8781607727094597
0.5454829520243684
0.18159241962018402
0.27096089370400706
0.23637869458226185
0.2417218579065721
0.2931216222215568
0.2189803856196783
0.3635611186013712
0.21410721298677252
0.41052078285458077
0.2417218579065721
0.6687989362472335
0.21410721298677252
0.7079319897915749
0.19136574069987866
0.7568483067220017
0.18811695894460806
0.7998946656207772
0.2076096494762314
0.8312011084562502
0.2400974670289369
0.13267610268975727
0.4837560986742279
0.18550572497461812
0.4090341183030053
0.27159844277216905
0.38141947338320564
0.3733443819874565
0.39928777303719365
0.418347393563449
0.46751218989787524
0.40660747750014664
0.5536049064125447
0.3733443819874565
0.6364488411719438
0.2813817061582544
0.6640634860917434
0.18550572497461812
0.6218293232732263
0.12484949198088907
0.5568536881678153
0.6551023675067141
0.48862927130713374
0.6922787683738385
0.42690241795699335
0.7529350013675674
0.3749219098726646
0.8175045397157308
0.3911658186490173
0.8448976771967696
0.454517062876793
0.8429410245195526
0.519492697982204
0.8194611923929478
0.5844683330876149
0.7588049593992187
0.6348244502943083
0.680538852310536
0.6234537141508615
0.6590156728611484
0.5584780790454505
0.3518212025380688
0.5601024699230858
0.7059753371143579
0.5633512516783563
0.5501451822826156
0.6045126396881018
0.618086254161422
0.7915781699861124
0.6185522328856041
0.787415668362172
0.6232543818296243
0.7846745087561624
0.6252877435351466
0.7843699354666057
0.6268974882186851
0.7871110950726153
0.6271940201340738
0.7893446325293639
0.6264315094945028
0.7926949387144866
0.6235932754472114
0.7970604891981313
0.6197807222493572
0.7958421960399049
0.6186369562900009
0.7946239028816785