0.056394869230366886
0.5362351918428577
0.09095612853851837
0.6071300841179197
0.12935752776979773
0.6874776286963233
0.17543920684733302
0.7630988471230562
0.23688144561738003
0.8198147609431058
0.3156043140415028
0.8718043486114846
0.3981673223887535
0.9206430521787496
0.48841061058226015
0.9663308716449006
0.5940144584682785
0.980509850099913
0.6900179565464769
0.9521518931898882
0.7802612447399835
0.9096149578248511
0.8455436234331585
0.8418709496509029
0.8993055823569496
0.7630988471230562
0.9261865618188453
0.6796004184435387
0.9338668416651011
0.5882247795112365
0.9281066317804092
0.49684914057893437
0.9185062819725894
0.41335071189941686
0.19079976653984482
0.44485955291055557
0.2541620752714558
0.4054735016466322
0.3271247338108867
0.36136112423103806
0.3981673223887535
0.30779609451210227
0.43656872162003296
0.24950473864149575
0.6170552980070461
0.23532576018648332
0.6592968371614535
0.2794381376020775
0.7264992858161924
0.2999188842593176
0.7956218044324952
0.3219750729671147
0.8551439732409782
0.3424558196243548
0.2848831946564793
0.4973019622461603
0.306003964233683
0.47367033148780624
0.3367250836187065
0.4547650268811231
0.3712863429268579
0.4390106063755538
0.4058476022350094
0.4295579540722121
0.4058476022350094
0.43383145855665695
0.3712863429268579
0.44328411085999864
0.3367250836187065
0.45903853136556794
0.306003964233683
0.4779438359722511
0.2848831946564793
0.5015754667306052
0.6362559976226857
0.4138035335666428
0.6688971869692732
0.39489822895995963
0.7072985862005527
0.3885964607577319
0.7514601953165241
0.39174734485884577
0.7821813147015475
0.4027754392127443
0.7821813147015475
0.40704894369718914
0.7514601953165241
0.3960208493432906
0.7072985862005527
0.39286996524217677
0.6688971869692732
0.3991717334444045
0.6362559976226857
0.41807703805108765
0.34094923753414724
0.4609979284547937
0.7092186561621165
0.4005009537134074
0.6592968371614535
0.5567159385000978
0.4212081619275211
0.8040603404375365
0.5152915900441556
0.7883059199319671
0.6074549481992262
0.7757023835275116
0.6996183063542968
0.7599479630219423
0.7841013846631114
0.7268636799602467
0.7975418743940592
0.7599479630219423
0.7092186561621167
0.7851550358308532
0.6170552980070461
0.8024848983869796
0.5229718698904116
0.8198147609431058
0.434648651658469
0.840295507600346