0.07540967697832757
0.543123011159655
0.12386200575478719
0.6427520283356012
0.17700326957412998
0.7319720437170456
0.23014453339347282
0.8152440580730604
0.31141940747011476
0.8732370680709992
0.4005091732848953
0.931230078068938
0.506791700923581
0.9669180842215157
0.6271410336909161
0.9817880867850898
0.7521793015011345
0.9817880867850898
0.8459580023587983
0.9416390798634398
0.9100401146115351
0.8583670655074251
0.9444256382593452
0.7542770475624067
0.9584924433879948
0.638291027566529
0.9553664866927394
0.5193310070579366
0.9178550063496739
0.41672798936927546
0.864713742530331
0.31561197193697194
0.8100095003633604
0.22936595706824237
0.06603180689256119
0.47174699885449956
0.06603180689256119
0.4345719924455643
0.07072074193544435
0.38550098398576993
0.0816615903688385
0.337916975782333
0.1051062655832544
0.2962809686043257
0.252026230260261
0.1446069424558702
0.3286121692940198
0.1431199421995128
0.4051981083277785
0.13568494091772576
0.47865809066628184
0.1208149383541517
0.5443031812666465
0.11486693732872207
0.12386200575478719
0.520818007314294
0.11135817897376533
0.4509289952654958
0.13792881088343673
0.3944229855239144
0.20357390148380136
0.38103998321669774
0.2676560137365383
0.4078059878311311
0.29578962399383746
0.440519993470994
0.30829345077485926
0.5059480047507199
0.2629670786936551
0.5535320129541569
0.20982581487431232
0.5936810198758068
0.15355859435971403
0.5743500165431605
0.4270798051945668
0.2873589670661812
0.425516826846939
0.21895695527374054
0.47084319892814314
0.16245094553215905
0.5427402029190188
0.140145941686798
0.6130742285622666
0.16096394527580166
0.656837622295843
0.20854795347923866
0.6537116656005875
0.2754629650153219
0.5865035966525951
0.31263797142425714
0.5239844627474859
0.34683897732047747
0.4583393721471213
0.3394039760386904
0.23795942513161142
0.4553899960345681
0.5021027658806978
0.2873589670661812
0.31767132086062566
0.4895910019307884
0.35674577955131886
0.7691470501259808
0.34267897442266937
0.615986023721168
0.46615426388526
0.4940520026998606
0.6380818821243102
0.4553899960345681
0.7334235613296017
0.5044610044943625
0.8256392838396378
0.6085510224393809
0.8740916126160975
0.7750950511514104
0.7881278034965724
0.9014900729417898
0.6193261419527775
0.9356910788380102
0.47709511231865415
0.8776980688400714