0.19437086382350383
0.6773252782892955
0.21212748660465444
0.7235840495755982
0.258940401209506
0.7852624112906686
0.30898179268365766
0.850795670612931
0.3670943763310595
0.8970544418992339
0.43327815215171167
0.929821071560365
0.5075331201456141
0.9510230083999205
0.5817880881395167
0.9625877012214963
0.6576572945680691
0.9510230083999205
0.7270695472580213
0.9201838275423853
0.777110938732173
0.8585054658273149
0.8303808070756249
0.7929722065050524
0.8691225295072261
0.7197291519684063
0.8933361060269769
0.6368488534137803
0.8852649138537265
0.5481862084483665
0.8675082910725759
0.4633784610901447
0.8642798142032759
0.372788367321135
0.21858444034325464
0.4595235634829528
0.2783112624253066
0.4248294850182256
0.3622516610271094
0.4036275481786702
0.44619205962891206
0.411337343393054
0.5059188817109641
0.4595235634829528
0.7060844476075707
0.3959177529642864
0.7238410703887214
0.330384493642024
0.7545116006470722
0.2764159271413374
0.7932533230786736
0.2301571558550345
0.8416804761181751
0.22437480944424668
0.3122102695529577
0.5597509012699423
0.3235099385955081
0.4845803979297001
0.37839404537360993
0.44217652425058923
0.442963582759612
0.451813768268569
0.48654802049516344
0.4942176419476799
0.5123758354495643
0.5520411060555586
0.5075331201456141
0.6272116093958007
0.4478062980635622
0.6657605854677197
0.38162252224291
0.6657605854677197
0.3477235151152589
0.6252841605922047
0.6770281557838698
0.4325392802326095
0.6899420632610701
0.3612236744995592
0.7254553088233714
0.3072551079988726
0.7835678924707732
0.28027082474852927
0.8206953764677245
0.3111100056060645
0.8336092839449248
0.3785707137319228
0.8206953764677245
0.449886319464973
0.7819536540361232
0.4942176419476799
0.7286837856926713
0.5173470275908313
0.6899420632610701
0.49614509075127594
0.43327815215171167
0.5636057988771342
0.7561258390817224
0.4229020362146297
0.7466089782082009
0.5862232401161523
0.5753311344009164
0.7987545529158403
0.6043874262246173
0.7582781280403252
0.6431291486562186
0.72743894718279
0.6883278248264201
0.7043095615396386
0.7335265009966215
0.7120193567540224
0.7415976931698718
0.7544232304331334
0.715769878215471
0.7968271041122442
0.6737996789145697
0.8238113873625876
0.6302152411790183
0.8411584265949511
0.5850165650088166
0.8450133242021431