0.04159768273905908
0.45619846267161057
0.08761037658143457
0.5404322294962426
0.09561258420619549
0.646566775695279
0.14962748567333187
0.7274311918469258
0.2216473542961804
0.7965028806431241
0.30567053435617036
0.8655745694393222
0.411699785384253
0.9177995048705943
0.5277317959432868
0.9481236609274616
0.6517660141270814
0.951493011600447
0.7537941613427835
0.9043221021786529
0.8238134780594418
0.8318810627094695
0.8818294833389587
0.7476472958848375
0.9278421771813342
0.6600441783872202
0.943846592430856
0.5572789828611691
0.9258416252751439
0.454513787335118
0.8958333466822903
0.35680261781854483
0.8538217566522953
0.26246079897495694
0.033595475114298154
0.3702800205104859
0.0636037537071517
0.32142443575219937
0.12562086279904908
0.3130010590697362
0.18363686807856597
0.3332171631076478
0.2296495619209414
0.35680261781854483
0.37969095488520915
0.23550599359107466
0.4517108235080577
0.18328105815980283
0.5577400745361404
0.16306495412189112
0.6597682217518424
0.19001975950577338
0.7457919537180225
0.22876729224510411
0.07360651323810288
0.40060417656735353
0.07760761705048334
0.35343326714555956
0.11961920708047837
0.3382711891171258
0.17163355664142455
0.3517485918090669
0.20764349095284876
0.37870339719294915
0.2276490100147511
0.4123969039228019
0.21964680238999018
0.45619846267161057
0.17963576426618547
0.47978391738250764
0.1296219666114295
0.47304521603653704
0.09561258420619549
0.4460904106526547
0.3916942663223506
0.26919950032092754
0.4397075120709163
0.22876729224510411
0.5157284845061453
0.22539794157211882
0.5917494569413744
0.23382131825458205
0.6597682217518424
0.257406772965479
0.6977787079694567
0.3079470330602583
0.6437638065023205
0.3450098904630963
0.5737444897856622
0.365225994501008
0.49372241353805274
0.35680261781854483
0.43370585635234554
0.32142443575219937
0.16163079711047332
0.41745092993227984
0.5297323478494769
0.3028930070507803
0.2216473542961804
0.5050540474298971
0.26165839241998523
0.622981320984382
0.31367274198093137
0.5505402815151985
0.43570640825853574
0.5084233981028825
0.5777455935980426
0.5000000214204192
0.657767669845652
0.5758104115625882
0.6957781560632667
0.6785756070886392
0.6837748446261253
0.8032415819890946
0.5817466974104231
0.8554665174203664
0.4477097196956772
0.8099802833350652
0.3516832281985458
0.7257465165104331