0.03279213792804802
0.36890031644667415
0.029010894662077655
0.4820059290007743
0.04287545330396896
0.6041085789171325
0.07438581385372194
0.7133583183159793
0.12606280515531681
0.8097551471973147
0.19286476952079315
0.8881579013541341
0.2798333646381113
0.953707744993442
0.36932278859940976
1.0128311333739943
0.4802392577345403
1.0398222454607684
0.6012390422455917
1.0321104991502617
0.7058534392707716
0.9935517675977275
0.7865199622781391
0.9267166329066683
0.8608844131755562
0.8508844608533511
0.9251655486970524
0.7583435051272691
0.9579363236687954
0.6439526015214179
0.9730612967326768
0.5231352426568108
0.9818841976866076
0.3997473016887015
0.1449690214851686
0.1388332181832204
0.2029480848967141
0.1079862329411931
0.2861354367480619
0.10670094188944197
0.36932278859940976
0.12726559871746018
0.44368723949682676
0.16839491237349657
0.6856868085189297
0.16453903921824317
0.731061727710574
0.12083914345870449
0.79534286323207
0.0912774492684283
0.869707314129487
0.09898919557893512
0.9276863775410324
0.1246950166139579
0.17900021087890183
0.31491809227312634
0.2306772021804967
0.2673623233583342
0.30882289634388405
0.2480829575820672
0.38066651839732085
0.2853563980828502
0.4323435096989158
0.348335659618656
0.45124972602876756
0.422882540620222
0.38822900492926155
0.46272656322450734
0.3100833107658742
0.4755794737420187
0.22689595891452635
0.46015598112100503
0.17017730992497096
0.40617375694745717
0.6882076373629099
0.3406239133081492
0.7272804844446036
0.29820930860036154
0.7966032776540601
0.2583652859960763
0.8621448275975463
0.2789299428240945
0.9062593323672005
0.3444797864634026
0.9049989179452105
0.41774137641321746
0.8608844131755562
0.46529714532800953
0.7915616199660996
0.4832912200525255
0.7184575834906728
0.4665824363797607
0.6743430787210186
0.41002963010271065
0.3478957434255778
0.3727561896019276
0.7613116738383368
0.3701856074984254
0.6138431864654929
0.5642645563128472
0.4310830952769257
0.7493464677650111
0.4625934558266786
0.7030759899019702
0.5457808076780265
0.7095024451607259
0.6188848441534534
0.7017906988502189
0.6529160335471865
0.7506317588167623
0.6390514749052952
0.8316050950770839
0.6100619431995226
0.8971549387163921
0.5394787355680759
0.9241460508031659
0.4739371856245897
0.8894431924058853
0.4361247529648861
0.8213227666630749