0.055545854794493664
0.16424281609421182
0.023676475177008438
0.2764495920451204
0.023676475177008438
0.39728765845379105
0.030050351100505492
0.5181257248624618
0.03854885233183487
0.63723753317958
0.10016298625897295
0.7287292120318594
0.1405308671077876
0.837483471799663
0.21064350226625508
0.9220701182857325
0.3274978941970343
0.9669528286660959
0.4762216657452987
0.9669528286660959
0.5675805539820897
0.8927237307293411
0.6695625687580424
0.8236734070672435
0.7439244545321747
0.7304554701234117
0.794915461920151
0.6337850169964752
0.8586542211551215
0.5422933381441959
0.9181437297744272
0.44217036883415456
0.9500131093919124
0.3437736576156655
0.17664949734093752
0.16769533227731673
0.23401438065241098
0.10555004098142894
0.31050089173437545
0.13144391235471548
0.3657411497380165
0.18841042937594596
0.43797841020431644
0.19013668746749846
0.5888268070604131
0.22811436548165204
0.6249454372935631
0.25918701112959597
0.7014319483755277
0.2540082368549387
0.7800430847653246
0.243650688305624
0.8522803452316244
0.23501939784786177
0.197895750419261
0.20394675219991792
0.25313600842290207
0.1953154617421557
0.31687476765787254
0.1987679779252606
0.3721150256615136
0.21085178456612766
0.4124829065103282
0.24537694639717642
0.39336127873983706
0.2764495920451204
0.3444948966596931
0.3023434634184069
0.282880762732555
0.3092484957846167
0.23401438065241098
0.2833546244113301
0.20214500103492572
0.243650688305624
0.6100730601387367
0.28853339868598743
0.6631886928345454
0.28162836631977767
0.7226782014538511
0.28162836631977767
0.7779184594574922
0.28853339868598743
0.8055385884593128
0.31442727005927396
0.7927908366123186
0.35240494807342765
0.7481737051478393
0.37657256135516176
0.6929334471441982
0.3817513356298191
0.6504409409875512
0.35758372234808494
0.6100730601387367
0.3265110767001411
0.32324864358136957
0.2194830750238899
0.6929334471441982
0.3023434634184069
0.4209814077416576
0.6268799846302654
0.2212666288054169
0.7045320395362288
0.325373268889202
0.6959007490784664
0.4316045342808194
0.697627007170019
0.5293372984411074
0.7097108138108861
0.5952006829839102
0.752867266099697
0.5952006829839102
0.7580755995882508
0.5293372984411074
0.7149191472994398
0.4316045342808194
0.7028353406585728
0.325373268889202
0.7011090825670202
0.2212666288054169
0.7097403730247825