0.04089313273464082
0.3766781771432189
0.05980168304778225
0.4767864664171557
0.025766292484127675
0.5754439109190065
0.06169253807909638
0.6755522001929434
0.13165417423771972
0.7597011969739338
0.19594324530240062
0.842399348982838
0.22808778083474104
0.9396059487126028
0.33208480755701897
0.9932872052797863
0.4625538047176949
1.010697342544819
0.5760051065965435
0.9671719993822376
0.6913472635067063
0.9207449666754843
0.8029077103542408
0.8685145548803869
0.9012321719825762
0.8119316087690311
0.9390492726088591
0.7190775433555247
0.9333767075149166
0.6015591168165553
0.9220315773270317
0.4912949141380162
0.9201407222957175
0.3882849353199072
0.03143885757807009
0.3360545235248098
0.06925595820435296
0.3258986101202075
0.10707305883063588
0.3157426967156052
0.13543588430034798
0.2983325594505727
0.15056272455086112
0.27076650878093794
0.27157744655496635
0.18661751199994756
0.3509933578701604
0.2490038371996473
0.48146235503083634
0.26206144014842164
0.6043679320662556
0.2852749565017983
0.7083649587885334
0.3258986101202075
0.09383707361143685
0.3679731085107027
0.10896391386195001
0.3476612817014981
0.13732673933166217
0.3404070578410679
0.1732529849266309
0.34475959215732604
0.19405239027108642
0.36071888465027246
0.19027068020845816
0.379579866687391
0.16568956480137434
0.39989169349659565
0.14678101448823286
0.41149845167328397
0.11652733398720658
0.415850985989542
0.09194621858012267
0.39553915918033744
0.42284584906009787
0.3244477653481215
0.4682263698116373
0.31139016239934714
0.49848005031266357
0.31139016239934714
0.5552057012520879
0.32880029966437957
0.6119313521915123
0.3520138160177562
0.6308399025046536
0.3723256428269608
0.5722233965339152
0.3723256428269608
0.5079343254692343
0.379579866687391
0.4455361094358675
0.379579866687391
0.4058281537782706
0.3520138160177562
0.11274562392457826
0.3824815562315631
0.4795714999995222
0.3476612817014981
0.10896391386195001
0.48984406936593006
0.14299930442560455
0.6537895286116527
0.21485179561554202
0.6363793913466202
0.31128540221256334
0.6450844599791364
0.40960986384089887
0.6450844599791364
0.4682263698116373
0.6378302361187064
0.48524406509346457
0.7060199404067502
0.42284584906009787
0.7538978178855895
0.3264122424630765
0.7626028865181058
0.23186949089736936
0.7626028865181058
0.17514383995794502
0.7089216299509222