0.06280741382656656
0.5249302789196796
0.10428919973830768
0.6186076923676267
0.14853643804416486
0.7092632537688658
0.20799366451766046
0.7908532590299812
0.2798954267646783
0.8648886341743265
0.36562445098227664
0.920792897038424
0.45826710618516514
0.9585660476222737
0.5550579399792277
0.9736753078558136
0.6490833213791741
0.9479895654587958
0.7223678098232502
0.8875525245246362
0.7845904886908619
0.802940667216813
0.8357513579820092
0.7137960318389278
0.8786158700908083
0.6201186183909807
0.902122215440795
0.5173756488029095
0.9035049416378531
0.4070780490980686
0.8952085844555049
0.2998023014399356
0.8717022391055183
0.2061248879919884
0.0669555924177407
0.3708158245375729
0.11673373551183
0.369304898514219
0.17895641437944165
0.3813923067010508
0.23979636704999532
0.3980124929579447
0.2895745101440846
0.42672008740167044
0.4485880228057589
0.3390863780471392
0.49006980871749994
0.25296359471596197
0.5578233923733439
0.18043914559497062
0.644935142788
0.14568784705782892
0.7306641670055983
0.1713735894548467
0.10679956298917344
0.4749291688910114
0.13140096391361178
0.4150982552569184
0.17686007431746525
0.401754670201833
0.23301544599281362
0.40778080538800054
0.28489231315956404
0.4344679754981715
0.30735446182970344
0.48224661875992925
0.28221824784169036
0.532177453159604
0.2303413806749399
0.5541298027663576
0.1741860089995915
0.5571428703594414
0.1281920855321633
0.5231382503803526
0.5062090239646613
0.3174728632027348
0.5228263420503539
0.2590934273128184
0.5764305939396848
0.2318496905641907
0.6348592284990556
0.22147112418376114
0.6863193103128131
0.24741754013483513
0.7109772661819055
0.30406721496134664
0.68417514023724
0.35855468845860194
0.6311069308668024
0.3862308654730809
0.5721422537885383
0.39877163318276665
0.5201461294558873
0.37498741856094875
0.23532270967564584
0.47047425196104853
0.6284267182723359
0.3096889384174127
0.33105629605582576
0.5747908376903611
0.3368729532971479
0.7077193145430544
0.36848592146189596
0.6757928674870662
0.4646151511873543
0.6429274072823725
0.5552604986801524
0.6199215851390869
0.6236477359345053
0.6880000384202382
0.6452606835573432
0.7635905968910337
0.6359058256310403
0.8673515498229951
0.5594540556815985
0.9194667795761522
0.46622805772637205
0.8861318127971057
0.4026795400890724
0.8081937214545466