0.1105165550364742
0.4415539369223879
0.11921878785072544
0.5436287724564146
0.14242474202206204
0.6341790297849869
0.17723367327906692
0.7181438138532991
0.22364558162174014
0.7922303880312218
0.28456121132149875
0.8564387523187548
0.3556294459712171
0.910768906715898
0.42524730848522696
0.9585135878527815
0.5021170316777794
0.9865018492088858
0.5818874991417491
0.9667454294281063
0.6442535009772162
0.9206471166062877
0.7066195028126834
0.8663169622091444
0.7559321554267735
0.7988158612914816
0.7950922030909041
0.7197901821683641
0.8197485293979492
0.6243008198945972
0.8313515064836177
0.5238723526756353
0.8328018786193262
0.4217975171416085
0.15112697483631327
0.2637461588953735
0.20334037172182062
0.2555143173200488
0.2584545128787451
0.2637461588953735
0.3005153048142927
0.2867953153062828
0.3411257246141317
0.31972268160758177
0.5673837777846636
0.31642994497745186
0.6065438254487941
0.27691710541589315
0.6587572223343016
0.250575212374854
0.7124209913555174
0.2341115292242045
0.7704358767838589
0.2291724242790096
0.20043962745040353
0.3971019924156344
0.22219520948603164
0.3378327330732962
0.274408606371539
0.31642994497745186
0.330973119664172
0.3378327330732962
0.3643316787854684
0.38722378252524464
0.3614309345140513
0.44813941018264775
0.3338738639355891
0.5041159328948559
0.28456121132149875
0.5288114576208301
0.22509595375744867
0.5189332477304405
0.20043962745040353
0.4646030933332972
0.5775363827346234
0.36911373105953016
0.6123453139916284
0.3081981034021271
0.6660090830128442
0.2884416836213478
0.7254743405768942
0.3098444717171921
0.7617336439696077
0.3559427845390106
0.7646343882410248
0.4185047805114786
0.7312758291197284
0.4777740398538168
0.6776120600985125
0.4991768279496611
0.6166964303987539
0.4892986180592714
0.578986754870332
0.4300293587169333
0.2918130720000415
0.438261200292258
0.6529557337914674
0.4119193072512189
0.4237969363495184
0.5518606140317395
0.4499036347922721
0.835470564554527
0.4716592168279002
0.8173605130888125
0.49921628740636237
0.8091286715134879
0.5325748465276587
0.8124214081436177
0.5528800564275782
0.8321778279243971
0.5528800564275782
0.8366823325379754
0.5325748465276587
0.8169259127571961
0.49921628740636237
0.8136331761270662
0.4716592168279002
0.8218650177023908
0.4499036347922721
0.8399750691681053