0.0862273160146167
0.5362257385815578
0.12240886853526761
0.6213562089279624
0.16203628320074234
0.7101092524805968
0.20166369786621718
0.7970510094301163
0.25162869896616363
0.8695024735547159
0.3188230107902296
0.9256523582512804
0.3963549090487673
0.9673119501229253
0.4825014626693647
1.00172639558211
0.5772626716520218
1.0125941152008
0.6547945699105595
0.9763683831385003
0.7202659506622134
0.9111620654263605
0.7805685381966316
0.8405218879048759
0.8425940568034617
0.7680704237802763
0.8615462985999932
0.670260947212067
0.8684380228896409
0.5688288974376275
0.8822214714689365
0.46558556106007326
0.8615462985999932
0.3677760844918638
0.11207128210079588
0.498188719916143
0.12413179960767957
0.4058131031572786
0.1723738696352141
0.340606785445139
0.2619662854006354
0.36234222468251887
0.3257147350798774
0.4094356763635086
0.5186830151900156
0.3224939194139891
0.5531416366382546
0.26091017490807944
0.6186130173899086
0.2337408758613546
0.696144915648446
0.2355521624644696
0.7409411235311568
0.2917020471610343
0.17065093856280214
0.507245152931718
0.1844343871420977
0.4583404146476132
0.23612231931445612
0.4166808227759686
0.29642490684887435
0.4384162620133483
0.34466697687640885
0.48550971369433815
0.36189628760052833
0.5416595983909028
0.34638990794882085
0.6032433428968124
0.2912561136316385
0.6304126419435372
0.22750766395239644
0.6231674955310774
0.18788024928692162
0.5724514706438576
0.5428040502037829
0.3858889505230137
0.5652021541451381
0.3279277792233341
0.6186130173899086
0.2989471935734942
0.6823614670691506
0.3152487730015291
0.7392181924587449
0.3532857916669439
0.7598933653276883
0.4257372557915435
0.7374952613863329
0.490943573503683
0.6806385359967386
0.5235467323597528
0.6134442241726727
0.514490299344178
0.5652021541451381
0.46558556106007326
0.26713507861787117
0.505433866328603
0.6203359484623205
0.40762438976039356
0.3705109429625881
0.6068659161030424
0.40324663333841504
0.7879945764145413
0.4187530129901226
0.7155431122899417
0.4859473248141886
0.6992415328619067
0.5652021541451381
0.7119205390837118
0.6237818106071444
0.7716929969865063
0.6547945699105595
0.8387106013017611
0.6306735348967921
0.9075394922201306
0.5565874987830784
0.9455765108855454
0.4738868073073049
0.9220297850450505
0.43081353049700627
0.8695024735547159