0.10335139782223479
0.3763127849266657
0.10200306344530637
0.4841795284506632
0.1046997321991632
0.5934844952216475
0.11548640721459065
0.6999130154986585
0.16941978229172774
0.7833299638238832
0.2314431636304354
0.8681851353960947
0.3042532199845705
0.9386580744984396
0.37975994509256233
0.9947487811309185
0.47414335147755227
1.0134456833417447
0.5617850859779
0.980366548661052
0.646730151724391
0.93002873501652
0.710101867440027
0.866746912149108
0.7626869081402358
0.7862064103178564
0.8098786113327308
0.7013512387456451
0.8368452988712992
0.6006756114565807
0.8638119864098677
0.5028764306614895
0.8759469958022237
0.3978861336314652
0.11009306970687695
0.3417954269989864
0.14919476663780135
0.2785136041315745
0.21121814797650898
0.2483109159448552
0.284028204330644
0.27276071114362793
0.3366132450308527
0.3302896410230933
0.5563917484701864
0.35473943622186616
0.602235117285753
0.28426649711952107
0.6804385111476017
0.29577228309541415
0.741113558109381
0.35473943622186616
0.7869569269249473
0.4194594823362647
0.16672311353787087
0.347548319986933
0.20717314484572372
0.29577228309541415
0.25031984490743336
0.28714294361349435
0.30829822311535576
0.31159273881226707
0.3447032512924233
0.36912166869173246
0.34874825442320856
0.4410328310410642
0.30829822311535576
0.4841795284506632
0.24627484177664805
0.48993242143860977
0.192341466699511
0.4597297332518905
0.16537477916094245
0.3978861336314652
0.5698750922394706
0.3561776594688528
0.6008867829088245
0.31015451556528045
0.6453818173474626
0.3072780690713072
0.7006635268015281
0.3302896410230933
0.7289785487170249
0.37918923142063893
0.7357202206016672
0.4252123753242112
0.7020118611784565
0.4683590727338103
0.6413368142166773
0.4712355192277835
0.5833584360087549
0.4640444029928503
0.5509984109624726
0.4194594823362647
0.27593819806907355
0.3964479103844786
0.6453818173474626
0.39500968713749185
0.29885988247685674
0.4985617609205296
0.23953316989200596
0.6366311926312466
0.33121990752313896
0.6236871834083668
0.43099665141584265
0.6323165228902865
0.5361667328162599
0.6481369786071395
0.6157184610550372
0.6941601225107118
0.608976789170395
0.787644633564843
0.5294250609316178
0.8480500099382817
0.4282999826619857
0.850926456432255
0.3258265700154253
0.8207237682455357
0.26110651992286077
0.7459361594022307