0.12900428901765829
0.363092644217294
0.11286101736250954
0.4525015338838827
0.11891474423319028
0.5679880163698932
0.12900428901765829
0.6816118136545164
0.15725501441416856
0.7784714441266539
0.25007882643127377
0.8324893149668847
0.34088472949148546
0.8846445006057281
0.4135294519396548
0.9554265382584443
0.5164428087412279
0.9908175570848022
0.6476068909393115
0.996405612688964
0.7323590671288421
0.9498384826542825
0.8352724239304155
0.9200355194320863
0.8473798776717769
0.8082744073488503
0.8857201478527551
0.7095520916753253
0.9280962359475207
0.616417831605962
0.8937917836803295
0.5195582011338242
0.8837022388958617
0.4376000522727846
0.30052655035361364
0.19577112511142866
0.34088472949148546
0.15665473588229614
0.3994040892413996
0.1492039950767471
0.44985181316373934
0.18459501390310507
0.48617417438782407
0.20880992152113956
0.6597143446806729
0.2255740883336249
0.7121799775599064
0.2162606623266886
0.7525381566977782
0.22184871793085037
0.7888605179218627
0.24606362554888486
0.802985880620118
0.29263075558356644
0.30052655035361364
0.3239762549881615
0.34088472949148546
0.284859865759029
0.3994040892413996
0.2774091249534799
0.44985181316373934
0.3128001437798379
0.48617417438782407
0.3370150513978724
0.47608462960335607
0.38171949623116674
0.4377443594223779
0.4226985706616865
0.37720709071557
0.4226985706616865
0.3186877309656559
0.40965977425197564
0.2924549145260393
0.363092644217294
0.6597143446806729
0.35377921821035774
0.7121799775599064
0.34446579220342144
0.7525381566977782
0.3500538478075832
0.7888605179218627
0.37426875542561766
0.802985880620118
0.42083588546029926
0.7989500627063307
0.4376000522727846
0.7767530641805013
0.4748537563005299
0.7323590671288421
0.4748537563005299
0.6960367059047576
0.4431881078769464
0.6738397073789282
0.40965977425197564
0.39738618028450606
0.3351523661964851
0.7242874313012678
0.4022090334464266
0.5810158953618229
0.45436421908527
0.32070563992254947
0.7180433167925868
0.4377443594223779
0.6528493347440324
0.5951412580600779
0.6435359087370962
0.7242874313012678
0.6938284091745524
0.782806791051182
0.7925507248480774
0.782806791051182
0.7989609813419141
0.7242874313012678
0.700238665668389
0.5951412580600779
0.6499461652309328
0.4377443594223779
0.659259591237869
0.32070563992254947
0.7244535732864235