0.03341441130779359
0.469542198278492
0.07518512799925724
0.5419824041413497
0.12043673774834289
0.6210080832644672
0.16916924055505053
0.6901555524971951
0.22834442253462411
0.7510711801545981
0.2770769253413317
0.8251577543325207
0.33799255384971627
0.8893661186200538
0.4180530941750217
0.9387571680720022
0.508556313673193
0.9601599561678464
0.6042808727577973
0.9371107997569372
0.6843414130831026
0.8860733819899239
0.7504783811779202
0.8218650177023908
0.8044322235710607
0.752717548469663
0.8583860659642013
0.6802773426068053
0.887973656953988
0.5913734535932982
0.889714103482799
0.4892986180592714
0.8757905312523112
0.4020410973608291
0.02993351825017159
0.37899194094991995
0.05255932312471441
0.39380925578550446
0.08736825370093416
0.3971019924156344
0.11695584469072096
0.38063830926498493
0.13958164956526375
0.3575891528540756
0.29970273021587457
0.3378327330732962
0.3519161260802041
0.36911373105953016
0.42153398723264357
0.38063830926498493
0.49463274144270514
0.38557741421017966
0.5677314956527666
0.38063830926498493
0.08040646758569024
0.46339132534984884
0.10651316551785503
0.48479411344569306
0.15002432873812968
0.5012577965963425
0.19527593848721533
0.488086850075823
0.2248635294770021
0.46339132534984884
0.2248635294770021
0.46789582996342716
0.19527593848721533
0.4925913546894013
0.15002432873812968
0.5057623012099208
0.10651316551785503
0.4892986180592714
0.08040646758569024
0.46789582996342716
0.38672505665642387
0.4403421689389395
0.4337171129343206
0.46503769366491365
0.49637318797151603
0.46997679861010855
0.5538079234222786
0.45680585208958896
0.5886168539984983
0.425524854103355
0.5886168539984983
0.4300293587169333
0.5538079234222786
0.4613103567031673
0.49637318797151603
0.47448130322368687
0.4337171129343206
0.469542198278492
0.38672505665642387
0.44484667355251784
0.1514166859611785
0.4824365344703005
0.4918480269966074
0.45378972578817034
0.24226799476511196
0.6588745545109611
0.2527106739379779
0.7729085685820589
0.33451166079209427
0.7679694636368641
0.42327443376145457
0.7860795151025786
0.512037206730815
0.7762013052121889
0.5973190866425533
0.7630303586916692
0.5973190866425533
0.7675348633052476
0.512037206730815
0.7807058098257672
0.42327443376145457
0.7905840197161569
0.33451166079209427
0.7724739682504425
0.2527106739379779
0.7774130731956372