0.24033754090826107
0.2341115292242045
0.16280856220290563
0.2966735251966725
0.10004700801285593
0.36911373105953016
0.06497437478900468
0.4646030933332972
0.044669166080459205
0.565031560552259
0.08343365543313694
0.6588745545109611
0.14250335349436014
0.7477784435244683
0.207110835748823
0.8235113860174558
0.2846398144541784
0.882780645359794
0.3880117860613191
0.915708011661093
0.5153808225058316
0.9190007482912228
0.6353661466926913
0.8992443285104434
0.7405840463642451
0.8564387523187548
0.8291885934560799
0.8004622296065466
0.9177931405479147
0.7362538653190136
0.9879384069956173
0.6555818178808311
1.0285488244127081
0.565031560552259
0.31971244767802975
0.20283053123797046
0.36032286509512074
0.155085850101087
0.4230844192851704
0.12709758874498286
0.48215411734639363
0.15837858673121685
0.5061511821837654
0.21929421438861993
0.6999736289471542
0.27691710541589315
0.7590433270083774
0.2884416836213478
0.8107293128119476
0.3065517350870622
0.8513397302290386
0.3361863647582312
0.8845664353884766
0.3724064676896601
0.31971244767802975
0.2773517057475096
0.3400176563865752
0.2510098127064705
0.37509028961042645
0.2394852345010159
0.412008850898691
0.2444243394462107
0.43231405960723646
0.26747349585711994
0.43231405960723646
0.27197800047069826
0.412008850898691
0.24892884405978902
0.37509028961042645
0.2439897391145942
0.3400176563865752
0.2555143173200488
0.31971244767802975
0.28185621036108793
0.6519794992724103
0.35802375318569213
0.71474105346246
0.3547310165555622
0.7553514708795509
0.37942654128153636
0.7811944637813361
0.4156466442129652
0.7978078163610551
0.4518667471443941
0.7978078163610551
0.45637125175797244
0.7811944637813361
0.42015114882654353
0.7553514708795509
0.3839310458951147
0.71474105346246
0.35923552116914054
0.6519794992724103
0.36252825779927045
0.37582866083619176
0.25820116995845444
0.7402148607513624
0.3941911927828191
0.3990873544477984
0.3065517350870622
0.2246365435787693
0.48428293784360843
0.3245076171327124
0.4826518845826371
0.44102386961231266
0.5201661095849774
0.5492175326290845
0.5601269144787749
0.6257853556871075
0.6376019443749126
0.5813982118853549
0.7297564536197921
0.4698755130834518
0.7452514595990197
0.3511399034137639
0.7240477672063926
0.2435010796945141
0.6734851161162817
0.2013332930828492
0.5805150802409164