0.06923949740780572
0.3311442815932306
0.022336276925711218
0.41359028026406625
-0.014144005671473362
0.5087202787304151
-0.012406849357321705
0.6197052769411554
0.015387651669104647
0.713249775433065
0.07097665372195736
0.7941102741294616
0.13525143734556824
0.8717997728769797
0.2082120025399375
0.9415617717523022
0.2985441308758231
0.9859557710365983
0.4201450728664383
0.98278477108772
0.5278487643438405
0.9526602715733763
0.6372896121353943
0.9241212720334715
0.7380446783561898
0.8765562728002971
0.8214281814354688
0.8178927737460487
0.8804914961166248
0.7259337752285782
0.9065488408288996
0.6197052769411554
0.918708935027961
0.507134778755976
0.09529684212008038
0.2344287831524427
0.14567437523047813
0.19954778371478146
0.2064748462257858
0.21857378340805123
0.2603266919644869
0.2613822827179082
0.30375559981827804
0.3121182818999609
0.5209001390872339
0.3802947808008442
0.5869120790249964
0.36602528103089194
0.6616098005335173
0.36602528103089194
0.7310960530995831
0.38188028077528335
0.7884222114665875
0.41359028026406625
0.12656565577481005
0.2946777821811303
0.17520603257105619
0.26455328266678646
0.23600650356636382
0.26613878264122565
0.2881211929909132
0.291506782232252
0.30375559981827804
0.3438282813887438
0.29159550561921654
0.39456428057079646
0.24469228513712202
0.42310328011070114
0.18562897045596602
0.41834678018738375
0.131777124717265
0.3929787805963574
0.11440556157574854
0.34224278141430464
0.5521689527419635
0.4072482803663097
0.604283642166513
0.37712378085196596
0.663346956847669
0.39932078049411396
0.7085130210156118
0.43895827985509267
0.7449933036127964
0.4833522791393887
0.7397818346703414
0.538844778244759
0.6859299889316404
0.5325027783470023
0.628603830564636
0.5023782788326585
0.5712776721976317
0.48018127919051046
0.5278487643438405
0.44688577972728843
0.22384640936730224
0.35334128123537867
0.633815299507091
0.4500567796761667
0.22558356568145393
0.46274077947167985
0.19735577394218742
0.6229315850286768
0.2319601273932278
0.6191153234622943
0.2688377595381321
0.6432849800493841
0.3024317669030107
0.6712708982028565
0.3292059381862974
0.7043451651115056
0.3246593807985695
0.7399636063977432
0.2829826047443968
0.7369954029572233
0.2415584152117645
0.7208822985658302
0.20619630219610285
0.6967126419787404
0.19053593786059553
0.6585500263149144