-0.013308329057375522
0.3231924597943512
0.020250374622533027
0.4308924831504955
0.08065604124636845
0.5206425026139492
0.1321127202222282
0.6157775232452101
0.1701459177261246
0.7180925454335471
0.24844955964591114
0.78989256100431
0.34017668303766124
0.8545125750179966
0.41848032495744786
0.9334925921458357
0.5213936829091674
0.9783676018775624
0.6556284976288016
0.9622125983741409
0.7540673617565334
0.9047725859175306
0.7965750530844176
0.8042525641184625
0.8346082505883139
0.7019375419301255
0.8815904357401858
0.6014175201310574
0.8927766703001555
0.4811524940500295
0.8950139172121493
0.36268246835827084
0.8972511641241433
0.24421244266651207
0.05828357212642939
0.3231924597943512
0.03143660918250256
0.22985243955235948
0.03367385609449647
0.13112741814256054
0.11421474492627695
0.07189240529668112
0.23950057199793562
0.05932740257179764
0.5415289051171125
0.05932740257179764
0.6645774852767772
0.03958239828983782
0.7674908432284969
0.07907240685375742
0.8189475222043566
0.17241242709574917
0.8278965098523323
0.2657524473377409
0.15001069551817947
0.26934244811627905
0.17462041155011232
0.22626243877382132
0.2283143374379661
0.20472243410259244
0.28424551023781364
0.21728743682747595
0.3178042139177222
0.25318744461285747
0.3289904484776917
0.292677453176777
0.3021434855337649
0.33216746174069656
0.24844955964591114
0.3572974671904636
0.19028113993406967
0.34293746407631104
0.15001069551817947
0.30524245590166055
0.5571896335010699
0.22985243955235948
0.5817993495330027
0.18677243020990178
0.6354932754208565
0.16523242553867287
0.693661695132698
0.1706174267064801
0.7316948926365944
0.20831243488113058
0.7451183741085579
0.2567774453913955
0.7182714111646309
0.292677453176777
0.6601029914527894
0.30524245590166055
0.5974600779169602
0.30524245590166055
0.5639013742370516
0.27472744928408627
0.2730592756778441
0.29985745473385333
0.6444422630688321
0.25498244500212647
0.5281054236451492
0.6050075209095956
0.32451595465370386
0.6588575325876677
0.4251920656934296
0.6480875302520532
0.5415289051171125
0.6319325267486317
0.6511540038048137
0.5960325189632502
0.7137969173406431
0.6121875224666719
0.7160341642526369
0.69296253998378
0.6757637198367468
0.7755325578901574
0.5728503618850271
0.813227566064808
0.4587507693733382
0.8042525641184625
0.37597263362956374
0.7414275504940451