0.10934870208589258
0.5284257681203095
0.15320560434530833
0.6242612212056994
0.1824435391849188
0.7282183228576478
0.23604641972420465
0.8126834679498558
0.3172629053897893
0.8792809861956352
0.41959567732842595
0.928010877594986
0.5300500978336212
0.9523758232946614
0.6470018371920631
0.965370461001155
0.7379643011375179
0.9198892290284275
0.806186149096609
0.8500430513560246
0.8711593376290767
0.7720752251170635
0.9312595370216095
0.6843614205982321
0.9702434501410901
0.5787799892329719
0.9702434501410901
0.4569552607345949
0.9475028341547264
0.34487651051608814
0.8971486130420638
0.24416806829076312
0.8337997542229078
0.1791948797582954
0.06874045925310027
0.3919820722021273
0.08335942667290552
0.3529981590826466
0.12071901007907444
0.3432521808027764
0.16782457176511353
0.34487651051608814
0.2068084848845942
0.3578711482225817
0.3757387750690103
0.20843281459790589
0.42446866646836107
0.1288406586456329
0.5089338115605692
0.0898567455261523
0.6096422537858941
0.09635406437939908
0.6924830691647904
0.13533797749887969
0.14345962606543816
0.4975635035673873
0.12559199921900951
0.4439606230281014
0.14670828549206155
0.40497670990862084
0.19543817689141232
0.3903577424888156
0.24741672771738651
0.3919820722021273
0.2734060031303736
0.4455849527414131
0.2506653871440099
0.49431484414076393
0.22142745230439945
0.5332987572602446
0.18894085803816557
0.5609123623865433
0.15807859348524342
0.5251771086936862
0.47319855786771187
0.27178167341706194
0.48619319557420543
0.21168147402452928
0.5251771086936862
0.17432189061836031
0.5852773080862187
0.16782457176511353
0.642128848052128
0.19056518775147727
0.6778641017449853
0.22467611173102284
0.658372145185245
0.2799033219836204
0.6031449349326473
0.30426826768329573
0.5527907138199848
0.3237602242430361
0.49431484414076393
0.31563857567647763
0.22305178201771114
0.4634525795878417
0.5917746269394655
0.24416806829076312
0.2587870357105684
0.49431484414076393
0.3578711482225817
0.6719294272201447
0.39685506134206233
0.6150778872542354
0.45208227159465986
0.5728453147081313
0.5154311304138159
0.5403587204418976
0.583652978372907
0.5224910935954689
0.583652978372907
0.5268014384069978
0.5154311304138159
0.5446690652534265
0.45208227159465986
0.5771556595196602
0.39685506134206233
0.6193882320657643
0.3578711482225817
0.6762397720316736