0.06141944535520691
0.3980366698328496
0.03475356020576116
0.5000000149011612
0.020531754792723428
0.5989196780271351
0.038309011559020605
0.6917519772684337
0.09519623321117153
0.7617566619421999
0.16986071162961966
0.824152141760122
0.2516360927545866
0.8774165757510308
0.3369669252328131
0.9322028507131088
0.4276309347409286
0.9748143979058361
0.5502940064283791
0.9748143979058361
0.6498466443196432
0.9413338965401218
0.7316220254446103
0.886547621578044
0.8098419552163179
0.8271958237024596
0.8791732566048767
0.7632785029133687
0.934282752580398
0.6826209314414208
0.9556154606999546
0.5837012683154469
0.9378382039336574
0.4863034461606417
0.23385883598828947
0.28542043796635624
0.3191896684665159
0.24737441368713545
0.4187423063577801
0.21237207135025238
0.5236281212789334
0.21389391232142121
0.582293068607714
0.27172386922583674
0.8365078403657635
0.2793330740816809
0.8862841593113957
0.2808549150528497
0.927171849873879
0.29455148379336915
0.964504089083103
0.31737909836090167
0.9876145228792894
0.34325039487077175
0.24630291572469748
0.3873837830346678
0.31563421711325645
0.3599906455536289
0.3867432441784451
0.34325039487077175
0.46496317395015263
0.34172855389960294
0.49162905909959836
0.3949929878905119
0.48985133342296866
0.4543447857660963
0.4382972888007069
0.483259764218304
0.36007735902899934
0.4802160822759664
0.28007970358066214
0.4726068774201223
0.22141475625188145
0.4543447857660963
0.758287910594056
0.45738846770843394
0.7902869727733909
0.43151717119856386
0.8329523890125041
0.4132550795445379
0.8720623538983578
0.4330390121697327
0.9005059647244333
0.4680413545066158
0.8951727876945442
0.5121747426705119
0.8631737255152093
0.5273931523822001
0.8116196808929476
0.5304368343245377
0.7671765389772046
0.5228276294686937
0.7440661051810182
0.4908689690741483
0.36185508470562905
0.42238612537155085
0.8205083092760961
0.47717240033362873
0.7636210876239451
0.5700046995749274
0.5022954131593768
0.7845842765097324
0.5271835726321928
0.7708877077692129
0.5591826348115276
0.7648003438845375
0.5929594226674922
0.7632785029133687
0.6071812280805301
0.7861061174809011
0.6000703253740112
0.8089337320484336
0.5805153429310843
0.8287176646736283
0.5467385550751197
0.8302395056447972
0.512961767219155
0.824152141760122
0.48807360774633896
0.8104555730196025