0.04540295153010578
0.4974866413408795
0.07581171844996061
0.5762391442128548
0.11056459492979472
0.6499648915823638
0.14531747140962875
0.7220150537843838
0.2039629504693488
0.7856872901489597
0.27781281298899624
0.8460083561785577
0.35166267550864366
0.896275911203223
0.43420075714824957
0.9331387848879774
0.5406314413677414
0.9515702217303545
0.6535782899272021
0.9498946365628658
0.742632535906777
0.9163829332130891
0.7991059601865075
0.8527106968485132
0.8534073296862482
0.7856872901489597
0.9055366444059992
0.7203394686168949
0.9424615756658231
0.6399113805774307
0.9511497947857815
0.5494297815330336
0.9489777400057918
0.45727259732114733
0.1757262383294836
0.4472190863162144
0.24088788172917247
0.368466583444239
0.32777007292875776
0.30646993224715197
0.45374925016815626
0.27798498439984176
0.560179934387648
0.2327441848776431
0.718739933326891
0.30646993224715197
0.7860736315065696
0.27966056956733054
0.8555793844662377
0.2913896657397524
0.8990204800660305
0.3383060504294399
0.931601301765875
0.3835468499516385
0.28432897732896517
0.49607590673212276
0.3125656894688303
0.4709421292197902
0.34949062072865406
0.4558618627123907
0.390759661548457
0.44748393687494653
0.43420075714824957
0.44915952204243526
0.43420075714824957
0.45392142698616966
0.390759661548457
0.45224584181868094
0.34949062072865406
0.4606237676561251
0.3125656894688303
0.4757040341635246
0.28432897732896517
0.5008378116758572
0.7100517142069326
0.45083510720992415
0.7448045906867667
0.4407815962049911
0.7839015767265801
0.44413276653996875
0.8121382888664451
0.45753744787987943
0.8316867818863519
0.46759095888481256
0.8316867818863519
0.47235286382854696
0.8121382888664451
0.46229935282361384
0.7839015767265801
0.44889467148370316
0.7448045906867667
0.4455435011487255
0.7100517142069326
0.45559701215365855
0.3542691412446313
0.4662856239882043
0.7765165904746152
0.45455652781578243
0.6752988377270984
0.5779147293803437
0.502927566324749
0.8182306611403156
0.5654153353918299
0.8058586078687411
0.6306031932457601
0.7986828169712279
0.6954053241301404
0.7920019082045776
0.7551930044103722
0.808333018523056
0.7602074550145206
0.8189729843366101
0.6954053241301404
0.8291180680193012
0.6309889202153101
0.8306027144118903
0.5654153353918299
0.836541299982246
0.5009989314769996
0.8442119730106222