0.09768212047892785
0.2533145723638287
0.05776306182746392
0.3350649818810932
0.005561215898626469
0.4254206976633329
-0.0005801777400602914
0.5301185905538647
0.03166213886304519
0.6276453948902505
0.09614677206925619
0.7093958044075149
0.17444954096251233
0.7839751253706334
0.2665704455428137
0.8413438338038015
0.36790344058114527
0.8757650588637024
0.4861252681258654
0.8671597525987271
0.592064308393212
0.8356069629604846
0.6964680002508868
0.7911462139247795
0.785518208011845
0.7237379815158069
0.8576795832664144
0.6419875719985425
0.9068107323759085
0.5444607676621567
0.9344470037499989
0.4440655279041126
0.943659094208029
0.3379334173027516
0.1713161057291529
0.1438077360932862
0.20605227428939824
0.11283449413388054
0.2455251931078588
0.08776091730959973
0.2881559454317963
0.10398499643119317
0.3260499474975184
0.12905857325547399
0.5423615426226824
0.142332819809505
0.6007814624740041
0.10545991271497444
0.6655170493362795
0.09956024757984952
0.7176213021766473
0.14085790352572378
0.7602520545005849
0.17920572690403555
0.16657935547093766
0.28539969933628356
0.20921010779487506
0.2765502016335962
0.24710410986059722
0.25295154109309664
0.2897348621845347
0.25442645737687786
0.3213131972393032
0.2765502016335962
0.3213131972393032
0.2765502016335962
0.2897348621845347
0.25442645737687786
0.24710410986059722
0.25295154109309664
0.20921010779487506
0.2765502016335962
0.16657935547093766
0.28539969933628356
0.5423615426226824
0.28392478305250235
0.5976236289685273
0.27802511791737744
0.6576224655725873
0.27802511791737744
0.7034110514020016
0.30752344359300193
0.7460418037259391
0.3429214344037513
0.7460418037259391
0.3429214344037513
0.7034110514020016
0.30752344359300193
0.6576224655725873
0.27802511791737744
0.5976236289685273
0.27802511791737744
0.5423615426226824
0.28392478305250235
0.24710410986059722
0.25295154109309664
0.6576224655725873
0.27802511791737744
0.2897348621845347
0.32374752271459534
0.19657877377296767
0.54645988156556
0.3213131972393032
0.5420351327142163
0.44288978720016176
0.5405602164304351
0.559729626902805
0.5494097141331225
0.6607802990780642
0.5774331235249657
0.6607802990780642
0.5774331235249657
0.559729626902805
0.5494097141331225
0.44288978720016176
0.5405602164304351
0.3213131972393032
0.5420351327142163
0.19657877377296767
0.54645988156556