0.10316237961466343
0.3540001509230066
0.08733764534433751
0.44090482188392816
0.08206273392089551
0.5382380533601603
0.08382103772870951
0.6355712848363925
0.10667898723029143
0.725952142635751
0.15239488623345526
0.798952066242925
0.2104189118913171
0.8684758030116623
0.2666846337413649
0.9327852595227443
0.3458083050929947
0.9692852213263313
0.43899840690713643
0.9762375950032051
0.5304302049134642
0.9501661937149287
0.611312180072908
0.9119281384921231
0.6886775476167238
0.8684758030116623
0.7502181808902136
0.7885235057276145
0.8012089913168194
0.7085712084435666
0.8557164093590532
0.6303570045787373
0.9031906121700312
0.5469285204562525
0.1770111395428512
0.20800030370865827
0.2262436461616431
0.22190505106240577
0.2684429375491789
0.2549288260275559
0.30185070989764484
0.2896906944119246
0.33174187463048277
0.3383573101500407
0.5761461039166281
0.35747633776144344
0.6165870914963499
0.3244525627962932
0.6851609400010958
0.3053335351848905
0.7554930923136555
0.32619065621551163
0.7836259532386795
0.38702392588815676
0.13657015196312935
0.34357159040769597
0.16997792431159525
0.3001192549272352
0.24031007662415502
0.2949049746695799
0.29130088705076085
0.32097637595785633
0.3229503555914128
0.38180964563050146
0.31064222893671484
0.4426429153031466
0.2649263299335509
0.48261906394517046
0.2069023042756891
0.49478571787969955
0.14536167100219927
0.46697622317220455
0.12074541769280335
0.41657151401487014
0.5655962810697441
0.4270000745301807
0.604278964841652
0.38180964563050146
0.6623029904995138
0.367904898276754
0.7273602313886316
0.39919057982268574
0.7484598770823996
0.4652381297529861
0.7414266618511436
0.5191190257487577
0.6957107628479796
0.5573570809715631
0.6271369143432339
0.5660475480676553
0.5673545848775581
0.5364999599409419
0.5444966353759761
0.47740478368751516
0.2033856966600611
0.3852858324689383
0.6201036991119779
0.4652381297529861
0.3194337479757848
0.5225952125871943
0.30185070989764484
0.8284996543696385
0.3176754441679708
0.8389282148849491
0.32998357082266877
0.8510948688194782
0.34229169747736676
0.863261522754007
0.3475666089008087
0.8667377095924439
0.3475666089008087
0.8667377095924439
0.34229169747736676
0.863261522754007
0.32998357082266877
0.8510948688194782
0.3176754441679708
0.8389282148849491
0.30185070989764484
0.8284996543696385