0.11923376265194409
0.19984766263958748
0.0838806778224234
0.31463946706734836
0.07423892741437228
0.45577693152771026
0.061383260203637484
0.5912688974096576
0.06941805221034672
0.7305245290105479
0.11441288744791853
0.8377890020004228
0.18672601550830173
0.9205896478171685
0.27671568598344537
0.9789264664607847
0.3940236492814004
1.0015084607744427
0.516152487783381
0.999626627914971
0.6270326174759686
0.9638718035850128
0.717022287951112
0.8904803220656247
0.7877284576101534
0.79638867909205
0.8166537088343068
0.6684240446479888
0.8262954592423579
0.5291684130470984
0.8262954592423579
0.386149115727265
0.8230815424396741
0.2638299798616181
0.2751087275821035
0.08693769107129802
0.28475047799015457
0.09822868822812698
0.30082006200357303
0.11328335110389891
0.312068770812966
0.12833801397967082
0.3201035628196753
0.14339267685544274
0.525794238191432
0.1546836740122717
0.5322220717967994
0.14339267685544274
0.546684697408876
0.13210167969861378
0.5595403646196108
0.12081068254178481
0.5691821150276619
0.11892884968231339
0.22047214193648054
0.17726566832592955
0.2558252267660012
0.1603291725906862
0.259039143568685
0.17726566832592955
0.29760614520088935
0.20361132835853044
0.33295923003041006
0.2280751555316598
0.32653139642504264
0.25065714984531773
0.28957135319418015
0.27888464273739005
0.24457651795660834
0.28829380703474755
0.2027955995217202
0.2619481470021467
0.17547730669890882
0.22431148981271684
0.5402568638035087
0.25442081556426066
0.5820377822383968
0.2356024869695458
0.6302465342786522
0.2280751555316598
0.6688135359108566
0.22995698839113132
0.7009527039376936
0.25065714984531773
0.696131828733668
0.3033484699105195
0.663992660706831
0.3391032942404778
0.6157839086665756
0.3503942913973067
0.5723960318303456
0.33345779566206335
0.5386499054021667
0.297702971332105
0.26386001877271054
0.22431148981271684
0.6125699918638919
0.2657118127210896
0.40527235809079326
0.3917946143056795
0.22047214193648054
0.6082053931449011
0.3040339788062567
0.5216410816092124
0.4133071500975025
0.5047045858739689
0.5177594461847227
0.5461049087823417
0.5932864910477896
0.638314718896445
0.6077491166598663
0.7248790304321334
0.4984759453686205
0.711706200415833
0.3875958156760329
0.696651537540061
0.2751087275821035
0.6891242061021751
0.16101468108683215
0.6815968746642892