0.20053227068177912
0.23574665732472053
0.14012501877269998
0.33142459629387255
0.11369684606247787
0.44380820714652736
0.07783004024146209
0.5455609358914986
0.045738687664763814
0.6564258493001986
0.07971776686362082
0.756659880601215
0.11936002592895402
0.8568939119022315
0.17976727783803317
0.9464970610955645
0.29869405503403273
0.9890205895262986
0.4364980984516196
1.016357143517485
0.5554248756476191
0.9707962201988412
0.6686884729771424
0.920679204548333
0.7838397969288247
0.8781556761175987
0.8480225020822212
0.7900712243682205
0.9046543007469829
0.6959119828430232
0.972612459144697
0.6078275310936452
1.0349074376759348
0.5121495921244931
0.3949681127641277
0.09147040014901503
0.43838582507377827
0.09602649248087938
0.47991581076127016
0.12184434902811091
0.5120071633379685
0.14918090301929723
0.5346598828038732
0.18259224678630268
0.7102184586646344
0.25548972409613285
0.7838397969288247
0.24182144710053968
0.8574611351930148
0.25852711898404246
0.9122052072356177
0.29497585763895756
0.9367456533236812
0.33142459629387255
0.3591013069431119
0.253971026652178
0.3930803861419689
0.22663447266099174
0.43838582507377827
0.22207838032912733
0.4704771776504766
0.25093363176426847
0.4667017244061591
0.29193846275104796
0.45726309129536546
0.32383110907409857
0.4213962854743497
0.35116766306528496
0.37231539329822294
0.35420505795319446
0.3364485874772072
0.33142459629387255
0.3402240407215247
0.28890106786313835
0.740422084619174
0.38154161194438085
0.7819520703066659
0.3587611502850589
0.8329206891049513
0.3557237553971493
0.8706752215481259
0.3830603093883356
0.8820015812810782
0.4255838378190698
0.8650120416816497
0.4620325764739849
0.8253697826163165
0.48481303813330684
0.7725134371958722
0.48025694580144246
0.7309834515083804
0.4529203918102562
0.7215448183975868
0.41647165315534107
0.4119576523635561
0.30560673974664104
0.7913907034174595
0.41799035059929585
0.3609890335652706
0.45140169436630134
0.25527634272438204
0.7247672342781644
0.30813268814482636
0.7156550496144357
0.3609890335652706
0.7338794189418931
0.4138453789857149
0.7505850908253959
0.45159991142888933
0.7839964345924013
0.4402735516959369
0.8189264758033618
0.3930803861419689
0.7915899218121754
0.34211176734368337
0.7764029473726274
0.283592242056763
0.7657720652649439
0.24394998299142978
0.7445103010495767