0.07964841113014612
0.3807381111599102
0.026127898129665397
0.46949115632437
0.0219025944717327
0.5832059954413342
0.054296589182549974
0.6872134702434356
0.10640866763038648
0.7773532817385902
0.18668943713110753
0.8605592615802713
0.275420813947694
0.918803447469448
0.3726027980801458
0.9742741006972354
0.49372816960754956
0.9742741006972354
0.5993607610558668
0.9326711107763949
0.6979511797409628
0.8758136912179127
0.7880909911101934
0.8134092063366519
0.865554891505626
0.7274296938335815
0.8909067134532221
0.6109413220552279
0.8683717606109145
0.49167941761548506
0.8472452423212511
0.3724175131757421
0.821893420373655
0.2587026740587779
0.08105684568279033
0.19907172183890645
0.12612675136740567
0.18797759119334895
0.1754219607099537
0.19352465651612769
0.20922438997341522
0.22542028212210546
0.23316777736836708
0.267023272042946
0.33739193426404007
0.1824305258705702
0.3866871436065881
0.12973340530417218
0.45851730579144384
0.09922454602888911
0.5387980752921648
0.10199807869027848
0.5951354573979339
0.13944076961903498
0.12330988226211724
0.36430634520886257
0.13457735868327106
0.33657101859496885
0.1571123115255787
0.31854305629593793
0.19091474078904022
0.31022245831176987
0.21344969363134794
0.32963718694149546
0.21344969363134794
0.33220128958559625
0.19091474078904022
0.31278656095587065
0.1571123115255787
0.3211071589400387
0.13457735868327106
0.33913512123906964
0.12330988226211724
0.36687044785296336
0.4049967927909631
0.28248713169787615
0.4387992220544246
0.2533650387532877
0.4852775622916841
0.24227090810773028
0.5303474679762995
0.2561385714146771
0.5627414626871168
0.2769400663750974
0.5627414626871168
0.27950416901919817
0.5303474679762995
0.2587026740587779
0.4852775622916841
0.24483501075183106
0.4387992220544246
0.2559291413973885
0.4049967927909631
0.28505123434197693
0.16387279737827107
0.3331380643926573
0.4844325015600976
0.26352239459178406
0.18246413347317486
0.3751910458371314
0.19373160989432867
0.5859795281027236
0.2627449029738959
0.5263485758828521
0.3669690598695689
0.49445295027687436
0.4697847822125976
0.4833588196313169
0.5500655517133187
0.5194147442293787
0.5796426773188474
0.6109413220552279
0.5176715570025014
0.663638442621626
0.40922209644889573
0.6802796385899621
0.3049979395532228
0.7024678998810772
0.22049186639456908
0.6802796385899621