0.04830401856452228
0.38280151306423327
0.04260723013430836
0.48073448206834646
0.040708300657570376
0.5786674510724596
0.04830401856452228
0.6717840445517803
0.09008046705275778
0.7472405944401954
0.16223978716880086
0.8050371007377048
0.2381969662383199
0.8612281485269501
0.3255477221682668
0.9077864452666105
0.4242920549586416
0.9415010739401575
0.5306321056559682
0.9447119909566859
0.623679650016129
0.9077864452666105
0.714828264899552
0.8644390655434785
0.796482232399285
0.8162753102955539
0.8553490461781622
0.7552678869815161
0.9066201420500876
0.6766004200765728
0.9389019431546332
0.593116577646837
0.952194449491799
0.5064218182005729
0.13375584501773127
0.2607866664361579
0.1945215882733465
0.22546657925434663
0.27047876734286547
0.21583382820476174
0.33884022850543266
0.2447320813535164
0.38821239490062004
0.27844671002706356
0.6350732268765569
0.3105558801923466
0.7072325469926
0.27844671002706356
0.7983811618760228
0.2896849195849126
0.8610458346083761
0.33945413334110125
0.8895297767594457
0.400461556655139
0.15654299873858693
0.3894942682205595
0.20211730618029836
0.3638069320883331
0.26098411995917564
0.352568722530484
0.30845735687762504
0.3750451416461822
0.34833487588912254
0.40233793628667275
0.34833487588912254
0.4068833906881956
0.30845735687762504
0.37959059604770506
0.26098411995917564
0.35711417693200687
0.20211730618029836
0.36835238648985597
0.15654299873858693
0.39403972262208237
0.6198817910626532
0.44407985750154055
0.6730518164113165
0.4248143554023708
0.7395143480971457
0.4312361894354274
0.794583302922547
0.45531806705938965
0.8249661745503546
0.4938490712577293
0.8249661745503546
0.4983945256592522
0.794583302922547
0.4598635214609125
0.7395143480971457
0.4357816438369503
0.6730518164113165
0.42935980980389366
0.6198817910626532
0.44862531190306343
0.25528733152896166
0.3789233273552078
0.7303994866088035
0.45213223533205305
0.3711220296099782
0.5016054426757804
0.314154145307839
0.6284366648286482
0.34833487588912254
0.5866947436137805
0.4261909844353796
0.593116577646837
0.4774620803073049
0.6348584988617049
0.5078449519351125
0.700682297700535
0.5002492340281606
0.7616897210145729
0.464169573970139
0.808248017754233
0.3825156064704061
0.7986152667046482
0.3293455811217428
0.7616897210145729
0.312255215831101
0.6910495466509501