0.010142030223184346
0.40076108585537373
0.03627806293385448
0.4999999883584679
0.06372089728005809
0.5964822546809205
0.10553854961713026
0.6902078848227317
0.17610583793593956
0.76050210742909
0.24536632461921537
0.8307963300354484
0.3237744227512257
0.8914423260095614
0.40479612415430305
0.9465750496223916
0.49235183373504793
0.9837896380610519
0.5968959645777284
0.9713847752481651
0.6766108643452723
0.9079821430934104
0.7445645493930144
0.8363096023967315
0.8242794491605583
0.76050210742909
0.8739379113108314
0.6722897496485618
0.9157555636479037
0.5702942109648262
0.9431983979941073
0.46140708182948686
0.9536528110783753
0.3470066803328644
0.016676038400851884
0.21468814366207223
0.0911637316262617
0.260172640642657
0.1630378215806045
0.31117040998452483
0.23883231644154784
0.35803322505543045
0.3054791998537566
0.404896040126336
0.5263286762589191
0.34976331651350595
0.5877483531289938
0.2918739567200343
0.6557020381767361
0.23536291501688347
0.7249625248600119
0.1829868275846949
0.7968366148143547
0.13612401251378933
0.11076575615926428
0.3814646325908832
0.14212899541206842
0.33184518133933616
0.19440106083340863
0.3470066803328644
0.2492867295258159
0.3759513602296002
0.29110438186288806
0.4131659486682605
0.3120132080314241
0.47105530846173205
0.27803636550755295
0.5096482149907131
0.21792349027301172
0.5096482149907131
0.15519701176740347
0.48897344363590184
0.12252697087906583
0.4434889466553171
0.6073503776619964
0.3373584537006192
0.6439408234569346
0.2863606843587513
0.6909856823361408
0.2463894597394495
0.753712160841749
0.22984964265560046
0.7968366148143547
0.2780907758168268
0.7955298131788212
0.34011508988126066
0.7641665739260171
0.4035177220360152
0.7158149134112773
0.44211062856499633
0.6465544267280016
0.4545154913778831
0.5877483531289938
0.41040931248761897
0.25451393606794986
0.4131659486682605
0.6870652774295403
0.3180620004361286
0.35513766200402985
0.5882123461389961
0.33292203419996025
0.7012344295452977
0.399568917612169
0.6929645210033731
0.500192643548249
0.6653981591969581
0.5955891629421949
0.63231852502926
0.645247625092468
0.6695331134679203
0.6426340218214011
0.7563671531581277
0.6125775842041304
0.859741009932184
0.5393966926142542
0.932791868719184
0.45053418139797574
0.8873073717385992
0.391728107798968
0.8046082863193541