0.054483541836127025
0.32630815486784154
0.04940723961644158
0.43496846366212805
0.024025728518014346
0.5255187209907002
0.04094673591696585
0.6243008198945972
0.09509395959361057
0.7099119722779744
0.1492411832702553
0.7905840197161569
0.20677260842669026
0.8646705938940795
0.272764537282601
0.9288789581816125
0.3607537757571487
0.9601599561678464
0.4588956186710673
0.9420499047021321
0.5401164541860343
0.8959515918803135
0.6179530882212112
0.8366823325379754
0.6890213192968073
0.7807058098257672
0.7567053488926132
0.7082656039629095
0.8023920688697822
0.6177153466343374
0.812544673309153
0.5123477744701807
0.8023920688697822
0.4119193072512189
0.07648085145476394
0.16825679662160656
0.10863076551277172
0.17319590156680142
0.134012276611199
0.1945986896626457
0.16108588844952126
0.21600147775849007
0.18139109732826306
0.23740426585433436
0.37090638019651967
0.18636684808732099
0.42674570461305955
0.15837858673121685
0.4944297342088654
0.1600249550462818
0.5654979652844616
0.17484226988186632
0.6331819948802675
0.18636684808732099
0.09509395959361057
0.28514894699121784
0.10863076551277172
0.24234337079952922
0.15770168696973103
0.23575789753926946
0.19323580250752911
0.2637461588953735
0.2084647091665854
0.311490840032257
0.2033884069469
0.3526500479088807
0.18308319806815823
0.3921628874704395
0.13570437735109409
0.4119193072512189
0.10186236255319114
0.38063830926498493
0.09509395959361057
0.3361863647582312
0.39797999203484197
0.2933807885665426
0.43012990609284973
0.24892884405978902
0.49273763346897026
0.25386794900498383
0.5451927564057198
0.3032589984569323
0.5756505697238324
0.35923552116914054
0.582418972683413
0.4234438854566735
0.5384243534461391
0.46295672501823226
0.4639719208907527
0.4646030933332972
0.4115167979540031
0.4267366220868034
0.3996720927747371
0.36911373105953016
0.16616219066920676
0.32960089149797145
0.4656640216306478
0.35923552116914054
0.12555177291172318
0.4185047805114786
0.16954639214899708
0.5765561387577136
0.23384622026501262
0.5732634021275838
0.29476184690123797
0.6045444001138178
0.3455248690980924
0.6687527644013507
0.37767478315610015
0.7362538653190136
0.37767478315610015
0.7938767563462867
0.3302959624390361
0.8350359642229105
0.272764537282601
0.7971694929764167
0.2389225224846981
0.724729287113559
0.2084647091665854
0.6588745545109611