0.11955269473572086
0.4991835471407577
0.14575187870059222
0.5922595977774746
0.18022448918068618
0.6869685615832567
0.22710723943361394
0.7702471332055824
0.289157938297783
0.8339307467991256
0.3594820636771746
0.8959814472236035
0.4339429023141775
0.9449688422955597
0.5125404542087917
0.9825258451840595
0.6021692414570359
0.9825258451840595
0.675251175674835
0.9400701027883641
0.731786256862189
0.8714877496876254
0.7800479115343205
0.7898420912343649
0.8241728529488408
0.704930606442974
0.8586454634289346
0.6151203821443875
0.8834657429746022
0.5171455920004749
0.8876024562322137
0.4093733228421712
0.868297794363361
0.3113985326982587
0.0726699444827931
0.33589223023423675
0.12920502567014716
0.3505884487558237
0.18436120243829743
0.38324671213712785
0.23538066594883644
0.4175378886874972
0.2781267029441529
0.4599936310831927
0.47255222605188274
0.4208037150256276
0.5166771674664029
0.32446183805078027
0.5856223884265908
0.24608200593565024
0.66973555799802
0.20689208987808527
0.7676377717614867
0.2150566557234113
0.1250683124125359
0.44039867305441016
0.1388573566045735
0.384879625306193
0.19677134221113124
0.3979429306587147
0.23951737920644775
0.42406954136375813
0.28088451178256046
0.4697911100975839
0.30294698248982055
0.5171455920004749
0.2795056073633567
0.5563355080580399
0.2215916217567989
0.5596013343961704
0.17608777592307492
0.5383734631983227
0.1388573566045735
0.49591772080262725
0.49047798350153154
0.39304419115151906
0.5290873072392367
0.31956309854358467
0.5828645795881833
0.2738415298097588
0.6559465138059823
0.275474442978824
0.7124815949933364
0.3162972722054543
0.7276495436045778
0.38324671213712785
0.6821456977708538
0.44366449939254055
0.6145793812298697
0.4697911100975839
0.5456341602696818
0.494284807633562
0.4835834614055127
0.4763227627738447
0.24779080572167025
0.4991835471407577
0.573212248653757
0.41263914918030165
0.30570479132822803
0.63471534017317
0.3360406885507108
0.7310572171480174
0.4394585199909925
0.7130951722883001
0.5414974470120705
0.6755381693998003
0.6283684254219072
0.6053229031299963
0.6931769331244838
0.6608419508782134
0.7138604994125403
0.7424876093314738
0.6793878889324463
0.8518927916588429
0.5828645795881833
0.9025130998998643
0.4766889393094939
0.8976143603926686
0.40360700509169484
0.8078041360940822