0.007805108842100733
0.353561284822344
0.007805108842100733
0.4571038034619151
0.009358246662195513
0.5621255009391943
0.027995900503333008
0.6597513042279328
0.07614317292627151
0.7322310672756326
0.14292809919034755
0.7943565784593752
0.21592557673480273
0.8490861954545771
0.28736991645916304
0.9052949912874871
0.3603673940036182
0.9541078929318564
0.44889624974902137
0.9629829659581053
0.5234468651135713
0.9200867796645686
0.6042100317585004
0.8757114145333239
0.6896326118637139
0.8328152282397873
0.7548644003076953
0.7810439689200018
0.807671086190918
0.698209954008345
0.8527120829736671
0.6138967602589799
0.8884342528358472
0.5295835665096148
0.17243771777214856
0.1316844591661202
0.25320088441707767
0.18493489732361393
0.3448360158026703
0.24114369315652393
0.4457899741088318
0.2899565948008932
0.540531381134614
0.33285278109442984
0.7269079195459889
0.3861032192519235
0.7921397079899702
0.37279060971255
0.860477772074141
0.35504046366005215
0.9288158361583118
0.334331959932138
0.9924944867821981
0.31658181387963996
0.17227504271667923
0.3129158036011837
0.24658300869681415
0.2807503874212027
0.3437790823417164
0.286278818327137
0.4334502986721745
0.32246491152961565
0.4776588353945333
0.39383192867894856
0.4488135490224977
0.46519894582828153
0.37419204732092765
0.5199806702598118
0.2826396166618585
0.5425969785113609
0.20645043635311255
0.49836953126388694
0.1785457571453826
0.41091980602456357
0.666335544562292
0.4704164130012885
0.7020577144244723
0.40977008065525405
0.770395778508643
0.3964574711158806
0.8418401182330034
0.4156867960060866
0.8682434611746148
0.4600621611373314
0.8309681534923399
0.5207084934833659
0.7843740188894961
0.5739589316408596
0.7222485060857046
0.6109384025835636
0.6570167176417234
0.5917090776933575
0.6492510285412494
0.5221876723210741
0.2578602978773621
0.40385336530442134
0.7393330221067472
0.4999999897554517
0.6430384772608703
0.6346052639868941
0.4287054580877891
0.7854815054331263
0.44889624974902137
0.7766064324068772
0.4799590061509172
0.7766064324068772
0.5079154869126234
0.7736480747314609
0.5296594163939504
0.7854815054331263
0.518787451653287
0.803231651485624
0.4954903843518651
0.8121067245118732
0.4706401792303484
0.8180234398627058
0.44113056064854744
0.8150650821872895
0.4209397689873151
0.8017524726479159