0.13982190272086864
0.4276517426307555
0.13982190272086864
0.5208124974034261
0.15665616564850127
0.6139732521760968
0.1809723232106372
0.7051518632302
0.22025227004178
0.7923661868471682
0.26701411150742604
0.8617412169970293
0.3437035315110857
0.9112948099612158
0.42226342517337107
0.9549019717696999
0.5064347398115341
0.9826519838296444
0.5943470017669488
0.9568841154882674
0.663554527136105
0.9152590973983505
0.734632526163887
0.8597590732784618
0.7888762622640366
0.7943483305657356
0.8206743144606758
0.7071340069487674
0.8449904720228119
0.6100089647389618
0.8618247349504444
0.5128839225291564
0.878658997878077
0.41575888031935077
0.2614026905315485
0.24331237680398168
0.2857188480936845
0.28097310745676346
0.3119054793144463
0.3146695506724102
0.3362216368765823
0.3483659938880571
0.3605377944387182
0.3800802933851365
0.6055698437187038
0.38999101197797376
0.6429793168912207
0.3543124250437595
0.6785183164051117
0.3206159818281127
0.7140573159190027
0.2849373948938984
0.7533372627501456
0.25124095167825156
0.1940656388210181
0.44747317981643003
0.2258636910176575
0.3999017305708111
0.2969416900454395
0.3979195868522436
0.3567968471214666
0.39197315569654123
0.3979472676112351
0.43558031750502535
0.3942063202939834
0.5128839225291564
0.3605377944387182
0.5743303778047475
0.3025531110213171
0.5782946652418826
0.2389570066280384
0.5406339345891008
0.20341800711414734
0.49108034162491415
0.5756422651806903
0.4137767366007833
0.6373678959153432
0.39197315569654123
0.712186842260377
0.38602672454083886
0.7832648412881591
0.38999101197797376
0.8393790510469344
0.4098124491636484
0.8244152617779277
0.4692767607206721
0.7851353149467848
0.5267589285591285
0.7177982632362545
0.5525267969005054
0.6523316851843499
0.5208124974034261
0.6018288964014521
0.4712589044392396
0.3306102159007048
0.46134818584640236
0.687870684698241
0.45143746725356504
0.5073076275188928
0.5876107407191494
0.38298347834222835
0.7705626059429261
0.411040583221616
0.7170447255416047
0.5026937924942824
0.7170447255416047
0.6018288964014521
0.7150625818230373
0.6448497905498466
0.7884018994100332
0.6467202642084724
0.8637233607155967
0.6055698437187038
0.9489555406139976
0.5176575817632891
0.9747234089553745
0.4241338988319969
0.9549019717696999
0.3811130046836025
0.8756162230270015