-0.06959662633325094
0.4390329932146366
-0.06375677100944005
0.5327140093651532
-0.05402367880308868
0.6249080252593123
-0.03455749439038585
0.7126410403843993
0.02773429573026317
0.7780690516641252
0.11727874402869612
0.8271400601239196
0.20098333700331825
0.8791850690964288
0.2944210221842918
0.9193340760180787
0.38007223360018416
0.960970083196086
0.4910294847525903
0.9624570834524435
0.5805739330510232
0.923795076787151
0.6720649997907264
0.8791850690964288
0.7596628296478892
0.8330880611493492
0.8297410935336192
0.7676600498696233
0.8725666992415655
0.6903360365390382
0.9153923049495116
0.6130120232084532
0.9387517262447551
0.535688009877868
0.12701183623504753
0.2368009583500294
0.20487657388585884
0.2873589670661812
0.2944210221842918
0.3394039760386904
0.3859120889239951
0.38996198475484223
0.4774031556636983
0.41970198988199026
0.6681717629081859
0.43159799193284953
0.7401966452351864
0.4018579868057014
0.8083282906796462
0.3736049819349107
0.8784065545653763
0.3408909762950478
0.9290186340384037
0.31263797142425714
0.06277342767312825
0.4509289952654958
0.13674492844139896
0.4583639965472829
0.21850290297475078
0.46728599808542726
0.29831425906683234
0.4821560006490013
0.3761789967176436
0.488104001674431
0.3761789967176436
0.488104001674431
0.29831425906683234
0.4821560006490013
0.21850290297475078
0.46728599808542726
0.13674492844139896
0.4583639965472829
0.06277342767312825
0.4509289952654958
0.6701183813494561
0.5084237835280572
0.7285169345875646
0.5143717845534869
0.7888621062669433
0.518832785322559
0.8511538963875924
0.5232937860916312
0.8998193574193494
0.5322157876297757
0.8998193574193494
0.535688009877868
0.8511538963875924
0.5267660083397235
0.7888621062669433
0.5223050075706513
0.7285169345875646
0.5178440068015792
0.6701183813494561
0.5118960057761495
0.21850290297475086
0.46936779844432763
0.7876941352021811
0.5211636965491482
0.6136664465526179
0.6546480303864605
0.323620298803346
0.7721210506386956
0.3664459045112923
0.7736080508950529
0.4248444577494006
0.7914520539713419
0.48908286631131986
0.798887055253129
0.5455348011081581
0.798887055253129
0.5221753798129147
0.8390360621747788
0.4774031556636983
0.8687760673019269
0.413164747101779
0.8658020667892121
0.3567128123049408
0.8494450639692807
0.31972706192080547
0.8137570578167029