0.08000792542196988
0.5336644631372579
0.09727175085790965
0.6066041251965212
0.1300730191861951
0.6832842827460031
0.17323258277604447
0.7562239448052664
0.2353823543454275
0.8104611294134365
0.30616403863278047
0.8497363320607322
0.3752193403765394
0.8927520301982463
0.44945378975108036
0.9264164896102141
0.5236882391256211
0.9563404535319631
0.6048282186745378
0.9451189670613072
0.670430755331109
0.8964925256884649
0.7256749967261161
0.8347743500998576
0.7809192381211233
0.7674454312759224
0.8223524191673787
0.6926355214715496
0.8327107144289425
0.6066041251965212
0.8240788017109726
0.5149619856861648
0.808541358818627
0.427060341666027
0.137533108111805
0.27400996546693374
0.17304054476324973
0.3124763549577178
0.22630169974041683
0.360559341821198
0.2795628547175839
0.4028723702610604
0.3203964068667453
0.45287867659907977
0.43579557598394075
0.36825261971935475
0.4872813591285356
0.4240288844809917
0.5653977197617139
0.3624826612957372
0.6435140803948924
0.3009364381104826
0.7145289536977819
0.24516017334884568
0.1456104620785409
0.5229795231508547
0.1853172605812023
0.5416820006019478
0.23192958925823962
0.5529034870726038
0.28199468302246483
0.5529034870726038
0.3268806291559082
0.5435522483470572
0.3268806291559082
0.5504966928432418
0.28199468302246483
0.5598479315687884
0.23192958925823962
0.5598479315687884
0.1853172605812023
0.5486264450981324
0.1456104620785409
0.5299239676470393
0.5340465343871851
0.4780935772682312
0.5685741852590646
0.5024067979546523
0.6238184266540717
0.5024067979546523
0.677336285505485
0.49118531148399636
0.7222222316389282
0.4724828340329032
0.7222222316389282
0.4794272785290878
0.677336285505485
0.49812975598018094
0.6238184266540717
0.5093512424508368
0.5685741852590646
0.5093512424508368
0.5340465343871851
0.4850380217644158
0.23434652481927123
0.5462763714971058
0.6251995326889468
0.49278728598697924
0.3949620238347793
0.5990509566640593
0.38730401818169724
0.7487429538248291
0.43564272940232857
0.7075975034324242
0.5254146216692152
0.6814140350008939
0.6220920441104778
0.6683223007851286
0.666977990243921
0.7543536970601571
0.6859681982234547
0.8329041023547482
0.6341767219156355
0.9133247553944489
0.5530367423667187
0.9525999580417445
0.468443997730614
0.920805746374886
0.4183789039663888
0.8366445978449669