0.11227280087425466
0.41373803618704424
0.14562480638589115
0.4993415181961114
0.1749745712361312
0.5888959301440584
0.19898801520450948
0.6784503420920055
0.25368530424359326
0.7482501043455526
0.3243915559282626
0.8075140534287528
0.39376372739246646
0.8601931192804864
0.46713813951806665
0.9155061384248067
0.5431807120845977
0.9602833443987802
0.6298959264148526
0.9260419515951533
0.712608900083711
0.8865326522063531
0.7899855528707075
0.8351705630009129
0.8540214034530496
0.7666877773936592
0.9113868529330642
0.6771333654457121
0.951409259547028
0.5809940702662985
0.9580796606493555
0.4743189619165379
0.9380684573423735
0.37817966673712416
0.004212303016552537
0.14507480034320303
0.06557999315796363
0.16351247339130978
0.12828176351984016
0.17799921650053652
0.18964945366125127
0.20565572607269664
0.24167858225940414
0.2372631655837368
0.4351202142268956
0.2715045583873636
0.488483423045514
0.22277642247451007
0.5605237549506488
0.19248595960976322
0.6365663275171798
0.17141433326906982
0.7166111407451073
0.15692759015984306
0.11894320197658195
0.3070629278372838
0.15629744814961483
0.2780894416188303
0.22433553939335318
0.3017950212521104
0.27636466799150605
0.33208548411685723
0.30838259328267703
0.3913494332000575
0.30838259328267703
0.4453454756980844
0.2923736306370916
0.48880570502576465
0.22300145917288774
0.4953905882572313
0.1883153734407858
0.4413945457592044
0.15496336792914933
0.38608152661488415
0.5191672681162195
0.34920618051867064
0.5778667978166997
0.292576184728057
0.6619138517060236
0.28599130149659036
0.744626825374882
0.2912592080817637
0.8033263550753622
0.3281345541779772
0.7779788308865183
0.4084701296018709
0.7352882638316237
0.4756359385628312
0.6605797714855581
0.5151452379516315
0.5898735198008888
0.4769529152091246
0.5418466318641323
0.41505501283333757
0.23367410093661137
0.4084701296018709
0.6565775308241617
0.3992512930778175
0.32172339548733164
0.5730922103885383
0.42978389334503375
0.7361117270517465
0.4577995779748084
0.7453305635758
0.4911515834864449
0.7466475402220935
0.5218354285571505
0.7505984701609734
0.5551874340687869
0.75323242345356
0.5551874340687869
0.7548349875770192
0.5218354285571505
0.7522010342844325
0.4911515834864449
0.7482501043455526
0.4577995779748084
0.7469331276992591
0.42978389334503375
0.7377142911752057