0.05638149183934295
0.3774743059652119
0.08488384142279559
0.49467277586784947
0.11557867943574457
0.611871245770487
0.1451772732339454
0.7277379148787764
0.19231577446811704
0.8249593728661915
0.27782282321847496
0.8795632054344658
0.3611373835393365
0.9328352372083919
0.44883692071919074
0.9901026713653626
0.5453064116170304
1.027393093607111
0.6417759025148702
0.994098073748407
0.7218017301914871
0.9354988387970883
0.8029238020828523
0.8795632054344658
0.880757141329973
0.8156367673057544
0.941050573141123
0.7330651180561689
0.9739378995835681
0.6171984489478796
0.9838040975163018
0.490677373484805
0.9695529227245754
0.3761425051708638
0.030071630685386666
0.11910495186167012
0.0837875972080474
0.17237698363559625
0.142984784804449
0.22964441779256686
0.20875943768933974
0.2855800511551893
0.2756303347889786
0.3242022741912857
0.4674730723699098
0.2949026567156264
0.5551726095497641
0.28691185194953744
0.6450646351591147
0.2349716209699595
0.7338604165537171
0.18835859316777412
0.8182712210893268
0.14707276854298135
0.093653795140781
0.3754081903493225
0.13640731951595994
0.3660855847888854
0.18573830917962797
0.3647537839945373
0.23287681041379965
0.36209018240584095
0.27891906743322314
0.3580947800227965
0.27891906743322314
0.3601608956386859
0.23287681041379965
0.3641562980217304
0.18573830917962797
0.3668198996104267
0.13640731951595994
0.36815170040477485
0.093653795140781
0.3774743059652119
0.5398251905432896
0.3474403736680113
0.6034073549986839
0.3434449712849668
0.6680857636688264
0.3461085728736631
0.7305716839094726
0.33944956890192235
0.7930576041501188
0.3421131704906186
0.7930576041501188
0.34417928610650805
0.7305716839094726
0.3415156845178118
0.6680857636688264
0.3481746884895525
0.6034073549986839
0.34551108690085625
0.5398251905432896
0.3495064892839007
0.1855190603366783
0.3663195621202213
0.6669895194540783
0.3447443892517811
0.36990733725732194
0.6092076441817906
0.4302007690684717
0.8422727831927175
0.49816791038285885
0.8209639704831471
0.5650388074824977
0.8063141617453173
0.635198437226381
0.7823417474470505
0.7031655785407682
0.7716873410922653
0.6845294268900491
0.8183003688944507
0.6341021930116328
0.8675769982853323
0.5672312959119941
0.9008720181440362
0.4948791777386143
0.9022038189383844
0.4345857459274644
0.872904201462725