0.06865700851574899
0.5161952344231949
0.12078464705554592
0.5890738605737488
0.16586801011699187
0.6700501118521421
0.21236022827410803
0.7510263631305355
0.2757587075792664
0.8125683141021144
0.34761031745844595
0.8579150148180147
0.4265062028159764
0.901642190508347
0.5039932330778366
0.9421303161475436
0.5786625531483565
0.9534669913265188
0.6336079018794938
0.8919250403549398
0.688553250610631
0.8206659392299537
0.7392720340547577
0.7461677880538319
0.7913996725945547
0.6765282119544136
0.8252121948906391
0.598791010727156
0.8280299050819795
0.49676093411638056
0.8040793684555863
0.4060675326845799
0.7801288318291931
0.3169936562783473
0.06443044322873843
0.26840790551131133
0.0996518206204931
0.3007984060226687
0.14332632858626887
0.33642795658516167
0.18981854674338502
0.37205750714765473
0.23771961999617136
0.39473085750560494
0.40819108657226394
0.35100368181527253
0.477224986260103
0.29755935597153294
0.5321703349912403
0.23763693002552191
0.5941599592007286
0.17123640397723938
0.6519230181232062
0.11131397803122833
0.11796693686420553
0.46760948365615884
0.13909976329925833
0.4319799330936658
0.18559198145637448
0.41092610776128363
0.23067534451782046
0.41740420786355503
0.2616701566225646
0.45951185852831955
0.2813941279619472
0.5080976092953555
0.27716756267493664
0.5566833600623916
0.22644877923080992
0.5712590852925024
0.17713885088235337
0.5599224101135273
0.14614403877760926
0.5178147594487627
0.44059475377267826
0.3477646317641368
0.49554010250381547
0.30889603115050795
0.567391712382995
0.29755935597153294
0.6406521773578446
0.2943203059203972
0.7096860770456838
0.3040374560738044
0.7068683668543434
0.3655794070453833
0.6702381343669186
0.4319799330936658
0.6068396550617602
0.4627509085794553
0.5349880451825807
0.4481751833493445
0.47299842097309247
0.41092610776128363
0.24617275057019253
0.477326633809566
0.6350167569751639
0.37853560724992624
0.44026602091702194
0.542138581170349
0.4448213190596888
0.7965587418748448
0.4899046821211347
0.7836025416703019
0.5321703349912403
0.7657877663890553
0.5744359878613459
0.7512120411589445
0.6181104958271216
0.7366363159288337
0.6181104958271216
0.7413092129771283
0.5744359878613459
0.755884938207239
0.5321703349912403
0.7704606634373499
0.4899046821211347
0.7882754387185964
0.4448213190596888
0.8012316389231393