0.06334321156342879
0.44970890158781024
0.07115160505140411
0.5427849501007734
0.09926182160811514
0.6298560922580616
0.13674211035039652
0.7124235546485934
0.18046911388305814
0.7904873372723691
0.23825122569407528
0.8565413071847944
0.30071837359787756
0.9075830112080323
0.37099391498965517
0.9616271684091078
0.46313295814776356
0.9706345279426203
0.5521486439106819
0.9436124493420825
0.6411643296736002
0.9105854643858697
0.7239333006461383
0.8715535730739822
0.798893878130701
0.8190106424618254
0.8379358455705774
0.7409468598380499
0.8551143112441232
0.646369584736168
0.8863478851960243
0.5668045755234736
0.9207048165431155
0.4872395663107793
0.22731947481090983
0.13595254450378927
0.2929099801099023
0.11493537225892658
0.3772406297800354
0.11043169249217029
0.4568862433573833
0.11643659884784535
0.5256001060515659
0.1344513179148705
0.745796802412469
0.14045622427054552
0.8051405929210813
0.13295009132595173
0.8676077408248835
0.1419574508594643
0.9191431378455204
0.16447584969324566
0.9550617478902068
0.19600160806053968
0.22107276002052964
0.4121782368648412
0.2757315144363567
0.350627946719172
0.35537712801370464
0.31459850858512184
0.44283113507902777
0.33111200106322813
0.48343478121649935
0.38815861144214103
0.47094135163573886
0.46922484724375413
0.43502274159105253
0.5352788171561796
0.34132201973534915
0.5607996691677986
0.2663614422507863
0.5412837235118546
0.20545597304457905
0.49174324607753556
0.7223716219485431
0.43619786228754137
0.7395500876220887
0.37915125190862853
0.7957705207355108
0.3491267201302533
0.856675989941718
0.3686426657861972
0.8722927769176688
0.42719050275402887
0.8660460621272885
0.47973343336618546
0.8316891307801972
0.5397824969229359
0.7801537337595603
0.5668045755234736
0.7130015497629728
0.557797215989961
0.7067548349725925
0.49924937902212935
0.3756789510824403
0.45421258135456655
0.7692219828763949
0.47973343336618546
0.6442876870687904
0.6283548656691428
0.34288369843294414
0.7769762979721001
0.37880230847763047
0.7469517661937249
0.42721434810307723
0.7694701650275062
0.47562638772852406
0.7919885638612877
0.5271617847491609
0.8070008297504753
0.5302851421443511
0.8550400805958758
0.48187310251890425
0.8640474401293883
0.42409099070788714
0.8565413071847944
0.37099391498965517
0.8415290412956068
0.338198662340159
0.8100032829283129