0.08881760750348303
0.5000000097788868
0.14003863552005474
0.5823919085465025
0.17729029225937964
0.6753019220504094
0.2114376442704275
0.7699649546770316
0.26731512937941493
0.8313206239720645
0.34337059522220326
0.882158178530806
0.4256346705215458
0.9189715801078256
0.5078987458208883
0.9575380008075607
0.5824020592995381
0.9452668669485541
0.6429360015009412
0.8839111976535213
0.694157029517513
0.812037413622197
0.7391694480775305
0.7313985339772967
0.7872861713658251
0.6507596543323964
0.8245378281051502
0.5666147364420655
0.8152249139203189
0.461433589079152
0.7934947808223795
0.3615114990843842
0.7671081906320243
0.2738605429486229
0.08726545513934446
0.23880016049431838
0.13072572133522356
0.26860148558047725
0.17884244462351823
0.30716790628021223
0.2238548631835358
0.35274640347080805
0.26731512937941493
0.3930658432932582
0.3573399664994501
0.3334631931209406
0.4473648036194853
0.3106739445256427
0.5172116600057196
0.23880016049431838
0.5901628211202309
0.17393845295385513
0.6615618298706036
0.11082976453610696
0.10278697878072984
0.4561745317110063
0.12606926424280793
0.4053369771522648
0.18349890171593386
0.3860537668023973
0.24092853918905976
0.368523575575245
0.26731512937941493
0.4176081110112714
0.2766280435642461
0.4684456655700129
0.2750758912001076
0.5350603922331914
0.22695916791181286
0.5648617173193502
0.1741859875311026
0.5525905834603436
0.13227787369936206
0.5192832201287545
0.4225303657932688
0.35274640347080805
0.45667771780431654
0.305414887157497
0.5218681170981352
0.2791196003167686
0.5932671258485079
0.266848466457762
0.6522489156857725
0.28963771505305996
0.6475924585933568
0.3615114990843842
0.6305187825878328
0.4368913213611389
0.5730891451147069
0.48071679942901946
0.5063465934567498
0.4737047229381586
0.4520212607119009
0.4246201875021322
0.21919840609112018
0.47545774206087377
0.5187638123698581
0.375535652066106
0.4426048697027939
0.5142578986436375
0.4473648036194853
0.741916648713588
0.5001379840001956
0.6928321132775617
0.556015469109183
0.6490066352096812
0.616549411310586
0.6051811571418004
0.6863962676968203
0.5946630424055092
0.6910527247892359
0.6332294631052441
0.6351752396802485
0.6823139985412703
0.5746412974788455
0.726139476609151
0.515659507641581
0.7682119355543164
0.4473648036194853
0.7874951459041838