0.08070035558458202
0.46165696986042865
0.08070035558458202
0.542683777101782
0.10821318805427052
0.6150291407101329
0.14555203212027634
0.6960559479514863
0.17306486458996487
0.7785296624650064
0.23005573184860534
0.8465343042568565
0.27329018287240153
0.9188796678652075
0.3735155011548383
0.9507116278528821
0.5032188542262269
0.947817813308548
0.6152353864242444
0.9232203896817086
0.7154607047066811
0.884153893333199
0.803894809073537
0.8306183242630192
0.8766072948862852
0.7727420333763383
0.9296677575063987
0.6989497624958203
0.9178765435908178
0.6034538825327967
0.913946138952291
0.5079580025697733
0.9041201273559737
0.4211435662397521
0.06890914166900121
0.3661610898974052
0.12393480660837825
0.3719487189860733
0.18092567386701872
0.3820770698912425
0.23988174344492266
0.38786469897991055
0.2929422060650361
0.39509923534074565
0.41871515449789787
0.3459043880870669
0.4933928426299096
0.3618203680809041
0.5759313400389751
0.3285415008210627
0.6604350397673041
0.2923688190168871
0.74886914413416
0.26777139539004774
0.11803919965058784
0.44863480441092546
0.1435868298010129
0.45152861895525953
0.18878648314407254
0.4442940825944244
0.23398613648713226
0.43127191714492125
0.26739457591461113
0.4442940825944244
0.26739457591461113
0.4659976916769297
0.2379165411256592
0.4920420225759361
0.20057769705965336
0.5065110952976063
0.15537804371659367
0.5065110952976063
0.12590000892764167
0.486254393487268
0.5425229006114962
0.4298250098727542
0.5916529585930829
0.4370595462335893
0.6427482188939329
0.4283781026005872
0.6859826699177292
0.4124621226067499
0.7331475255800523
0.4037806789737478
0.7331475255800523
0.4037806789737478
0.6859826699177292
0.4124621226067499
0.6427482188939329
0.4283781026005872
0.5916529585930829
0.4370595462335893
0.5425229006114962
0.4298250098727542
0.1828908761862822
0.4746791353099319
0.6392108547192586
0.4223010920574856
0.2890118014265093
0.552812128006951
0.35779388260073053
0.7134188352174904
0.4305063684134787
0.6873745043184841
0.5051840565454904
0.6671178025081458
0.583792149316029
0.6526487297864755
0.6584698374480407
0.6700116170524798
0.6682958490443579
0.6902683188628181
0.5955833632316098
0.7018435770401542
0.5150100681418077
0.7119719279453234
0.4403323800097961
0.7307817224834947
0.36368948955852093
0.749591517021666