0.11423502219162436
0.45786180490192036
0.14803829609681635
0.5392321369561386
0.1762076910178097
0.6206024690103568
0.19874320695460435
0.7048788843522257
0.23113801111374668
0.7833431331187931
0.2987445589241307
0.8385587155841554
0.369168046226614
0.8865090898303912
0.441000003275147
0.9359125057204521
0.5156488998157793
0.9693324635284347
0.5790300383880143
0.9213820892821989
0.6353688282300008
0.8574482569538847
0.7029753760403848
0.8080448410638236
0.7621311053744709
0.7441110087355094
0.8072021372480601
0.6758180514757192
0.8410054111532522
0.5973538027091515
0.8663578665821462
0.5159834706549333
0.8874849127728912
0.4476905133951431
0.1776161607638594
0.25298293312254955
0.22832107162164736
0.2718724744922788
0.28325139171758434
0.29948026572496
0.33818171181352136
0.32708805695764115
0.38184427394106096
0.34888368161502104
0.6057909635629579
0.3546958481903223
0.6733975113733418
0.3227289320261651
0.736778649945577
0.28640289093053206
0.8015682582638616
0.25443597476637486
0.8564985783597986
0.23699947504047097
0.16493993304941235
0.4215357638062872
0.21705331365325
0.39392797257360607
0.29311067993993195
0.38666276435447944
0.364942636988465
0.39683405586125675
0.39592897140155764
0.4505965966827937
0.41142213860810395
0.5247017205178853
0.369168046226614
0.5450443035314398
0.29311067993993195
0.5435912618876145
0.22127872289139902
0.5319669287370119
0.1776161607638594
0.4854695961346015
0.5818469778801136
0.43897226353219115
0.6241010702616036
0.3852097227106542
0.6945245575640869
0.3823036394230035
0.7635395751205206
0.3895688476421301
0.8226953044546065
0.4128175139433353
0.8072021372480601
0.48111047120312556
0.7663565146126198
0.5305138870931866
0.6917076180719876
0.5421382202437892
0.6198756610234546
0.5464973451752652
0.5776215686419647
0.5072652207919813
0.3001530286701803
0.4767513462716496
0.7029753760403848
0.47820438791547487
0.487479504894786
0.6060720525721035
0.44663388225934564
0.7891552996940945
0.4818456259105873
0.7688127166805399
0.5240997182920772
0.7615475084614132
0.5663538106735673
0.7630005501052385
0.59734014508666
0.7717187999681906
0.6043824938169082
0.8051387577761729
0.567762280419617
0.8211222158582515
0.5240997182920772
0.8225752575020768
0.4832540956566369
0.8269343824335529
0.44240847302119657
0.8254813407897276