0.13824806887672897
0.6273437889650563
0.210841040646094
0.7193143166700342
0.2640758866102951
0.7865235484544411
0.3237634411762174
0.8590387722218273
0.41410136160031613
0.9050240360743164
0.514118344926997
0.9244793400119077
0.606069442501526
0.9527779639211318
0.6915678314743338
0.9545466279154582
0.7544817403411168
0.8891060601253779
0.8173956492078998
0.8112848443750119
0.8625646094199492
0.7193143166700342
0.8835359123755435
0.6131944770104443
0.8883754438268345
0.49823131737922194
0.8738568494729615
0.38680548573665274
0.8383669521634942
0.2842229740657159
0.7883584605001538
0.18871511837208504
0.7286709059342314
0.1108939026217192
0.06081556565607293
0.4027234616855912
0.10598452586812229
0.39918613369693823
0.157606194681893
0.40979811766289714
0.2124542177965244
0.4221787656231827
0.2689154180615861
0.42394742961750914
0.35602698418482415
0.3019096140089809
0.38506417289257017
0.24177503820187998
0.41087500729945553
0.17456580641747307
0.4447517274584926
0.11796855859902519
0.470562561865378
0.05960264678625083
0.18180385193834803
0.5955078370671794
0.15599301753146266
0.5495225732146904
0.18986973769049967
0.5070746373508546
0.22858598930082769
0.46462670148701857
0.2640758866102951
0.4893879974075895
0.28988672101718044
0.5424479172373844
0.3189239097249264
0.5902018450841998
0.3173107325744961
0.6521050848856272
0.26730224091115573
0.6609484048572597
0.21890692639824572
0.6344184449423623
0.43184631025504994
0.35673819783310223
0.41087500729945553
0.27537965409408344
0.4479780817593532
0.21347641429265604
0.5157315220774272
0.17279714242314662
0.57703225379378
0.13388653454796365
0.6125221511032474
0.19578977434939104
0.6092957968023868
0.29306629403734835
0.591550848147653
0.3779621657650203
0.5350896478825913
0.4327907495891416
0.4624966761132263
0.40449212567991766
0.25439682370771305
0.5725152051409349
0.509278813475706
0.30014095001465435
0.452494977780558
0.5063082162866464
0.44636490460892286
0.7423069485962785
0.44959125890978363
0.6467990929026477
0.5157315220774272
0.5636718851693024
0.581871785245071
0.501768645367875
0.6673701742178787
0.5106119653395075
0.7125391344299281
0.5689778771522818
0.7351236145359527
0.6786350448005246
0.7109259572794977
0.790060876443094
0.6270407454571203
0.8519641162445214
0.5302501164313003
0.8095161803806855