0.055789686591419925
0.324621270626586
0.08000535391287562
0.4328985741155358
0.1027075420267403
0.5442259424914981
0.1450849598392877
0.6464031162064227
0.20713760735051784
0.7287548681557647
0.29491940139079464
0.8019564254440686
0.37664727860070746
0.8599076582973094
0.45837515581062027
0.9209089560375628
0.5355625953977603
0.9788601888908036
0.6233443894380369
0.9514096049076896
0.7126396626859048
0.9071836640460059
0.8019349359337725
0.8522824960797777
0.8776088963133214
0.7989063605570562
0.9487424190700974
0.716554608607714
0.988092878467463
0.6098023375622706
1.0077681081661458
0.4969499367428018
1.0107950665813275
0.3962977954713837
-0.0062629609198102025
0.09891646898764843
0.0603301242141929
0.14009234496231948
0.1314636469709689
0.18279325338049687
0.196543252897381
0.22701919424218053
0.2510285043706562
0.2620949404428263
0.47805038550930307
0.2575198431123073
0.5597782627192159
0.24989468089477557
0.6399926607215377
0.2331193240162059
0.7202070587238597
0.2148189346941299
0.7973944983109996
0.19194344804153488
0.09211318757360341
0.3375798335995846
0.1375175638013328
0.3787557095742556
0.20713760735051784
0.39858113133983797
0.28432504693765775
0.394006034009319
0.34789117365647887
0.366555450026205
0.34789117365647887
0.3703722439317761
0.28432504693765775
0.3978228279148901
0.20713760735051784
0.40239792524540907
0.1375175638013328
0.3825725034798267
0.09211318757360341
0.3413966275051557
0.5522108666812611
0.33072140040061127
0.6233443894380369
0.3139460435220416
0.7096127042707228
0.32004617329606694
0.7989079775185906
0.3261463030700923
0.8806358547285035
0.3368215301746366
0.8503662705766839
0.4084980550194344
0.7868001438578627
0.46644928787267514
0.7050722666479499
0.4969499367428018
0.6233443894380369
0.4694993527596878
0.5673456587571708
0.40697302257592805
0.21379691586391814
0.377004028662626
0.7020453082327679
0.3978228279148901
0.3827011954310714
0.5259255531694221
0.5204278033218506
0.7653556467999167
0.543129991435715
0.7653556467999167
0.5688591379647618
0.7729808090174484
0.5976152429089904
0.7775559063479673
0.6218309102304461
0.7867061010090055
0.624857868645628
0.8019564254440686
0.5991287221165814
0.8095815876616004
0.5673456587571708
0.8111066201051068
0.5416165122281242
0.8050064903310814
0.5264817201522143
0.7867061010090055