0.013040450290606603
0.4993448839771322
0.051632959953806346
0.5805797327487444
0.08700942714507275
0.6618145815203565
0.1288179792802058
0.7417391907956523
0.17866663759517215
0.8151126025893666
0.25745967815753823
0.864901703449387
0.34750886737167097
0.9042088883388768
0.4423821202937036
0.9474467917173154
0.5324313095078363
0.9841334976141726
0.6240885199579358
0.9448263127246829
0.7141377091720684
0.8950372118646623
0.8009708559142678
0.845248111004642
0.879763896476634
0.7902180521593565
0.9215724486117671
0.7142241613730096
0.9537328733311001
0.6251278756234995
0.9794612131065665
0.5321008713850403
1.000365489174133
0.4416943461392139
-0.011079868248893227
0.18619764435753042
0.07253723602137287
0.2359867452175508
0.16741048894340554
0.2805348880923058
0.2751479117531715
0.3198420729817957
0.37966929209100403
0.35259806038970376
0.6305206049018024
0.3486673419007547
0.7270018790598016
0.3106703965075813
0.8266991956897343
0.27398369061072425
0.9312205760275669
0.23860722421018346
1.0228777864776661
0.1953693208317447
0.06771317231347289
0.4050076402423568
0.13042600051617245
0.3670106948491833
0.22047518973030517
0.35652877887865275
0.31856448512427116
0.37487213182708123
0.3651971009673042
0.42204075369446903
0.3619810584953708
0.4954141654881832
0.3057003152365379
0.5517544638297852
0.22208321096627182
0.5687875772818974
0.13846610669600573
0.5412725478592546
0.09183349085297272
0.47838105203607095
0.6498168597334022
0.41548955621288736
0.7012735392843352
0.3591492578712854
0.7913227284984679
0.3486673419007547
0.8845879601845339
0.36570045535286705
0.9633810007469001
0.3958359637681425
0.9408687034433669
0.4678991360655404
0.8845879601845339
0.5294803923924076
0.8009708559142678
0.5569954218150506
0.7125296879361018
0.5399623083629383
0.6594649871492022
0.48100153102870363
0.23173133838207174
0.47576057304343833
0.8138350258020011
0.46003769908764247
0.5083109909683365
0.579269493252428
0.4460630102838503
0.7748120733375534
0.4652372772975493
0.733793959431362
0.5209339576706749
0.7285255778287321
0.5782284936282752
0.7352992113178278
0.606076833814838
0.773683134422704
0.6051637734808524
0.8192170039882926
0.584163385799182
0.857977240064785
0.5273253800085744
0.8700192551565109
0.47459614572090236
0.8564719881783193
0.4440086245323826
0.8158301872437445