0.164988703581671
0.30951316303431686
0.1561459215567601
0.41730804661819276
0.15488266698177283
0.5251029302020687
0.17383148560658196
0.6269912448224444
0.2079393591312383
0.7200197059975701
0.2508900146808055
0.7968051025230707
0.3026834522552837
0.8632540033624463
0.3544768898297619
0.9208430507565718
0.4138498548541637
0.9740021714280723
0.48964512935340004
0.9548058222966971
0.5629138947026618
0.9164131240339467
0.6361826600519237
0.8765437835303214
0.7132411891261473
0.8351978007858211
0.772614154150549
0.7702255421873206
0.8130383005501418
0.6875335766983199
0.8521991923747473
0.6077948956910693
0.897676357074289
0.5413459948516937
0.3544768898297619
0.09097011138481509
0.40248056367927826
0.16775550791031574
0.4643800378536546
0.23863433547231627
0.5325957849029672
0.3080365207934419
0.6046012956772419
0.35233578801969223
0.7688243904255871
0.43207446902694285
0.8269341008750017
0.40254162420944267
0.8812540475994545
0.3730087793919424
0.9368372488988944
0.3316627966474421
0.9848409227484108
0.2932700983846917
0.30394670683027103
0.29622338286644173
0.36205641727968557
0.27702703373506665
0.42900890975401096
0.3050832363116919
0.4946981476533491
0.3346160811291921
0.5427018215028655
0.3966350552459426
0.51743673000312
0.446840891435693
0.4517474921037819
0.4808036629758183
0.3822684904794819
0.5000000121071934
0.32163227088009283
0.46013067160356813
0.30394670683027103
0.3833452750780675
0.7233472257260455
0.4867102319393183
0.7498755718007781
0.44388760695394297
0.8016690093752563
0.4232146155816928
0.8597787198246708
0.43207446902694285
0.8888335750493781
0.446840891435693
0.8534624469497345
0.5029532965889434
0.8130383005501418
0.5442992793334437
0.7662978812756127
0.584168619837069
0.7132411891261473
0.5930284732823192
0.71197793455116
0.5369160681290687
0.3683726901546219
0.38039199059631745
0.7675611358505999
0.5059065810706934
0.6437621875018473
0.6447109517129446
0.4327986734789728
0.8174780938953209
0.4504842375287946
0.8160014516544459
0.4706963107285909
0.8160014516544459
0.4883818747784128
0.820431378377071
0.50354092967826
0.8248613050996961
0.5022776751032728
0.8351978007858211
0.48459211105345096
0.8381510852675712
0.46564329242864183
0.8396277275084462
0.44922098295380736
0.8337211585449461
0.43406192805396
0.827814589581446