0.1068435545696768
0.6519301351906137
0.16677545326858098
0.7247445854505314
0.2217130270759098
0.7905576462623801
0.281644925774814
0.854970429184615
0.3565597991484442
0.9053804332107119
0.4414633223052252
0.9347862688926019
0.5338583327993691
0.9431879362302845
0.6175132747332562
0.9655923824641054
0.6999196354442494
0.9907973844771538
0.7698401839263044
0.9487890477887398
0.8247777577336332
0.8703734859703669
0.8834610752096436
0.7919579241519941
0.9271614180109279
0.7037404171063245
0.9546302049145922
0.6085215206125859
0.9721103420351059
0.5091017904500059
0.9733589232579998
0.402680670839357
0.9521330424688046
0.3158634416833012
0.09310916111784459
0.5147029020084611
0.13181517902755355
0.48389678843695755
0.1642782908227933
0.4390878959693158
0.18924991528067006
0.3872776140536051
0.20548147117828994
0.3354673321378945
0.37778567993763945
0.2164437115207213
0.44021474108233133
0.23604760197531452
0.5088867083414924
0.2374478798649283
0.5750615131548658
0.2262456567480179
0.6374905742995577
0.2108425999622661
0.174266940605944
0.6299897962118732
0.21297295851565298
0.5977834047507558
0.2579218825398311
0.5697778469584798
0.31036229390137227
0.5599759017311831
0.36030554281712573
0.5627764575104108
0.36030554281712573
0.5651129060345581
0.31036229390137227
0.5623123502553303
0.2579218825398311
0.572114295482627
0.21297295851565298
0.600119853274903
0.174266940605944
0.6323262447360205
0.5912930690524857
0.47595922835435506
0.6299990869621946
0.4017445002048235
0.6911795668839926
0.355535329847568
0.764845859034729
0.3317306057241334
0.8410093136312531
0.33593143939297476
0.8410093136312531
0.33826788791712203
0.764845859034729
0.33406705424828065
0.6911795668839926
0.3578717783717153
0.6299990869621946
0.40408094872897077
0.5912930690524857
0.47829567687850233
0.2631659236759852
0.585228905694614
0.7036653791129309
0.38134844496684456
0.48766082755229717
0.6477293015217723
0.5825530004922287
0.8204275891993503
0.6125189498416809
0.7840203640693915
0.6537221301971775
0.7574150841667292
0.6999196354442494
0.7406117494913637
0.7486143031371092
0.7364109158225222
0.7486143031371092
0.7387473643466694
0.6999196354442494
0.7429481980155109
0.6537221301971775
0.7597515326908765
0.6125189498416809
0.7863568125935387
0.5825530004922287
0.8227640377234976