0.02100579470198677
0.48860310922247296
0.06503518211920534
0.5726551649697273
0.1090645695364239
0.6595564429457023
0.15883692052980136
0.7407592764642362
0.23349544701986757
0.8048667766104471
0.32346854304635764
0.8647004434135773
0.41535596026490074
0.9245341102167077
0.5129863410596027
0.967272443647515
0.6201883278145697
0.9316571657885089
0.7197330298013246
0.8946172768151427
0.7924772350993379
0.8290851655545713
0.8460782284768213
0.7493069431503977
0.8805360099337749
0.6595564429457023
0.9111651490066226
0.5683813316266467
0.9341370033112584
0.47150777585015
0.9417942880794703
0.3746342200736535
0.9149937913907287
0.28630833098331826
0.009519867549668909
0.32619744218540514
0.04397764900662254
0.3404435533290076
0.09183567880794707
0.3504158311295293
0.13969370860927155
0.35896349781569076
0.1856374172185431
0.3646619422731317
0.3751552152317882
0.29485599766947973
0.4632139900662252
0.26066533092483385
0.5397868377483445
0.2036808863504241
0.6201883278145697
0.16094255291961682
0.6986754966887418
0.1125057750313685
0.07269246688741726
0.4515632202491066
0.05929221854304639
0.4159479423901005
0.1243791390728477
0.3974279979034174
0.19138038079470204
0.3888803312172559
0.23732408940397354
0.4259202201906222
0.25838162251655633
0.4572616647065476
0.25455298013245037
0.5056984425947959
0.21243791390728484
0.5470121649112429
0.1550082781456954
0.5441629426825225
0.11097889072847689
0.5071230537091561
0.4727855960264902
0.3375943311002871
0.4995860927152319
0.2820344976402376
0.576158940397351
0.23502233086634947
0.673789321192053
0.22077621972274705
0.7656767384105961
0.21365316415094585
0.7675910596026492
0.2834591087545978
0.7388762417218544
0.3504158311295293
0.6757036423841061
0.40312644236085826
0.585730546357616
0.43304327576242346
0.5053290562913908
0.40312644236085826
0.15883692052980136
0.4700831647357898
0.5953021523178809
0.3347451088715666
0.23923841059602652
0.5484367760256033
0.36749793046357626
0.7421838875785964
0.3636692880794703
0.669528720746224
0.45364238410596036
0.6296396095441372
0.5627586920529802
0.605421220600013
0.6316742549668876
0.6453103318021
0.6661320364238411
0.7065686097195903
0.6546461092715233
0.7891960543524844
0.589559188741722
0.8490297211556148
0.486185844370861
0.8590019989561364
0.4076986754966888
0.8105652210678882