0.0016211369136557977
0.382090418864757
0.025834713794216993
0.4817520965057246
0.06753587397740575
0.5842211453478462
0.10116584186707404
0.6866901941899678
0.1442122007658495
0.7807371294286274
0.2114721365451862
0.8439029814545929
0.29621965562715036
0.8986467198770961
0.38365757214028806
0.9491794014978684
0.4858926745248798
0.9744457423082546
0.585437379478298
0.9435646590955604
0.6755656934226091
0.8972430342765192
0.7589680137889866
0.8368845534517079
0.82757314828391
0.7652965878222804
0.8665839110359252
0.6698459669830438
0.8961782827788335
0.5645695469397681
0.928463051952915
0.46069681249706945
0.9567122249802363
0.3554203924537938
0.09982064315148732
0.10696804115166329
0.167080578930824
0.12381226835858743
0.23837611085692084
0.14627123796781955
0.30563604663625754
0.17855600678109074
0.36347959140648706
0.22628131720070904
0.5961989692029919
0.2501439724105182
0.6526973152576347
0.19680391958859184
0.7239928471837316
0.15750072277243565
0.7993239752565886
0.12100489715743341
0.8719647058982722
0.09152749954531622
0.08636865599561999
0.3357687940457157
0.14690259819702298
0.27400662762032735
0.22895971984781374
0.24452923000821017
0.31236204021419123
0.2529513436116722
0.3648247901220738
0.3217319380399456
0.36213439269090036
0.4045493884739892
0.3110168414986044
0.47754103970399353
0.22626932241664027
0.5000000093132257
0.1482477969126097
0.4635041836982235
0.08636865599561999
0.40595307407456616
0.6136865525056195
0.3189245668387916
0.6567329114043949
0.25575871481282625
0.7414804304863591
0.2375108020053251
0.8208471547059764
0.2655845140168652
0.888107090485313
0.31752088123821465
0.8786906994762058
0.3947235892699501
0.8221923534215632
0.4550820700947614
0.746861225348706
0.4971926381120717
0.6648041036979152
0.47473366850283955
0.6204125460835531
0.4031457028734121
0.24644730315044122
0.3708609340601409
0.7387900330551858
0.35963144925552487
0.4751310848001859
0.5098258085172648
0.31505243764536467
0.711956535000354
0.39038356571822175
0.6473869973738117
0.4979994629651604
0.6319464557674646
0.605615360212099
0.6375611981697725
0.686327283147303
0.6852865085893909
0.6796012895693694
0.7891592430320895
0.6123413537900326
0.8621508942620939
0.504725456543094
0.883206178270749
0.3984547580117421
0.8789951214690179
0.32312362993888505
0.8116182126413216