0.010607394336423619
0.257748100560668
0.023845988825263783
0.36849181558783545
0.04671265203326042
0.4855277871506375
0.0719863324210462
0.6000468560991856
0.11170211588756668
0.7007229606693379
0.17909859692166208
0.7749715877898252
0.24890209513554654
0.8441864096818048
0.3211126105292202
0.9184350368022922
0.4005441774622612
0.9838745047728912
0.5088599505527717
0.9675146377802414
0.6075476549241255
0.9121427802666576
0.7026248335257957
0.8542540201388201
0.7928879777678879
0.7963652600109825
0.855470424442405
0.7044983145907187
0.9036107680381874
0.6050806613276933
0.9505476030440753
0.5006292028361603
0.9854493521510175
0.3848516825804852
0.11410913306735582
0.012350095670921855
0.18030210551155665
0.0714973071058863
0.2549196380850194
0.13064451854085077
0.3295371706584821
0.1897917299758152
0.4005441774622612
0.24768049010365278
0.6147687064634929
0.28165867539607914
0.6990143077561122
0.24893894141077968
0.7844634176386259
0.21621920742548018
0.8638949845716669
0.1872748273615614
0.9433265515047079
0.16336425252615022
0.0960127396920141
0.20671636868001386
0.16761973583561454
0.20289405254111462
0.2500762768494575
0.2074808319077937
0.32602309094115495
0.23805936101898761
0.3802708152923674
0.30112757731082496
0.36746835234548125
0.36878257296934147
0.2975972833811196
0.40853466081389356
0.21644268775170578
0.4050945762888843
0.1391939282755792
0.37604497363325
0.10360742110118383
0.3015098089247149
0.6463919321703775
0.334636548795175
0.7105347899821371
0.2946002374428586
0.7932697804929577
0.2941788025865185
0.8715891394877513
0.31145763169646556
0.924111914362598
0.3708799464404299
0.9006393468300337
0.44378817658727965
0.8432361371216835
0.4998390124805226
0.7574799250472657
0.5061605353256251
0.6786957627349957
0.496046098773461
0.6496455553927131
0.41765921549418894
0.23566350064670638
0.2904678345459675
0.7676142973801021
0.3773009747377238
0.4871967959346695
0.5635517681925054
0.3753119973706786
0.7319325530860853
0.41785810103826143
0.7285844872829383
0.45985640079596124
0.7342504447959562
0.5009416940371894
0.743779555158759
0.5403835755487684
0.7587170795112606
0.5392879677290022
0.779578104900099
0.4971070666680081
0.7751998650036762
0.45529136821360255
0.7664433852108303
0.4138408723657858
0.7600047971278555
0.3714773700014973
0.7543388396148376