0.059771161073115676
0.4426368575905004
0.08998533976048427
0.53520012514308
0.11333265965526913
0.6251559767082631
0.14629358185967123
0.7098969962986528
0.20260182395885817
0.7776898119709647
0.2726437836432127
0.83505296369369
0.34543248684460065
0.8872012834416222
0.42096793356302215
0.9497792671391408
0.5019968673155107
0.9954090469185815
0.5871459163435495
0.9615126390824256
0.6709215936130715
0.9132754433155883
0.75195052736556
0.8663419555424492
0.8233658588084313
0.8168010517819138
0.8920344467342689
0.7555267760780934
0.935982343006805
0.6746968804687985
0.9785568675208245
0.5938669848595036
1.0060243026911595
0.5039111332943207
0.11195928789675237
0.09454682327305311
0.16552078647890575
0.08542086731716496
0.22320240033660949
0.08542086731716496
0.2767638989187629
0.09454682327305311
0.3234585387083326
0.10758390321003616
0.6379606714086693
0.13887289505879544
0.6970156570248898
0.12453210712811412
0.7643108731922108
0.12453210712811412
0.8274859740839815
0.14148031104619208
0.8741806138735512
0.1597322229579683
0.12569300548191992
0.46950683921522096
0.17376101703000632
0.42126964344838363
0.23693611792177705
0.4043214395303057
0.3028579623305812
0.435610431379065
0.3440591150860839
0.4721142552026175
0.3440591150860839
0.47392584943925964
0.3028579623305812
0.43742202561570714
0.23693611792177705
0.4061330337669478
0.17376101703000632
0.42308123768502576
0.12569300548191992
0.4713184334518631
0.6201068385479516
0.37745145790558515
0.6516943889938369
0.3331253861198428
0.7395901815389092
0.30965864223327333
0.8233658588084313
0.3565921300064123
0.8714338703565176
0.42308123768502576
0.8824208444246517
0.5013037173069241
0.8261126023254647
0.5573631610359512
0.7354700662633589
0.5638817010044427
0.657187876027904
0.5378075411304766
0.6310938126160857
0.45958506150857836
0.23666144357007368
0.4414703188734397
0.7395901815389092
0.45958506150857836
0.4278347923556059
0.5625779930107443
0.3797667808075195
0.7333637401852222
0.42920816411412266
0.6981636243553679
0.5006234955569939
0.6981636243553679
0.5720388269998652
0.7138081202797477
0.628347069099052
0.7516156520969985
0.6310938126160857
0.818104759775612
0.5747855705168986
0.8533048756054662
0.5033702390740273
0.8559122915928629
0.4319549076311561
0.8415715036621815
0.3797667808075195
0.7959417238827408