0.1635750147189509
0.4648563699431032
0.15463436515018697
0.5451846682803788
0.1671512745464565
0.6375622113682455
0.2029138728215123
0.7158823022470894
0.2529815104065904
0.7781367334584777
0.30662540781917413
0.8363747497530025
0.376362474455533
0.8725224840047765
0.45146393083315023
0.9026455958812548
0.5390822966070369
0.9086702182565506
0.6052431034158903
0.9026455958812548
0.666039520483485
0.8564568243373215
0.7232596777235744
0.8062516378765242
0.7661747956536414
0.739980791748272
0.7894204845324277
0.6536278710357009
0.8090899135837084
0.5612503279478339
0.8269712127212362
0.4668645774015351
0.8394881221175059
0.3744870343136682
0.10814298739261446
0.1676416660951837
0.15463436515018697
0.16362525117831997
0.2082782625627707
0.16161704371988808
0.26013403006160163
0.15760062880302428
0.30841353773292696
0.15358421388616048
0.5033196983319811
0.14153496913556915
0.5480229461758009
0.14354317659400107
0.5909380641058678
0.14555138405243295
0.6374294418634405
0.14956779896929676
0.6785564298797546
0.15559242134459236
0.19218509333899558
0.45079891773408
0.2082782625627707
0.38653627906425964
0.26728654971661275
0.3624377895630769
0.31735418730169096
0.3985855238148509
0.3352354864392188
0.4628481624846713
0.34417613600798286
0.5251025936960598
0.3405998761804772
0.5973980621996078
0.2887441086816463
0.6235047591592224
0.2458289907515793
0.5753077801568571
0.21721891213153463
0.5170697638623324
0.5372941666932841
0.3985855238148509
0.556963595744565
0.32629005531130295
0.6356413119496878
0.33231467768659856
0.7018021187585409
0.3523967522709175
0.7393528469473496
0.41063476856544223
0.7518697563436191
0.4769056146936945
0.7232596777235744
0.5512092906556744
0.658887000828474
0.5853488174490166
0.5998787136746319
0.5451846682803788
0.5659042453133288
0.4809220296105583
0.2833797189403879
0.4708809923183989
0.6392175717771932
0.4447742953587844
0.4999818558263093
0.5704211420080062
0.47649774962568925
0.7801449409169097
0.5247772572970146
0.756046451415727
0.5748448948820928
0.7359643768314081
0.6267006623809237
0.7239151320808168
0.6714039102247434
0.7359643768314081
0.6678276503972378
0.7620710737910227
0.6356413119496878
0.8042434304180924
0.5855736743646096
0.8223172975439794
0.5283535171245202
0.8243255050024113
0.4800740094531949
0.8082598453349561