-0.014637460127250843
0.39379215191753686
-0.01613177160195858
0.49046851204251807
-0.007165902753712125
0.5871448721674992
0.02720326116456594
0.6715664824174827
0.08099847425404466
0.7342018706674706
0.14525386766647758
0.7913907034174594
0.2050263266547873
0.8526644527924475
0.2633044741683892
0.9139382021674355
0.33054849053023766
0.9670421182924253
0.42767873638624093
0.9561490072924272
0.5113601789698744
0.9166614799174351
0.5965359330282157
0.870365758167444
0.6727458182383106
0.8281549530424522
0.7414841460748667
0.7764126757924623
0.7848191788413913
0.6987992599174774
0.8281542116079158
0.6184625662924931
0.8699949328997326
0.5449340670425074
0.028697572639273677
0.18273812629257802
0.11237901522290723
0.21677909816757143
0.19755476928124857
0.25218170891756453
0.27525896596605115
0.29711579179255576
0.3454916052773151
0.3447731524175464
0.5352691625651983
0.39515379079253665
0.6040074904017545
0.3570279022925441
0.6817116870865572
0.33660331916754804
0.7668874411448984
0.31617873604255203
0.8430973263549932
0.30664726391755387
0.0824927857287524
0.3529429856675449
0.13329937586881566
0.3338800414175486
0.21100357255361823
0.3447731524175464
0.28273052333958987
0.3733675687925409
0.32307693315669894
0.4251098460425308
0.3036508839854983
0.48229867879251964
0.25732722826955823
0.5258711227925111
0.17962303158475568
0.5245094839175114
0.10789608079878403
0.49046851204251807
0.08847003162758338
0.42919476266753
0.5576838346858145
0.4605124567925239
0.6099847363005855
0.4373645959175284
0.693666178884219
0.4237482071675311
0.763898818195483
0.43600295704252867
0.804245228012592
0.4673206511675226
0.7743589985184371
0.5326793171675098
0.7295296542772048
0.5803366777925005
0.659297014965941
0.6062078164174955
0.5920529986040926
0.5844215944174997
0.5651553920593532
0.5245094839175114
0.21399219550303372
0.4400878736675279
0.6727458182383106
0.510893095167514
0.40825268721504027
0.5708052056675024
0.27227034301663566
0.7205854819174732
0.3185939987325757
0.6729281212924826
0.40675837574033247
0.6770130379174818
0.4814739494757196
0.701522537667477
0.5158431133939977
0.7573497315424661
0.49492275274808933
0.8254316752924528
0.45009340850685703
0.8826205080424417
0.3619290314991002
0.901683452292438
0.30215657251079053
0.870365758167444
0.26928172006722023
0.7981988977924581