0.1084170048125088
0.418582010523891
0.13322177110239863
0.500000009778887
0.16585962148383257
0.5899883247449352
0.19327541580423713
0.6785482537591415
0.2259132661856711
0.7671081827733477
0.2820503688417375
0.8299571646543972
0.3577701817266643
0.8756655151133423
0.4321844805963337
0.9256590234278136
0.5039877514354885
0.9742241457904428
0.5888461624272168
0.94422804080176
0.6567328912205994
0.8885209886799206
0.72070307796821
0.8171016910878189
0.7833677507005631
0.7471107794475591
0.8160056010819972
0.6585508504333529
0.8381993393413721
0.5614206057080945
0.8616985916160047
0.4642903609828361
0.881281301844865
0.36858850220941974
0.1542418804172972
0.19373039038171072
0.19451869192092378
0.23192228536649045
0.2549339091763636
0.27598985650277486
0.3220619283490745
0.31711958956330694
0.3851622663714228
0.3523736464723344
0.5959442465737351
0.32299526571481146
0.6483041015284497
0.29949256110879313
0.7100618791673438
0.2583628280482611
0.7691345360393294
0.21723309498772905
0.8188092702271356
0.17904120000294926
0.1676674842518394
0.3920344604949903
0.20257405422164906
0.3567804035859628
0.26567439224399736
0.3450290512829537
0.33145985103325404
0.3509047274344583
0.3784494644541518
0.3935033795328665
0.3784494644541518
0.44932230297215997
0.3395152133339793
0.5036723073735774
0.2790999960785395
0.5227682548659672
0.21331453728928282
0.5154236596765865
0.17840796731947312
0.45960473623729303
0.6175674707628787
0.3571614145946835
0.6632604612968862
0.31859499389494855
0.7220085919834672
0.30859629223205426
0.7833677507005631
0.31573822199126444
0.8329772832803428
0.3443059410281052
0.8277552272193134
0.4042981510054707
0.793811862822622
0.4528632733680999
0.7363692461512982
0.46857551883836224
0.6776211154647171
0.4528632733680999
0.6319281249307096
0.4128684667165229
0.29252559991308175
0.4052547318358756
0.7194598018515234
0.37293851300260045
0.49525221781466877
0.47429392661605446
0.3838804620318115
0.6814050256628255
0.4400175646878779
0.622841201637302
0.5327090597711504
0.6114141140225658
0.6240950408391653
0.6028437983115136
0.6828431715257466
0.6656927801925631
0.6932872836478053
0.7613946389659795
0.6410667230375111
0.8342423225099234
0.5483752279542387
0.8456694101246596
0.45437821885570884
0.8413842522691334
0.38910251809284085
0.7785352703880839