0.09610752389680645
0.46679249093587694
0.12811106634955266
0.5242325033924873
0.15634948616079922
0.6121875224666719
0.18647046729279565
0.6965525407623182
0.24482986823603867
0.7557875536081975
0.3201323210660296
0.8114325656755388
0.39543477389602055
0.86707757774288
0.46132442012226266
0.919132589031683
0.549804802197502
0.9478525952599883
0.642050306914241
0.915542588253145
0.7286481276687307
0.8760525796892255
0.7983028965364724
0.8239975684004224
0.8547797361589654
0.7611725547760049
0.8980786465362104
0.6803975372588965
0.9187868210644579
0.5852625166276357
0.9225519437059574
0.4811524940500295
0.9225519437059574
0.3878124738080378
0.09799008521755623
0.15087242242452029
0.1243459437080531
0.1347174189210987
0.16387973144379833
0.12574241697475333
0.20529608050029344
0.12753741736402238
0.23918218427378932
0.143692420867444
0.4726197880467613
0.16164242476013474
0.542274556914503
0.14010242008890583
0.6232246937067433
0.14010242008890583
0.7041748304989837
0.1490774220352512
0.7644167927629764
0.18138742904209454
0.09799008521755623
0.42909748276122645
0.13187618899105222
0.3734524706938852
0.192118151255045
0.34114246368704193
0.250477552198288
0.36447746874753995
0.2862462172925337
0.39140247458657595
0.28436365597178387
0.4739724924929532
0.2674206040850359
0.5332075053388327
0.20341351917954364
0.5529525096207926
0.14693667955705034
0.5260275037817563
0.10552033050055533
0.4739724924929532
0.4726197880467613
0.37704247147242337
0.517801259744756
0.34832246524411825
0.5949862738954967
0.33396246212996566
0.666523604083988
0.3465274648548492
0.6872317786122355
0.4021724769221904
0.6872317786122355
0.4632024901573388
0.6646410427632382
0.5206425026139492
0.600633957857746
0.542182507285178
0.5309791889900043
0.5080774998890657
0.48956283993350924
0.4614074897680698
0.20906120314179288
0.45063748743245535
0.583690905970998
0.4201224808148811
0.4465776897763894
0.5431398408261214
0.4349685616317659
0.7396325501047759
0.49144540125425906
0.7198875458228162
0.5516873635182518
0.7019375419301255
0.6138118871029943
0.691167539594511
0.6552282361594894
0.716297545044278
0.6627584814424885
0.7593775543867357
0.6156944484237442
0.7952775621721172
0.5554524861597513
0.813227566064808
0.48956283993350924
0.8150225664540769
0.4481464908770143
0.7791225586686956