0.00200939607533071
0.527784872777497
0.030339050602176086
0.5882577906356545
0.06520631771213962
0.6519995148645233
0.11968642257145765
0.7157412390933922
0.18070414001389387
0.7696765442101272
0.24825947003944826
0.8154398334000844
0.32671082103686616
0.8579343162193303
0.4008037636455387
0.8987943958532206
0.48361352303170213
0.9265792500042659
0.5773193033897293
0.9036976054092875
0.6514122459984018
0.8661063321461083
0.7276843928014469
0.8252462525122181
0.7995981312157466
0.7811173665076165
0.8693326654356739
0.7337196741323039
0.9259919744893645
0.6748811594595018
0.969576058376819
0.6078706288599218
0.9957265087092917
0.5375912918896306
0.054310296740276036
0.28262439497415526
0.10443199321084863
0.27118357267666604
0.1589120980701666
0.26954916949131036
0.21775061131823015
0.27118357267666604
0.26569310359443005
0.27772118541808843
0.5184807901416656
0.24176431534026505
0.58603612016722
0.23522670259884257
0.6579498585815199
0.233592299413487
0.7255051886070741
0.23849550896955382
0.782164497660765
0.2548395408231099
0.08917756385023957
0.4803871804021842
0.13494085193206673
0.43462389121222705
0.20467538615199382
0.40847344024653737
0.2678723077888027
0.43625829439758274
0.3092771874818844
0.4967312122557403
0.3310692294256116
0.5686449524113872
0.29620196231564805
0.6127738384159886
0.21121299873511198
0.619311451157411
0.14583687290393027
0.5833545810795877
0.09789438062773047
0.5359568887042749
0.5751400991953565
0.4575055358072057
0.6165449788884382
0.40683903706118174
0.6928171256914833
0.40520463387582606
0.7669100683001558
0.4280862784708047
0.8366446025200831
0.46894635810469487
0.8453614192975738
0.5457633078164086
0.7887021102438831
0.5882577906356545
0.6993547382746015
0.6144082416013442
0.6209033872771835
0.5849889842649433
0.5903945285559655
0.5228816632214301
0.2591554910113118
0.5392256950749861
0.718967576023956
0.5228816632214301
0.4051621720342842
0.6634403371620127
0.4008037636455387
0.7468904166844228
0.437850234949875
0.7665032549086901
0.49015113561482027
0.774675270835468
0.5489896488628838
0.7714064644647569
0.5925737327503382
0.7550624326112008
0.5925737327503382
0.7598701250979936
0.5489896488628838
0.7762141569515497
0.49015113561482027
0.7794829633222609
0.437850234949875
0.7713109473954829
0.4008037636455387
0.7516981091712156