0.01604798431847466
0.39511841434417966
0.030817939116564014
0.4900787824160413
0.04230568173730017
0.5850391504879029
0.06692227306744912
0.6757475617804275
0.11779656181642352
0.7565347405878321
0.19821076016157668
0.8160621354985513
0.29339491330481915
0.864250978997705
0.39186127862541487
0.9053532278646301
0.4886865378573339
0.9422035199522183
0.5904351153552828
0.9223610549819785
0.6659259954344062
0.8614163411448137
0.751263512045589
0.8132274976456598
0.8300366043020656
0.752282783808495
0.8644998321642741
0.6644090103688619
0.8923986356717762
0.5737005990763373
0.9153741209132487
0.48440950671025856
0.9481962426867805
0.40503964682929955
0.17195306274275116
0.23212673780292473
0.23595620020113836
0.2548038406260558
0.29011270112746596
0.2944887705665353
0.34919252031982334
0.32425246802189495
0.40991344560085735
0.3313390626541234
0.6429505101929338
0.34692957084502607
0.7020303293852913
0.31149659768388366
0.767674572932355
0.27748094344918695
0.8300366043020656
0.23637869458226177
0.8759875747850103
0.18393789430377105
0.10959103137304056
0.36818935474171155
0.17687638100878095
0.3540161654772545
0.26221389761996383
0.34692957084502607
0.342628095965117
0.3440949329921346
0.4017079151574744
0.3724413115210486
0.3770913238273255
0.43196870643176777
0.3360636716104107
0.49433073919537845
0.2589316854426107
0.5113385663127268
0.17851748709745754
0.49574805812182404
0.1358487287918661
0.43622066321110486
0.6281805553948445
0.35968544118303736
0.6806959502324956
0.3554334844037002
0.751263512045589
0.3568508033301459
0.8234721799473592
0.3554334844037002
0.8579354078095678
0.39370109541773407
0.8546531956322146
0.43763798213755056
0.8169077555926529
0.4815748688573671
0.7545457242229423
0.4971653770482698
0.6954659050305849
0.46881899851935593
0.662643783257053
0.4192128360937565
0.2999593376595255
0.4206301550202022
0.7709567851097082
0.42629943072598503
0.5756651605571934
0.5595274098118804
0.36560358120658937
0.7522765124858116
0.4230422943102702
0.76928433960316
0.4903276439460105
0.7749536153089427
0.5592540996704275
0.7749536153089427
0.6084872823307254
0.7536938314122573
0.6084872823307254
0.7565347405878321
0.5592540996704275
0.7777945244845175
0.4903276439460105
0.7777945244845175
0.4230422943102702
0.7721252487787348
0.36560358120658937
0.7551174216613864