0.07563806908353173
0.3956608837562927
0.10865143847201535
0.4846969423332471
0.14016420016102246
0.5723418124949367
0.17017635415055296
0.6641602479024207
0.21969640823327843
0.7448491759877857
0.29772800860605786
0.7963231473525874
0.3757596089788373
0.8436235534715945
0.45679242475056975
0.8923151480058664
0.5288215943254432
0.946571496201198
0.624860487091941
0.9270948583874892
0.7118957336615795
0.8853592059295419
0.7854255109359294
0.8283204809036804
0.8469504266144671
0.7629346253862296
0.9069747345935282
0.6836368857161296
0.9669990425725893
0.597383203969705
1.0105166658574085
0.5055647685622208
1.0360269967485094
0.4151375215700015
0.06663442288667258
0.10212012813539628
0.12665873086573368
0.15081172266966816
0.19868790044060702
0.19532975195814536
0.2737182854144334
0.2356742160008278
0.3472480626887833
0.2774098684587752
0.5288215943254432
0.27880105687404017
0.6203586639935114
0.23845659283135767
0.7088945182626264
0.19393856354288047
0.8004315879306947
0.14942053425440327
0.8814644037024271
0.10351131655066118
0.14616663095892854
0.4361835578852281
0.18068060804688868
0.3861007749356913
0.23020066212961407
0.34992987613880355
0.2992286163055343
0.358277006630393
0.35625170888564245
0.3888831517662211
0.35625170888564245
0.391487318510498
0.2992286163055343
0.3608811733746699
0.23020066212961407
0.35253404288308043
0.18068060804688868
0.38870494167996816
0.14616663095892854
0.438787724629505
0.59935015620084
0.40557741274940007
0.6518714256825184
0.3541034413845983
0.735905456853204
0.3415827456472141
0.8169382726249365
0.3721888907830421
0.8559540728113262
0.4125333548257246
0.8559540728113262
0.4151375215700015
0.8169382726249365
0.374793057527319
0.735905456853204
0.34418691239149096
0.6518714256825184
0.3567076081288752
0.59935015620084
0.40818157949367695
0.24250564526532162
0.38517695684340586
0.7320038768345651
0.3784992524501343
0.4177766245641801
0.5194766527148699
0.40277054756941477
0.6711161899787452
0.45529181705109323
0.6293805375207979
0.5498301021181146
0.6265981606902681
0.6458689948846122
0.6265981606902681
0.7058933028636734
0.676680943639805
0.7058933028636734
0.7657170022167593
0.6473696025840888
0.8338852345647402
0.5558325329160205
0.8533618723784488
0.4672966786469055
0.818582161996826
0.41177419376627394
0.7462403644030506