0.33105893339961767
0.865882568115833
0.3931143662581841
0.899271090082191
0.4686601106077432
0.928486046802754
0.5549981041500965
0.931268423633284
0.6440341599906483
0.9243124815569594
0.7330702158312002
0.9215301047264295
0.8113140224789579
0.897879901666926
0.8774165487848221
0.8589266260395084
0.9354248881960908
0.8074526546747067
0.957009386581679
0.723981349758812
0.9597074488798777
0.6321629143513279
0.9556603554325799
0.5403444789438436
0.9381229504942893
0.45409079719741907
0.9003500783195096
0.37896662277311377
0.8490868946537375
0.31636314408619276
0.801870804435263
0.2523684769840068
0.7573527765149871
0.18976499829708574
0.14354360367481905
0.7295461034198717
0.21369322342798108
0.708678277190898
0.29058799892663956
0.6822456973008646
0.3661337432761987
0.6530307405803015
0.4308872384329636
0.6307717259360629
0.5347626369136075
0.4693938697653331
0.5482529484046001
0.38174899960364356
0.5482529484046001
0.2913217526114243
0.5482529484046001
0.1995033172039401
0.542856823808203
0.11185844704225063
0.3445492448906104
0.8618872129562912
0.37557696131989354
0.8145868068372841
0.4066046777491768
0.7645040238877474
0.43898142532755924
0.7185948061840053
0.46596204830954463
0.6726855884802632
0.46596204830954463
0.67528975522454
0.43898142532755924
0.7211989729282822
0.4066046777491768
0.7671081906320243
0.37557696131989354
0.817190973581561
0.3445492448906104
0.8644913797005681
0.5536490730009972
0.4443524782905646
0.5806296959829826
0.3859225648494384
0.617053537008663
0.3233190861625173
0.652128346885244
0.2676715495519208
0.6925992813582221
0.22037114343291378
0.7290231223839023
0.24541253490768222
0.7384663404275973
0.31914552091672255
0.7101366862965126
0.3803578111883787
0.6642696272271373
0.4304405941379155
0.6184025681577622
0.4610467392737436
0.40633487151935693
0.7677537710412567
0.6399870665433506
0.35392523129834536
0.6453831911397476
0.6488571753345068
0.7627489011113842
0.8338852345647402
0.7964746798388659
0.7615434369709646
0.8248043339699507
0.676680943639805
0.8531339881010352
0.6015567692154997
0.8828126733812193
0.5459092326049032
0.9178874832578002
0.5570387399270225
0.925981670152396
0.646074798503977
0.9165384521087009
0.7351108570809313
0.8828126733812193
0.8032790894289119
0.8302004585663476
0.8352764229800049