0.05760384691301968
0.4186109986043114
0.08995574817091027
0.49663680964218254
0.12671927232760408
0.5867700741169647
0.16789441938310118
0.671522248175342
0.2149517303036693
0.7562744222337193
0.294360942482128
0.8168116894182745
0.37524069562685447
0.8760036839987284
0.4561204487715809
0.9432673142037897
0.5472939886801816
0.974208584098118
0.6414086105213179
0.9338504059750812
0.7311116094636508
0.8827300470192346
0.8222851493722516
0.8221927798346794
0.8943416567193716
0.7630007852542253
0.9531632953700817
0.6930466098409617
0.9840446556617044
0.5988775275538757
0.9899268195267756
0.499327354850385
0.9928679014593109
0.3930508191263881
0.07819142044076821
0.2020221093440139
0.12671927232760408
0.24103501486294948
0.17818820614697548
0.28273846559008753
0.23848038576395342
0.32040609850492185
0.30024310634719903
0.3540379136074525
0.4664142355354552
0.3607642766279587
0.5531761525452527
0.3715264574607685
0.6575845611502632
0.30695337246390964
0.766404592654077
0.2517971956957593
0.8605192144952132
0.19798629153171024
0.16054171455176242
0.43828350845084796
0.19142307484338525
0.4181044193893296
0.24142146769648887
0.42214023720163324
0.28406715571825375
0.445009871471354
0.31788959794241206
0.47326059615747984
0.31788959794241206
0.47511244797656293
0.28406715571825375
0.4468617232904371
0.24142146769648887
0.42399208902071633
0.19142307484338525
0.41995627120841267
0.16054171455176242
0.44013536026993105
0.5605288573765914
0.48267750438618845
0.6119977911959628
0.45980787011646757
0.6811132166105472
0.43424769063854424
0.7590518878227381
0.4234855098057344
0.8222851493722516
0.4490456892836578
0.8222851493722516
0.4508975411027409
0.7590518878227381
0.4253373616248175
0.6811132166105472
0.43609954245762733
0.6119977911959628
0.46165972193555066
0.5605288573765914
0.48452935620527154
0.23906860215046047
0.44028565244367046
0.6869953804756184
0.45077877875565997
0.3531825811328382
0.6042586179702807
0.4178863836486193
0.7535838770255169
0.4943545138945425
0.7374406057763021
0.5708226441404657
0.7145709715065813
0.6502318563189244
0.7038087906737714
0.7075829540033668
0.7414764235886058
0.7149356588347057
0.7764535112952377
0.6487613153526567
0.8087400537936671
0.5693521031741979
0.8154664168141732
0.4884723500294715
0.8235380524387806
0.42376854751369036
0.8047042359813634