-0.016822009772950456
0.4325917862174789
0.02309704865544835
0.5229475019997186
0.07040852531132841
0.6118690000711291
0.11919848561270477
0.7007904981425397
0.1798163150780511
0.781106689948975
0.2596544319348488
0.8442122692254599
0.34688496701912763
0.8972783245261404
0.43559398574890273
0.9403048558510164
0.5287384554151666
0.9675549923567713
0.6174474741449418
0.9360022027185289
0.6869362054832657
0.872896623442044
0.7652958386945671
0.8112252618763883
0.8392200209693796
0.7538565534432201
0.8894884649162522
0.6764087970584431
0.9072302686622074
0.5831846458545451
0.9249720724081624
0.4842236238073302
0.9338429742811398
0.40964430284421166
0.07927942718430595
0.19307742850900217
0.12659090384018604
0.15435355031661374
0.17833783143255488
0.12853763152168807
0.24486959547988624
0.10989280128090846
0.30992287588172135
0.11419545441339607
0.6544095652823482
0.06686626995603243
0.7253767802661683
0.06112939911271559
0.793387027958996
0.07977422935349521
0.8569618247153347
0.10989280128090846
0.9027948177257186
0.1400113732083217
0.12031362043953024
0.42389684134557704
0.16258752525940992
0.35475613913363696
0.23722283307933545
0.32192396210562074
0.3261438052866686
0.33158048476091967
0.3646276358813177
0.38990588159892503
0.36608535673717557
0.47565580277797914
0.3378055721335319
0.546727809520979
0.2596717342595474
0.5795599865489952
0.18066326387204812
0.5587018976135496
0.12731068054764824
0.4961276308072128
0.6260493248688558
0.37839139509096087
0.6749621316755923
0.3131670851052964
0.7489520627842597
0.2780809045612839
0.8236868589712022
0.30327098290057497
0.8800483165606903
0.3671458244037773
0.8865038139057418
0.4418164137666759
0.8482674065542829
0.5101894835447517
0.7695599966165395
0.5371788531939921
0.6901077216005208
0.5178364716120365
0.6414432031532095
0.4530619844538594
0.2596544319348488
0.4670130112773798
0.7608603877580784
0.4110785205550409
0.5730929647800543
0.5674082510354239
0.5065612007327229
0.773935601394829
0.5213460371876854
0.7567249888648786
0.5464802591611218
0.7466854648890742
0.5745714484255505
0.7538565534432201
0.5923132521715055
0.7638960774190245
0.5923132521715055
0.7638960774190245
0.5745714484255505
0.7538565534432201
0.5464802591611218
0.7466854648890742
0.5213460371876854
0.7567249888648786
0.5065612007327229
0.773935601394829