-0.03502471719109852
0.4701386976906944
-0.02109566854341797
0.5615102321692799
-0.00020209557189715353
0.6501943685749657
0.04854957469498482
0.7254415146161537
0.11819481793338761
0.7832205731834945
0.2017691098194709
0.8315937384956867
0.2975313192722748
0.8799669038078791
0.3811056111583581
0.9269963700836217
0.47512668953020193
0.9646199431042157
0.5761122922258859
0.9390896614116697
0.6614277151929293
0.8960912922452765
0.7397786138361325
0.8477181269330842
0.8181295124793356
0.7966575635479923
0.8808102313938981
0.7375348059442018
0.9173739840940596
0.6569128637572147
0.9434909503084606
0.5682287273515287
0.9434909503084606
0.4768571928729433
-0.010648882057657549
0.2726149393325758
0.05551409901882508
0.24574095860358008
0.12515934225722786
0.22155437594748392
0.1965457165765907
0.20408628847363672
0.2731554841388338
0.20139889040073713
0.6057115206022071
0.2175232788381346
0.6840624192454102
0.20005519136428737
0.7711189732934137
0.20274258943718695
0.8564343962604573
0.22021067691103416
0.9208562462559797
0.24708465764002985
0.09556011388090671
0.5037011803198754
0.14779404630970877
0.47413980151798013
0.21221589630523133
0.4566717140441329
0.2853434017055543
0.46204651018993204
0.33931846521531644
0.47279610248153037
0.33931846521531644
0.47551349383649355
0.2853434017055543
0.4647639015448952
0.21221589630523133
0.4593891053990961
0.14779404630970877
0.4768571928729433
0.09556011388090671
0.5064185716748386
0.5935236030354867
0.48085829670022906
0.6579454530310093
0.45935911211703245
0.7328140895122921
0.45935911211703245
0.8059415949126152
0.47682719959087966
0.8581755273414171
0.506388578392775
0.8581755273414171
0.5091059697477381
0.8059415949126152
0.47954459094584284
0.7328140895122921
0.46207650347199564
0.6579454530310093
0.46207650347199564
0.5935236030354867
0.48357568805519224
0.2160463846833435
0.4752297573881717
0.7296800535665641
0.4779171554610714
0.48035008277308205
0.5910716109711751
0.36543543142971746
0.776472084719182
0.4263750192633199
0.802002366411728
0.501243655744603
0.8087208615939769
0.5743711611449258
0.7979712693023786
0.6213817003308477
0.7670661914640335
0.6213817003308477
0.7697835828189967
0.5743711611449258
0.8006886606573418
0.501243655744603
0.8114382529489401
0.4263750192633199
0.8047197577666911
0.36543543142971746
0.7791894760741452