0.16951826196555028
0.5893562681313338
0.19475696139855825
0.6646814024230205
0.2308122463028553
0.7340986830447712
0.283092409414086
0.7990850734140695
0.3479919222418207
0.8537327198609794
0.43272184176691875
0.8906568052980809
0.5192545255372316
0.921673037065246
0.6039844450623297
0.9453044517449909
0.6887143645874277
0.9571201590848633
0.7752470483577406
0.921673037065246
0.8491603824115496
0.8773641345407244
0.9158626594844991
0.8301013051812347
0.966340058350515
0.7680688416469044
0.9987898147643822
0.6927437073552176
1.0186202214617457
0.6144646462285628
1.0294368069330346
0.5317546948494557
1.0330423354234644
0.45642956055776895
0.07036622847873343
0.32941070665414035
0.11904086309953445
0.3057792919743954
0.17312379045598003
0.28805573096458686
0.2290094820576404
0.2688552065372941
0.2812896451688711
0.2599934260323898
0.5571125746867435
0.22454630401277248
0.6238148517596931
0.20091488933302762
0.7049392427943614
0.18762221857567113
0.7860636338290297
0.18023740148825085
0.8527659109019793
0.19057614541063922
0.18574314017248394
0.6011719754712063
0.22360118932199585
0.5642478900341049
0.2794868809236563
0.54061647535436
0.34438639375139096
0.5361855851019078
0.3948637926174068
0.5539091461117165
0.3948637926174068
0.5539091461117165
0.34438639375139096
0.5361855851019078
0.2794868809236563
0.54061647535436
0.22360118932199585
0.5642478900341049
0.18574314017248394
0.6011719754712063
0.5913650953458257
0.511077207004679
0.6526590796831306
0.4652913410626733
0.7355862349630138
0.4431368898004125
0.8239216829785416
0.4519986703053168
0.8816101388254168
0.4874457923249341
0.8816101388254168
0.4874457923249341
0.8239216829785416
0.4519986703053168
0.7355862349630138
0.4431368898004125
0.6526590796831306
0.4652913410626733
0.5913650953458257
0.511077207004679
0.28561627935738676
0.5592262144146591
0.7370284463591856
0.47178998009960316
0.45435501270949696
0.6646814024230205
0.5408876964798098
0.7902232929091652
0.587759566855396
0.7976081099965854
0.6472507869474862
0.7887463294916811
0.7031364785491465
0.7739766953168407
0.7391917634534436
0.7547761708895478
0.7391917634534436
0.7547761708895478
0.7031364785491465
0.7739766953168407
0.6472507869474862
0.7887463294916811
0.587759566855396
0.7976081099965854
0.5408876964798098
0.7902232929091652