0.053732141175987846
0.4252514206479503
0.07465492752555421
0.5211552738409415
0.10673653326155601
0.615648776251683
0.14997695838399314
0.7045008755334249
0.19600708835303918
0.7820701685571678
0.27272397163478257
0.8384841998471626
0.3550202646097436
0.8934878803549076
0.4373165575847046
0.9414398069514032
0.5196128505596658
0.9823399796366494
0.5935400289948002
0.9456708592981529
0.6646775025833259
0.8920775295726577
0.746973795558287
0.8328427967181632
0.8139267118768994
0.7736080638636685
0.8599568418459453
0.691807718493176
0.8892487427353383
0.6015452684291843
0.9296994630111667
0.5112828183651925
0.9380685775509932
0.41255826360770154
0.09836741872172942
0.1812607353187226
0.15834607292381972
0.22216090800396887
0.22669384166573653
0.2672921330359648
0.29364675798434886
0.31101300728571074
0.3592048218796569
0.3490924784064573
0.6144628153443666
0.3533235307532069
0.6842054365095878
0.3279372166727092
0.7497635004048958
0.2884473947697128
0.8250855312633348
0.253188625213466
0.8934333000052515
0.21934020643946917
0.1234747623412091
0.38717194952720385
0.18624312138990823
0.36319598622895605
0.26156515224834714
0.3547338815354568
0.3382820355300905
0.36037528466445623
0.37454819853600557
0.4224307190834506
0.38570701792244094
0.5000000121071936
0.3508357073398304
0.5479519387036892
0.26993426678817367
0.5479519387036892
0.1918225310831259
0.5253863261876912
0.14997695838399314
0.45909983942194726
0.6423598638104552
0.3970444050029529
0.6842054365095878
0.3505028291887072
0.7525532052515046
0.351913179970957
0.8222958264167258
0.36601668779345575
0.8697208088090762
0.39281335265620326
0.8557722845760322
0.45909983942194726
0.8181112691468126
0.5197449230586917
0.7539480576748091
0.5366691324456901
0.69117969862611
0.5084621168006928
0.6465444210803684
0.45768948863969733
0.2769085289046958
0.4308928237769498
0.7358149761718515
0.41114791282545166
0.5251922602528833
0.6283419332919319
0.48474153997705505
0.8356634982826628
0.5000849166334037
0.824380692024664
0.5265871126761879
0.8201496396779143
0.5530893087189719
0.8229703412424141
0.5726172426452338
0.8328427967181632
0.5712223902219294
0.8554084092341611
0.5544841611422763
0.8681015662744099
0.5265871126761879
0.8709222678389097
0.4986900642100993
0.8737429694034095
0.48195183513044626
0.8610498123631606