0.09605561825737494
0.5469931334586947
0.1383566866347632
0.6185349073814953
0.17168480111391757
0.6984933605893313
0.20629476614996248
0.782660153439685
0.2665417423238185
0.8317574492690579
0.34088907462347057
0.8738408456942347
0.4139545563662321
0.9145214622385723
0.48702003810899364
0.9552020787829099
0.5562399681810835
0.97343821723382
0.6228961971393923
0.9271464811661254
0.6792976216425766
0.8724380658133956
0.7318534944750892
0.8008962918905949
0.772872712295587
0.7139239392785628
0.7933823212058357
0.6171321275006562
0.798509723433398
0.5133264163185532
0.7792819650800398
0.41793738442148576
0.7446720000439948
0.3323678116902929
0.019144584843941728
0.23697877979322543
0.07554600934712606
0.27906217621840224
0.13579298552098207
0.3197427927627398
0.20629476614996248
0.36182618918791665
0.26013248953936574
0.4025068057322542
0.3537075801923761
0.3421872708561675
0.41010900469556044
0.29729831466931217
0.4588193258574015
0.24539545907826074
0.5126570492468047
0.1920898236063701
0.5626492209655362
0.14018696801531869
0.1024648710418277
0.45020132168078797
0.1127196754969521
0.4039095856130935
0.17296665167080807
0.40671514537477194
0.2434684322997885
0.41092348501728965
0.28705135123406733
0.43196518322987804
0.3011517073598634
0.49649305774848246
0.28320579956339564
0.561020932267087
0.23193177728777353
0.5946876494072284
0.17424850222769864
0.561020932267087
0.13066558329341985
0.5091180766760356
0.399854200240436
0.3744512081154697
0.43446416527648096
0.308520553716026
0.5075296470192424
0.2622288176483315
0.5818769793188945
0.23557599991238617
0.6446876566065316
0.2566176981249746
0.6459695071634222
0.3421872708561675
0.629305449923845
0.42354850394484267
0.5741858759775512
0.4796596991784118
0.4921474403365558
0.486673598582608
0.43446416527648096
0.4403818625149134
0.2280862256171019
0.5105208565568747
0.5408577614983969
0.388479006923862
0.279360247892724
0.5652292719096047
0.37293533854573435
0.7265489582061159
0.3895993957853116
0.6550071842833153
0.46522857864185424
0.6157293476198168
0.5588036692948646
0.6017015488114246
0.6216143465825017
0.6423821653557622
0.629305449923845
0.7475906564187043
0.6062321398998151
0.8289518895073794
0.5511125659535213
0.887868644502627
0.4549737741867298
0.8850630847409485
0.41010900469556044
0.8107157510564695