0.017275026514195945
0.24394178299907757
0.020779815755116417
0.37236728092864846
0.04706573506201977
0.4976217789093411
0.07510404898938333
0.6197052769411554
0.12417109836226962
0.7338612751007739
0.20127646166251953
0.8337477734904403
0.28889619268553074
0.9241212720334715
0.38177310756992267
1.004981770729868
0.5132027041044395
1.0335207702697728
0.6411275113980359
1.0018107707809898
0.7515283724870301
0.9431472717267413
0.8514148658532628
0.85277377318371
0.9337774130148933
0.756058274742922
1.0073779870742228
0.6498297764554992
1.056445036447109
0.5356737782958806
1.087988139615393
0.410419280315188
1.0967501127176942
0.2819937823856171
0.07510404898938333
0.0013602869098881332
0.20478125090344
0.002945786884327262
0.32569647971519544
0.0378267863219885
0.4115638161177464
0.10441778524843269
0.45712607624971224
0.19796228374034233
0.6586514576026381
0.12185828496726328
0.7375092155233481
0.06795128583633227
0.8286337357872798
0.02831378647535361
0.9390345968762741
0.01880078662871875
1.0371686956220465
0.04099778627086679
0.15012631862119652
0.2045709498269817
0.2002304601459572
0.16474299279861895
0.2750127609291821
0.16631102260288524
0.3415690086262523
0.1917131054319985
0.3966586368698945
0.23248188034292094
0.3931687961666773
0.2898717711790657
0.33409077854792973
0.3249956387946296
0.25955775210064896
0.33283578781596096
0.19225368139574658
0.31746909573415166
0.1493784956133643
0.26697853603677846
0.7059661123550641
0.2407707830501993
0.7602903455893311
0.19479128379146407
0.8391481035100412
0.19162028384258575
0.9109962829489103
0.22174478335692954
0.9688253054240978
0.2756517824878605
0.9670729108036377
0.3359007815165481
0.9039867044670695
0.37712378085196596
0.8233765519258992
0.37712378085196596
0.7462711886256493
0.3549267812098179
0.6919469553913823
0.3057762820022043
0.2836390088241501
0.2677242826156648
0.7848238702757743
0.30260528205332604
0.5044407310021384
0.6244617768644728
0.3766287215231924
0.7346798355526942
0.43973104183328204
0.7242431897907173
0.5049604066482061
0.7422957662438664
0.5705442788806026
0.7482192678925559
0.6340011066081646
0.7586559136545327
0.6293925101810232
0.7913762084758652
0.5645176527835715
0.7922224229971067
0.4978702582987578
0.7902479224475434
0.43334990831877856
0.7792471336714057
0.37131111026110625
0.7609124857111763