0.029966252964919234
0.21996215254142384
0.029966252964919234
0.3399783684902929
0.03747684642606751
0.46332836821551954
0.058130978444225226
0.5833445841643885
0.09943924248054065
0.6900256650078277
0.19519930911018094
0.7717033675285858
0.3022252659315437
0.8467135024966289
0.4111288711181934
0.9150560699119571
0.5219101246701303
0.966729718445498
0.6552231586055118
0.9633959346691406
0.7528608736004393
0.9000540429183485
0.8279668082119218
0.8100418809566968
0.889929204266395
0.7050276920014363
0.9425033584944328
0.5950128273816397
0.9781786774348871
0.48166417898548564
0.9950775127224707
0.36164796303661656
0.9875669192613223
0.2449655308641049
0.09943924248054065
0.07494255826987373
0.17830047382259734
0.08827769337530365
0.25716170516465414
0.1066135041452698
0.33602293650671083
0.12994999057977208
0.3961076841958969
0.1766229634487767
0.570728982167594
0.16162093645516806
0.6251807847609189
0.12494931491523587
0.687143180815392
0.09494526092801858
0.7584938186963005
0.08161012582258872
0.8167009180201994
0.08327701771076744
0.12572631959455952
0.20829390932417272
0.19519930911018094
0.18495742288967043
0.27593818881752474
0.18662431477784913
0.3566770685248686
0.19662566610692156
0.41863946457934165
0.23329728764685378
0.40737357438761934
0.28830471995675205
0.3641876619860168
0.3466459360430079
0.283448782278673
0.3449790441548291
0.21209814439776453
0.31664188205579064
0.15201339670857847
0.2666351254104285
0.6157925429344836
0.22329593631778136
0.6796325873542437
0.19329188233056407
0.7547385219657262
0.17828985533695543
0.8317221049424959
0.18995809855420664
0.8974397977275433
0.21996215254142384
0.8805409624399597
0.2599675578577136
0.8317221049424959
0.3116412063912544
0.7603714670615874
0.333310800937578
0.687143180815392
0.31497499016761193
0.6364466749526413
0.2666351254104285
0.33602293650671083
0.2966391793976458
0.7415949834087169
0.28663782806857335
0.600771356012187
0.3849844494711188
0.397985332561184
0.6333513408097506
0.4618253769809441
0.5533405301771712
0.5613407403411586
0.5333378275190264
0.6739996422583825
0.5566743139535286
0.7246961481211334
0.636685124586108
0.7284514448517074
0.7283641784359386
0.6721219938930955
0.8167094485094116
0.5669736854370198
0.8250439079503055
0.45243713515450884
0.808374989068518
0.3904747391000358
0.7366986378768323