-0.013372995631682622
0.3629398329773332
0.012068313131030647
0.4667990815072034
0.04533771689765568
0.5723609406687108
0.07860712066428074
0.6728149679353066
0.13536080944264106
0.7596481101488045
0.22734092573860443
0.819239482256107
0.3369342557933693
0.8703178012052236
0.4543556808520459
0.9094778457328796
0.5737341296617006
0.9367196158390749
0.698983649724289
0.928206562680889
0.796834837273186
0.8686151905735863
0.8633736448064361
0.7851872696233628
0.9162132860828407
0.6864358529884043
0.9455686423475097
0.5808739938268969
0.9494826898494656
0.4667990815072034
0.9259984048377303
0.35953461171405876
0.9083851910789288
0.2505675312892769
0.068822001909391
0.23183881434126757
0.1334037856916631
0.1807604953921511
0.22538390198762648
0.17395005286560225
0.31736401828358984
0.19778660170852322
0.3976019920736856
0.22673098244635592
0.5717771059107225
0.21481270802489544
0.624616747187127
0.1518161146543184
0.6852844834674432
0.09562996381029029
0.7518232910006933
0.058172529914271534
0.8183620985339435
0.09903518507356472
0.12948973818970724
0.3084562927649423
0.1921144982210015
0.2692962482372863
0.26843842450914124
0.2505675312892769
0.3506334220502149
0.2505675312892769
0.42108627708542085
0.2795119120271096
0.417172229583465
0.3374006735027749
0.3741177070619502
0.39358682434680303
0.2997508045247884
0.4191259838213613
0.22342687823664856
0.40039726687335186
0.15493104695242055
0.3629398329773332
0.6089605571793035
0.2624858057107375
0.6441869846969064
0.21481270802489544
0.7068117447282006
0.18246310602378832
0.7811786472653626
0.18586832728706273
0.8418463835456789
0.20800226549834658
0.8301042410398112
0.2658910269740119
0.796834837273186
0.3186719565547656
0.7400811484948258
0.3476163372925983
0.6715853172105978
0.34421111602932386
0.6187456759341933
0.3118615140282167
0.3467193745482591
0.3305902309762261
0.7302960297399359
0.26418841634237467
0.5580779396538769
0.4225312050846357
0.3232350895365237
0.6438705871974739
0.4132581820815091
0.5689557194054363
0.5600349634048549
0.5417139492992409
0.7107257922301565
0.5229852323512315
0.7929207897712303
0.5893870469850829
0.8242331697868772
0.6932462955149531
0.7498662672497154
0.7817820483600884
0.6050465096773476
0.8056185972030093
0.4582697283540018
0.8124290397295582
0.3506334220502149
0.7681611633069907