0.199498364674382
0.3020464723811365
0.1973380630288303
0.4005308154067627
0.2124601745476923
0.5009848452929013
0.24702500087651974
0.5896207540159649
0.28591043049645065
0.6762869758785158
0.3377576699896919
0.755074450299017
0.38096370290072634
0.8437103590220805
0.4500933555583813
0.9028009648374561
0.5581084378359672
0.9126493991400187
0.6596426151768979
0.8850737830928435
0.743894379353415
0.8358316115800305
0.8259858418843802
0.7806803794856796
0.9080773044153455
0.7373472685544042
0.9642451471996901
0.6723476021574909
0.9880084653007591
0.5758329459923773
1.0009702751740694
0.46750016866418853
1.0096114817562765
0.36704613877804976
0.29239133543310586
0.1208352812139844
0.3334370666985885
0.1503805841216722
0.37880340125517453
0.18189557388987262
0.4176888308751055
0.21341056365807293
0.4608948637861399
0.2370468059842232
0.6185968839114153
0.25280430086832345
0.6769250283413117
0.22128931110012307
0.7503752842900702
0.19568338191346027
0.8216652385932768
0.175986513308335
0.8972757961875869
0.17007745272679747
0.26430741404093355
0.29863290489829913
0.30535314530641616
0.3025722786193241
0.3507194798630022
0.3124207129218868
0.39824611606514004
0.3262085209454744
0.4241697358117607
0.3537841369926498
0.4241697358117607
0.36113707819651225
0.39824611606514004
0.33356146214933685
0.3507194798630022
0.3197736541257492
0.30535314530641616
0.30992521982318655
0.26430741404093355
0.30598584610216156
0.6229174872025187
0.35772351071367486
0.6790853299868636
0.33802664210854955
0.7482149826445184
0.3242388340849619
0.8151843336566216
0.3399963289690622
0.8648712715043113
0.36757194501623747
0.8648712715043113
0.3749248862200999
0.8151843336566216
0.3473492701729246
0.7482149826445184
0.33159177528882433
0.6790853299868636
0.345379583312412
0.6229174872025187
0.3650764519175373
0.3485591782174505
0.32240018147745814
0.7460546809989668
0.3491879227804284
0.4414521489761744
0.5206817138980266
0.422009434166209
0.7058322787862038
0.5127421032793812
0.7038625919256913
0.605635074038105
0.6999232182046662
0.6963677431512771
0.6999232182046662
0.7914210155555528
0.6999232182046662
0.7611767925178288
0.7531047634385043
0.6877265365690703
0.7905288137882422
0.5948335658103464
0.7924985006487549
0.5041008966971743
0.7865894400672173
0.4306506407484158
0.7412866422754293