0.07207718676233095
0.11763384762229599
0.07575987067039755
0.23329313975630936
0.07023584480829764
0.35930998043963736
0.07760121262443087
0.48014804684830814
0.09969731607283043
0.5958073389823216
0.1659856264180293
0.6959303082923629
0.23043259480919487
0.7926007614192996
0.2893555373382605
0.8927237307293411
0.39247068676412544
0.9462377315674666
0.5195232815924232
0.9376064411097045
0.6355278246965214
0.904807537370208
0.7239122384901198
0.8271259232503483
0.8030899425135517
0.7408130186727263
0.8767436206748838
0.6493213398204472
0.9448732729741159
0.5405670800526435
0.9872241379168818
0.42663404601018257
1.0019548735491481
0.31270101196772154
0.13836549710752982
-0.058444477716052795
0.19912978159062877
-0.01701428351879425
0.27462480170599407
0.024415910678464298
0.3556438476834594
0.048583523960198424
0.4421869195230246
0.05203604014330329
0.6171144051561882
0.08828746006590454
0.7091815028578534
0.08310868579124722
0.7957245746974184
0.05894107250951307
0.8914743563071501
0.05030978205175087
0.9669693764225156
0.07102487915038012
0.1586202586018961
0.12278306268305689
0.22490856894709496
0.13314061123237145
0.2893555373382605
0.15040319214789583
0.34827847986732624
0.17284454733807755
0.40536008044235855
0.19183338634515443
0.40536008044235855
0.1970417198337082
0.34827847986732624
0.17805288082663132
0.2893555373382605
0.1556115256364496
0.22490856894709496
0.1383489447209252
0.1586202586018961
0.12799139617161065
0.6244797729723215
0.23326358054241292
0.6981334511336535
0.2090959672606788
0.7773111551570855
0.22290603199309827
0.8491234913643843
0.24362112909172756
0.9080464338934499
0.2764200328312239
0.9080464338934499
0.28162836631977767
0.8491234913643843
0.24882946258028132
0.7773111551570855
0.22811436548165204
0.6981334511336535
0.21430430074923257
0.6244797729723215
0.23847191403096668
0.2853045850393873
0.15680512669358804
0.7714188609041789
0.2396655150881052
0.37405726722379246
0.4180027555524203
0.27278345975196083
0.6113436618062934
0.3685332413616925
0.6303325008133703
0.4716483907875575
0.6389637912711326
0.5747635402134222
0.6475950817288947
0.6686719798691206
0.6389637912711326
0.6520999022828209
0.6907515340177056
0.5563501206730893
0.7183716634825447
0.4569176551552909
0.7252766958487543
0.3556438476834594
0.7114666311163349
0.28383151147616065
0.6562263721866568