0.13231572220163623
0.3592102122791193
0.1342001780620868
0.46909493409615277
0.13608463392253736
0.5824135534699684
0.16058256010839472
0.6837135313950462
0.22276960350326352
0.7644101239794302
0.29814783792128624
0.8348050238934672
0.3810638957811112
0.9069168725858953
0.4715177770827384
0.9687270286079767
0.5695094818261679
1.0047829529541907
0.6806923775927515
0.9841795676134969
0.7730307147548291
0.9412558481537183
0.8502934050333024
0.8725778970180724
0.9162493601490724
0.7953152019904707
0.961476300799886
0.7043169167357398
0.9803208594043917
0.5944321949187065
0.9840897711252928
0.4845474731016731
0.987858682846194
0.3763797000630308
0.10781779601577889
0.07591366384457998
0.181311574573351
0.07247976628779768
0.264227632433176
0.07076281750940654
0.3414903227116493
0.0844984077365357
0.40556182196696855
0.11883738330435865
0.6203897900583334
0.10853569063401182
0.6750390100113998
0.07247976628779768
0.7485327885689719
0.05015943216871279
0.8295643905683463
0.06046112483905966
0.8860980663818633
0.09308315162849146
0.18508048629425217
0.4085970174975561
0.2303074269450658
0.36739024681616855
0.30191674964218734
0.3485038102538659
0.37917943992066067
0.36395634925938625
0.41121518954832026
0.37940888826490654
0.41121518954832026
0.38496444395498647
0.37917943992066067
0.3695119049494662
0.30191674964218734
0.3540593659439458
0.2303074269450658
0.3729458025062485
0.18508048629425217
0.41415257318763604
0.6712700982904987
0.36910719559455973
0.7278037741040156
0.3399190663619102
0.7975286409406865
0.3450699126970836
0.8616001401960058
0.3776919394865154
0.8992892574050173
0.41203091505433836
0.8992892574050173
0.4175864707444183
0.8616001401960058
0.38324749517659534
0.7975286409406865
0.3506254683871635
0.7278037741040156
0.34547462205199014
0.6712700982904987
0.37466275128463966
0.3015398584700971
0.3763490402634166
0.7914983821872448
0.37154158368392143
0.5676250259657173
0.5412067827885809
0.3678727047579572
0.7163355581844779
0.473402232943189
0.7232033532980425
0.5902384962911242
0.7214864045196514
0.7051903037786087
0.718052506962869
0.7994130968011371
0.7077508142925222
0.795644185080236
0.7541084313090832
0.699536936197257
0.8004660483256442
0.5883540404306736
0.8124846897743823
0.4790556005245406
0.7953152019904707
0.37729498406021006
0.7609762264226478