0.14146077959483724
0.2641391574259165
0.10536594041695135
0.3545014275686104
0.07497028637241583
0.4479268255127516
0.052173545839014165
0.5413522234568928
0.06737137286128192
0.6363091853017576
0.10726566879473481
0.7251398915437279
0.1623577917504554
0.8109074699842508
0.20035235930612483
0.8905487928218795
0.2953387781952983
0.9349641459428646
0.41312193761787347
0.9472166571486536
0.5176069983959642
0.9058644318291156
0.6144931456629211
0.8507281314030651
0.7113792929298781
0.8032496504806327
0.7892681564190004
0.7389239666502405
0.8462600077525045
0.6577510799118884
0.8880540320637408
0.568920373669918
0.9184496861082764
0.4800896674279478
0.27254203766189666
0.1155774590557248
0.32763416061761724
0.15692968437526272
0.37132791330663706
0.19828190969480058
0.4169213943734404
0.245760390617233
0.44541732004019247
0.2886441798374945
0.6315907010629724
0.3514382997671632
0.7075798361743112
0.32080702175269066
0.7854686996634335
0.3008966910432835
0.8709564766636897
0.29323887153966544
0.9336475131305442
0.31927545785196704
0.21175072957282565
0.27179697692953464
0.27254203766189666
0.2595444657237456
0.3390325308843181
0.26567072132664016
0.3922249254622553
0.2886441798374945
0.4397181349068419
0.32693327735558514
0.41882112275122385
0.3698170665758467
0.36182927141771976
0.385132705583083
0.2953387781952983
0.37594332217874116
0.24214638361736116
0.34990673586643956
0.2022520876839083
0.3100860744476253
0.6600866267297245
0.380538013880912
0.7056801077965277
0.36828550267512306
0.7626719591300318
0.37594332217874116
0.808265440196835
0.4019799084910428
0.8386610942413707
0.4418005699098571
0.8291624523524532
0.47702653962650043
0.7740703293967326
0.4892790508322895
0.7208779348187956
0.4800896674279478
0.6733847253742088
0.4555846450163697
0.6429890713296732
0.4188271113990027
0.33713280250653466
0.3468436080649923
0.715178749685445
0.43873744210840987
0.4720135173291609
0.5750466292728125
0.17565589039493967
0.6209935462945213
0.2744417660396801
0.6118041628901796
0.39412465384003875
0.6516248243089938
0.5043088997514799
0.6975717413307025
0.618292602418488
0.732797711047346
0.5897966767517361
0.8246915450907636
0.468214060573594
0.8001865226791854
0.3485311727732355
0.7710868085654367
0.2326477417284438
0.7358608388487933
0.1338618660837034
0.6776614106212955