-0.03544525954360722
0.1661962797552364
-0.05463832584669587
0.26700310490995843
-0.0610360146143921
0.38492807018529374
-0.06743370338208828
0.504755051029586
-0.0567708887692613
0.5979538139084799
-0.009854504472822396
0.6949566079252879
0.04345956859131268
0.7900573863731392
0.09890620457801319
0.8832561492520331
0.214064602396545
0.9251004917690875
0.3398858148279038
0.9136883983553453
0.4614419014141319
0.8680400247003769
0.5829979880003598
0.8319017288901935
0.6768307565932377
0.7653311839766977
0.76853096226355
0.696858623494245
0.826110161172816
0.6093659073222222
0.8687614196241239
0.5085590821675001
0.9199429297656938
0.4058502414438209
0.17282092962701853
0.00987411276221475
0.20807412487123716
0.04316568328376049
0.24954847221737667
0.0820058488922305
0.2951702542981302
0.12454507789198338
0.3324971669096558
0.16153571180481194
0.44864652387873943
0.1490781396346232
0.5275513520136593
0.12815596837609602
0.6149864318388408
0.11484185939339683
0.6960238228963262
0.1357640306519241
0.7493378959604614
0.17760837316897848
0.07535621336359064
0.15292942318880307
0.12927286491357207
0.1621770816670102
0.17904208172893948
0.18067239862342446
0.22051642907507898
0.20656584236240447
0.23917988538084178
0.24170694457959163
0.23917988538084178
0.2484637014999591
0.22051642907507898
0.21332259928277195
0.17904208172893948
0.18742915554379194
0.12927286491357207
0.16893383858737768
0.07535621336359064
0.15968618010917054
0.5004682736615208
0.29719289544883454
0.575122098884572
0.28979476866626885
0.6477022067403163
0.3008919588401174
0.7099137277595255
0.31938727579653164
0.7617566619421999
0.3526788463180774
0.7617566619421999
0.35943560323844487
0.7099137277595255
0.3261440327168991
0.6477022067403163
0.30764871576048486
0.575122098884572
0.29655152558663633
0.5004682736615208
0.303949652369202
0.16867349489240452
0.19218871654443048
0.6389925937976267
0.31536752747414964
0.22881129854430693
0.4352664027597435
0.12526861253667732
0.6600895908083386
0.21054705406642238
0.6821704771656213
0.307094432512598
0.686886782989507
0.3999870206074989
0.6901024460512472
0.4928796087023998
0.69246059896319
0.4645549834800202
0.7229022092809974
0.3801902395380938
0.7488418913123684
0.2876022173057991
0.7554875949732982
0.19623245852392948
0.7334067086160154
0.12557317839928353
0.6840998750026654