0.15046903280019086
0.12275012470168674
0.12839380488915964
0.24058575401342686
0.10815817930404766
0.3636976055331554
0.09528096302261277
0.4832919755808916
0.11551658860772475
0.5958513826846433
0.18358187466673764
0.6925821231644301
0.2534867630516698
0.7840366414362283
0.32891045841435973
0.8702149375000383
0.40617375610296896
0.9493582706198638
0.5091914863544479
0.9581519742998442
0.599332000324492
0.8878023448599995
0.6876329119686168
0.8069002710041779
0.7667358119831453
0.7295156786203486
0.8439991096717546
0.6521310862365193
0.8955079747974939
0.5466066420767519
0.923102009686283
0.4287710127650118
0.9433376352713949
0.31621160566126005
0.24428875142207349
-0.06719387478589438
0.338108470043956
-0.030260319329975825
0.4300885863399194
0.006673236125942732
0.5110310886803672
0.05415923599783799
0.5809359770652993
0.11747390249369832
0.7593774026794682
0.1878235319335432
0.8164050747829655
0.17375360604557424
0.8734327468864629
0.16320116162959752
0.9341396236417986
0.15264871721362078
0.9874880910934574
0.15792493942160918
0.3086748328292478
0.12275012470168674
0.3712213119105029
0.12099138396569062
0.4374469956435965
0.13154382838166737
0.49815387239893233
0.15792493942160918
0.5478231351987525
0.19837597634951995
0.5349459189173177
0.23706827254143462
0.47423904216198176
0.24762071695741136
0.40801335842888825
0.2335507910694424
0.34914608399947167
0.2071696800295005
0.3068352305033285
0.1614424208936014
0.7409813794202756
0.26169064284538035
0.7869714375682573
0.2511381984294036
0.8329614957162389
0.2546556799013958
0.8771119515383013
0.26696686505336864
0.9065455887530096
0.2986241983012989
0.8991871794493326
0.3337990130212213
0.8531971213013508
0.3461101981731941
0.8072070631533691
0.3390752352292097
0.764896209657226
0.3250053093412407
0.7299437654647599
0.2986241983012989
0.4024945514511304
0.18254730972555488
0.8053674608274499
0.2986241983012989
0.7428209817461948
0.4920856792608722
0.38409852819193774
0.7328148766676603
0.448484609599112
0.7275386544596721
0.5147102933322057
0.7292973951956682
0.5754171700875416
0.7380910988756488
0.6250864328873618
0.7591959877076022
0.6250864328873618
0.764690493340271
0.5754171700875416
0.7435856045083176
0.5147102933322057
0.7347919008283369
0.448484609599112
0.7330331600923409
0.38409852819193774
0.738309382300329