0.020755935262962655
0.2768070928271341
0.038200612371133605
0.38671268325989794
0.05370699202284113
0.498309128930089
0.08278145386979274
0.5997604431757172
0.13899208010723255
0.6876849155219282
0.21652397836577014
0.770536822155858
0.28436438934199054
0.8550795840272148
0.3444516104923573
0.9277863592365816
0.45881116042370024
0.9497674773231344
0.5828621976373605
0.9294772144740089
0.677838773004069
0.8753698468763405
0.7708770509143144
0.8144990583289635
0.8522855440857788
0.7401014278821695
0.9065578728667552
0.6487952450611041
0.9453238219960239
0.5456530755780489
0.9666450940171218
0.4357474851452849
0.9802131762123659
0.3326053156622296
0.1603133521283304
0.0874313062352948
0.21458568090930677
0.09419472718500338
0.28630268679845405
0.12293926622126472
0.35995799014406477
0.15844722620723456
0.4277984011202852
0.19733689666805865
0.5944919823761412
0.18042834429378732
0.6623323933523616
0.14661123954524458
0.7379259941544357
0.12970268717097322
0.8154578924129734
0.12632097669611897
0.8852366008456573
0.14153867383296323
0.11767080808613468
0.22608143570432
0.19132611143174544
0.2142454490423301
0.27273460460321
0.21762715951718434
0.34832820540528414
0.23791742236631
0.4103537240121143
0.28357051377684267
0.4122920214685777
0.32415103947509394
0.3444516104923573
0.3596589994610638
0.2630431173208927
0.3579681442236367
0.20101759871406263
0.31569676328795826
0.1506218648460132
0.26835281663999844
0.6293813365924832
0.2649711061651442
0.6914068551993132
0.23791742236631
0.7670004560013874
0.2446808433160185
0.8445323542599251
0.2582076852154356
0.8988046830409013
0.2970973556762598
0.8910514932150476
0.3528955785113553
0.8270876771517541
0.38502182802247087
0.7534323738061434
0.38164011754761656
0.677838773004069
0.36811327564819946
0.6235664442230928
0.325841894712521
0.30956225627601536
0.31062419757567683
0.7340493992415089
0.325841894712521
0.4200452112944315
0.5270536679663502
0.26885800969028306
0.6775397840973655
0.37934096470869916
0.6961391917090639
0.49176221718357876
0.7045934678961997
0.6022451722019949
0.6978300469464911
0.7088515323074841
0.6741580736225112
0.7010983424816304
0.735028862169888
0.5964302798326045
0.7688459669184309
0.48400902735772505
0.784063664055275
0.37352607233930885
0.7857545192927022
0.30568566136308845
0.7113568888459082