0.07348175052652098
0.3757818360703999
0.0837677865542027
0.49160689470989355
0.0923394832439375
0.6057533293111336
0.13176928801671756
0.711506643721106
0.18319946815512628
0.8155813340928247
0.23634398763148196
0.9146201523497832
0.2912028464457846
1.0086230984919808
0.40263490341233693
1.0304452109892768
0.524352996406571
1.0338024590657837
0.6203559993316006
0.9851223619564314
0.7095016449048424
0.9179774004262903
0.8003616298160312
0.8642614312021772
0.887792936051326
0.8055095898633038
0.9460804735415226
0.7081493956445989
0.9632238669209923
0.5973602091198659
0.9700812242727801
0.4798565264421188
0.9580808489071514
0.37242458799389283
-0.03280728842619042
0.08202262937603207
0.04948099979526354
0.09880886975856738
0.1351979666926115
0.12734547840887744
0.21920059425201235
0.17434695147997625
0.277488131742209
0.2381346649336104
0.44035036884716994
0.1810614476329904
0.5312103537583588
0.09880886975856738
0.6374993927110701
0.04005702841969384
0.7540744676914632
0.0719508851465109
0.8123620051816599
0.16259658321220152
0.13176928801671756
0.35899559568786454
0.1489126813961871
0.3052796264637516
0.1917711648448611
0.26667127358392045
0.2432013449832698
0.29185063415772333
0.2654877563765803
0.34556660338183637
0.2723451137283681
0.39424670049118876
0.26377341703863333
0.45131991779180874
0.21062889756227757
0.4815351504803723
0.1574843780859219
0.4529985418300623
0.12834060934082364
0.40431844472070994
0.4986379063373666
0.28177888992820216
0.5106382817029953
0.2381346649336104
0.5843548732347145
0.24652778512487805
0.642642410724911
0.2834575139664557
0.6940725908633197
0.33213761107580814
0.7112159842427893
0.3908894524146817
0.6752148581459033
0.4378909254857805
0.5980695879382901
0.43453367740927346
0.522638657068624
0.4160688129884846
0.5054952636891544
0.36235284376437166
0.23977266630737587
0.3892108283764281
0.6134986419798127
0.36738871587913224
0.2226292729279063
0.5856098408520912
0.19691418285870196
0.7935867602217359
0.2689164350524742
0.80030125637475
0.35291906261187517
0.8070157525277641
0.43520735083332907
0.8221233688720457
0.49692356699941964
0.8523386015606094
0.49692356699941964
0.8575469350491631
0.43520735083332907
0.8273317023605995
0.35291906261187517
0.8122240860163179
0.2689164350524742
0.8055095898633038
0.19691418285870196
0.7987950937102897