0.049410182119205226
0.3597584799616689
0.07502069536423839
0.4701986846927281
0.10528766556291386
0.5823919085465025
0.15650869205298013
0.687573055909416
0.23799668874172175
0.7822360885360381
0.3218129139072847
0.8663810064263691
0.4219267384105959
0.9487729051939845
0.5406663907284768
1.0101285744890174
0.6920012417218542
1.0118815936117327
0.8200538079470197
0.9557849816848455
0.9271523178807946
0.8804051594080908
1.031922599337748
0.7997662797631904
1.115738824503311
0.7103623045047139
1.162303394039735
0.60167511889637
1.1786009933774833
0.48597585679716515
1.1669598509933774
0.368523575575245
1.139021109271523
0.2615894090896163
-0.027421357615894093
0.20198675891729867
0.016814983443708575
0.1353720322541201
0.1122723509933774
0.12310089839511353
0.20772971854304634
0.17744449119928554
0.2915459437086092
0.24405921786246407
0.4778042218543045
0.19322166330372256
0.5709333609271522
0.10557070716796127
0.6943294701986753
0.0424620187502132
0.8153973509933774
0.05122711436378933
0.9155111754966887
0.11608882190425265
0.05872309602649001
0.29664979154392085
0.11692880794701976
0.2773665811940534
0.18910389072847678
0.2878846959303447
0.25895074503311255
0.29489677242120566
0.3218129139072847
0.32469809750736445
0.33811051324503305
0.368523575575245
0.27990480132450324
0.4000779197841191
0.2054014900662251
0.4105960345204105
0.12856995033112573
0.4000779197841191
0.07967715231788075
0.3615114990843842
0.5406663907284768
0.282625638562199
0.6081850165562913
0.2265290266353118
0.7059706125827814
0.20724581628544436
0.8084126655629138
0.2212699692671662
0.9061982615894038
0.24756525610789448
0.9155111754966887
0.3036618680347817
0.8410078642384105
0.3492403652253776
0.7362375827814569
0.3807947094342517
0.6337955298013245
0.3807947094342517
0.5523075331125826
0.3352162122436558
0.21704263245033106
0.3597584799616689
0.6594060430463575
0.32469809750736445
0.2845612582781456
0.5122711436378936
0.43822433774834424
0.7734709929224621
0.5034147350993377
0.7384106104681576
0.5872309602649005
0.7226334383637205
0.6733754139072847
0.7313985339772967
0.7408940397350992
0.7734709929224621
0.7595198675496688
0.8225555283584883
0.6989859271523178
0.8541098725673624
0.6081850165562913
0.8593689299355081
0.519712334437086
0.8558628916900777
0.4498654801324502
0.8295676048493492