-0.020966434363956538
0.16424281609421182
-0.009129236308513165
0.29025965677753984
-0.02333387397504523
0.41455023936931545
-0.02333387397504523
0.5440195962357484
0.028749797468905592
0.6579526302782093
0.11634506307918659
0.7528968253135935
0.20630776830055628
0.853019794623635
0.3033727923551919
0.9531427639336765
0.44068428979833507
1.0152880552295642
0.6111399417967196
1.0135617971380118
0.7389816807955081
0.9548690220252287
0.8620885405721191
0.868556117447607
0.9638884438489321
0.7632543738629081
1.044381390625947
0.652773856003552
1.1083022601253414
0.5302095315033288
1.153283612736026
0.4093714650946581
1.1603859315692922
0.28162836631977767
0.03348467669108298
-0.04118189680052841
0.15895897607878268
-0.053265703441395466
0.25365656052232977
-0.003204218786374732
0.353089024188054
0.04685726586864597
0.44305172940942367
0.09519249243211429
0.6561212944074044
0.12453887998850574
0.7484514392398628
0.11245507334763867
0.847883902905587
0.09864500861521912
0.942581487349134
0.08483494388279965
1.037279071792681
0.08310868579124722
0.09503810657938848
0.1625165580026594
0.17789849296749213
0.1556115256364496
0.2654937585777731
0.1625165580026594
0.35072158457696534
0.17460036464352646
0.426479652131803
0.1970417198337082
0.4146424540763596
0.23156688166475695
0.3341495072993447
0.24882946258028132
0.251289120911241
0.24882946258028132
0.16842873452313745
0.23156688166475695
0.09977298580156586
0.19186294555905087
0.7342468015733308
0.1987679779252606
0.8076374295170796
0.20049423601681302
0.8833954970719172
0.20912552647457525
0.9638884438489321
0.2177568169323374
1.0325441925705037
0.2401981721225191
1.030176752959415
0.28162836631977767
0.9520512457934888
0.2850808825028825
0.8762931782386512
0.2799021082282252
0.7981676710727248
0.2695445596789106
0.7342468015733308
0.2401981721225191
0.3033727923551919
0.19358920365060328
0.9047024535717153
0.23674565593941427
0.5164423573531726
0.5509246286019581
0.2891681546886598
0.7425392767642788
0.3957029371876502
0.7442655348558314
0.5093400385199066
0.751170567222041
0.6182422606299857
0.7701594062291178
0.7129398450735326
0.794327019510852
0.7105724054624439
0.8340309556165582
0.6064050625745423
0.8253996651587958
0.49987028007555184
0.8046845680601665
0.3886006183543842
0.7926007614192996
0.2844332754664825
0.7839694709615374