0.09820333651778912
0.23192958925823962
0.07858106509369138
0.333361639032679
0.07465661080887181
0.45471784144138333
0.08642997366333047
0.5760740438500875
0.12763674365393565
0.679317380227642
0.1923902393534582
0.7626365639709315
0.25714373505298077
0.8495783209204509
0.3258216850373228
0.9274636448543955
0.41215967930335284
0.99085867596342
0.5298933078479392
1.00897154199457
0.6240802106836083
0.9528216572980053
0.7025692963799992
0.8912379127920956
0.7771339277915706
0.8133525888581511
0.834038514921454
0.7155431122899417
0.8870186477665178
0.6231674955310774
0.9282254177571231
0.5235467323597528
0.9478476891812208
0.4094356763635086
0.32474145783633673
0.035260048773135474
0.3994040892413996
0.029671993168973683
0.47003090273267534
0.029671993168973683
0.5265323535256959
0.05947495639116992
0.5689084416204612
0.09672866041891522
0.8379629692062734
0.16491198494298503
0.8673963763424203
0.15223297872118005
0.9105653734754351
0.15223297872118005
0.9478476891812208
0.16310069833987004
0.9753188691749577
0.18302485097413493
0.2512570536257514
0.19751514379905483
0.32974613932214236
0.15223297872118005
0.4258952693002212
0.13774268589626015
0.5043843549966122
0.17215713135544494
0.539704443559988
0.2500424552893895
0.5200821721358903
0.3188713462077591
0.4533664492939581
0.37502123090432377
0.3532928650310596
0.3732099443012088
0.2748037793346687
0.342418072048254
0.23359700934406347
0.2663440347174244
0.739851612085785
0.3261164926202191
0.7928317449308486
0.2663440347174244
0.8673963763424203
0.2536650284956195
0.9321498720419427
0.2953246203672642
0.9301876448995329
0.3677760844918638
0.9105653734754351
0.43479368880711844
0.8634719220576007
0.494566146709913
0.7889072906460293
0.507245152931718
0.7280782492313262
0.46377427445695824
0.7202293406616871
0.39132281033235866
0.37720709071557
0.284859865759029
0.8242273792094053
0.3858889505230137
0.6718217984220345
0.545635793953246
0.32974613932214236
0.684751240036987
0.41019745216094305
0.7191656854961718
0.496535446426973
0.7445236979397816
0.5887601221202324
0.7535801309553565
0.6633247535318038
0.7807494300020813
0.6201557563987887
0.8314654548893011
0.5475533521296272
0.8749363333640607
0.45729090357877755
0.8586347539360258
0.3788018178823866
0.8151638754612661
0.323859457894913
0.7499575577491265