0.08561967881334741
0.3959318848992914
0.13292336876547306
0.49053926480354265
0.1821192063156836
0.5927152351001339
0.23131504386589427
0.6967833529948103
0.3032166525931252
0.7838221425067214
0.3902554421050364
0.8462630132435273
0.48297067441120256
0.9087038839803332
0.5700094639231137
0.974929049913309
0.6778618770139601
0.9938505258941593
0.7667928141239563
0.9389782455496936
0.8386944228511872
0.8557237512339524
0.899243145989908
0.7592242237316162
0.9314096551573534
0.6513718106407699
0.9389782455496936
0.5245979215690731
0.9276253599611833
0.4016083276935465
0.901135293587993
0.284295176612275
0.8595080464301225
0.1764427635214286
0.09040051939602299
0.17990919510293732
0.14099237957819197
0.1818550358791746
0.20715096597025903
0.19353008053659818
0.26552618925737703
0.21104264752273355
0.316118049439546
0.23633857761381807
0.4931895600771373
0.1643424688930391
0.5632398280216788
0.10012972327720931
0.6177233697563224
0.01645856989900687
0.6936111600295757
-0.04775417571682293
0.8006324027226254
-0.02634992717821298
0.1546132650118528
0.37838495427913854
0.18963839898412366
0.36670990962171496
0.24217609994252987
0.36087238729300314
0.29276796012469875
0.35503486496429126
0.33946813875439313
0.3647640688454777
0.33946813875439313
0.3647640688454777
0.29276796012469875
0.35503486496429126
0.24217609994252987
0.36087238729300314
0.18963839898412366
0.36670990962171496
0.1546132650118528
0.37838495427913854
0.549618942588018
0.30833468633459693
0.5963191212177125
0.24412194071876714
0.6683152299384912
0.19936760286530997
0.7578239056454056
0.1818550358791746
0.8278741735899473
0.19547592131283545
0.8278741735899473
0.19547592131283545
0.7578239056454056
0.1818550358791746
0.6683152299384912
0.19936760286530997
0.5963191212177125
0.24412194071876714
0.549618942588018
0.30833468633459693
0.24373277256351963
0.3651532370007251
0.6799902745959148
0.22583103742213673
0.43676017756625657
0.5359980571543571
0.40951840669893474
0.7558780648691683
0.5165396493919845
0.7208529308968976
0.6274525736375087
0.6799902745959148
0.738365497883033
0.637181777518695
0.833711695918659
0.5749148726791024
0.8414950590236081
0.6508026629523559
0.7714447910790664
0.7364196571067957
0.6683152299384912
0.7947948803939135
0.557402305692967
0.8278741735899473
0.45232690377615464
0.8084157658275745