0.03838116354894952
0.35899559568786454
0.0684621061463624
0.45635578990656933
0.10069168750073336
0.5570732322017812
0.1372185463690205
0.654433426420486
0.19093451529297206
0.7383646283331624
0.2811773430852108
0.8139027100545713
0.3692715321204914
0.8911194158142337
0.44662252737098174
0.9582643773443749
0.5755408527884657
0.9532285052296144
0.6894187069072429
0.9146201523497832
0.7753642571855657
0.850832438896149
0.8484179749221399
0.7752943571747402
0.9150257763878398
0.6947204033385707
0.9751876615826657
0.6107892014258942
0.9923767716383302
0.5050358870159218
0.9988226879092044
0.3959253245294423
0.9751876615826657
0.296886506272484
0.021192053493284988
0.21295530435980742
0.1049889650146495
0.21463392839806095
0.188785876536014
0.22470567262758215
0.2725827880573785
0.24484916108662452
0.3456365057939528
0.27674301781344157
0.5046357738088495
0.2280629207040892
0.5669462977606333
0.15756071109744094
0.6550404867959141
0.09377299764380678
0.7689183409146915
0.07027226110825738
0.85916116870693
0.10384474187332798
0.11358352004248176
0.35395972357310396
0.1565562951816431
0.3203872428080334
0.2145695416195108
0.3036010024254981
0.2811773430852108
0.3086368745402587
0.3305960344952463
0.3371734831905687
0.33919058952307857
0.3757818360703999
0.3048123694117495
0.42110468510324517
0.24250184545996567
0.436212301447527
0.17804268275122367
0.4244619331797522
0.12862399134118824
0.3959253245294423
0.5776894915454237
0.28177888992820216
0.6292568217124173
0.25492090531614575
0.7001619006920333
0.25492090531614575
0.7775128959425237
0.2582781533926528
0.8290802261095174
0.28681476204296275
0.8484179749221399
0.33213761107580814
0.7882560897273141
0.3556383476113575
0.719499649504656
0.3657100918408787
0.6464459317680818
0.35899559568786454
0.5970272403580463
0.325423114922794
0.24679912297388182
0.37410321203214636
0.6851214293933269
0.32206586684628696
0.3714201708774495
0.5822525927755842
0.3692715321204914
0.7835150159922146
0.455217082398814
0.7667287756096793
0.5519058264619269
0.7583356554184116
0.650743209281998
0.7549784073419046
0.7345401208033624
0.7667287756096793
0.7345401208033624
0.7719371090982331
0.650743209281998
0.7601867408304583
0.5519058264619269
0.7635439889069654
0.455217082398814
0.7719371090982331
0.3692715321204914
0.7887233494807684