0.020313100371238433
0.1923330323246388
0.037082040657764236
0.31812789612172154
0.0482613341821148
0.445438360687444
0.07993599916777472
0.5651708214099685
0.1432853291390945
0.6712628752147373
0.2327196773338989
0.7621989213331103
0.32588045670348686
0.8501037659142043
0.40413551137394077
0.9395242112639378
0.5494663271904978
0.9592270212562521
0.679891418307921
0.9183058005029842
0.780505060027076
0.8425257620710066
0.8736658393966639
0.7546209174899127
0.9519208940671179
0.6470132629165044
1.0152702240384375
0.5287964029626193
1.0525345357862728
0.40300153916553655
1.0693034760727984
0.2726598730625351
1.067440260485407
0.15292741234001048
0.0575774121190736
0.011976540856532124
0.1488749759012698
0.042288556229323156
0.23830932409607422
0.07108497083347466
0.3240172411160951
0.10897499004946347
0.39109300226219834
0.15292741234001048
0.5587824051274567
0.11200619158674256
0.6482167533222611
0.0816941762139515
0.7376511015170655
0.0407729554606836
0.8308118808866535
0.008945339319253018
0.9146565823192827
0.0256169477742881
0.10788423297865109
0.20597343924239475
0.16750713177518733
0.1923330323246388
0.22899324615911537
0.18778623001872016
0.2904793605430434
0.1953642338619179
0.34451261257740445
0.21052024154831345
0.3519654749269715
0.24386345845838356
0.2960690073052187
0.25598826460749996
0.23830932409607422
0.2650818692193373
0.17309677853736266
0.26053506691341866
0.12278995767778517
0.2378010553838254
0.6258581662735601
0.18475502848144107
0.687344280657488
0.16202101695184778
0.7562832573909831
0.1514118115713709
0.8270854497118699
0.1453494084968127
0.896024426445365
0.14686500926545226
0.8829819173336227
0.18930183078735968
0.834538312061437
0.22870745077198806
0.7655993353279419
0.24083225692110444
0.6929339274196633
0.2362854546151858
0.6295845974483435
0.22112944692879027
0.2494886176204247
0.21203584231695297
0.7693257665027254
0.16959902079504552
0.45257911664612643
0.49393758528390963
0.3035218696547857
0.7251243612263352
0.40599872696133243
0.702390349696742
0.5252445245544051
0.7008747489281023
0.6463535377348694
0.705421551234021
0.7506936106288078
0.7175463573831374
0.7506936106288078
0.7212777005798424
0.6463535377348694
0.7091528944307259
0.5252445245544051
0.7046060921248073
0.40599872696133243
0.706121692893447
0.3035218696547857
0.7288557044230402