0.0397067985026614
0.31497499016761193
0.05227259931177164
0.4349912061164809
0.06483840012088189
0.5500067464008138
0.08787570160425065
0.6633553947969679
0.16327050645891208
0.751700664870441
0.27217411347120085
0.8200432322857693
0.38945492102289636
0.8883857997010974
0.5130186289791471
0.9500607995637106
0.6428652373399528
0.9900662048800003
0.7831833463750172
0.9817317454391067
0.8669553517690853
0.9117222861355997
0.904652754196416
0.8050412052921606
0.9381615563540434
0.6966932325605426
0.9611988578374121
0.5850114760525673
0.9779532589162258
0.4699959357682344
0.9842361593207809
0.35331350359572283
0.9737646586465224
0.24996620652864113
0.10881870295276774
0.07827634204623123
0.20515650915594616
0.07827634204623123
0.30987151589853146
0.09327836903983987
0.4166808227759686
0.11828174736252094
0.5067357285745919
0.14828580134973823
0.7161657420597626
0.18162363911331292
0.7580517447567966
0.14328512568520202
0.812503548262941
0.11328107169798472
0.8711439520387888
0.08661080148712494
0.9318786559494883
0.08494390959894615
0.19259070834683592
0.28497093618039465
0.24494821171812858
0.2449655308641049
0.31824871643793834
0.22662972009413884
0.39992642169715487
0.22829661198231757
0.46275542574270606
0.25163309841681986
0.44390672452904073
0.3049736388385395
0.3978321215623032
0.35331350359572283
0.33081451724704863
0.3799837738065826
0.25541971239238714
0.36498174681297396
0.19887360875139104
0.3316439090493993
0.7203543423294659
0.2583006659695348
0.7580517447567966
0.23329728764685378
0.8083149479932377
0.21662836876506641
0.8648610516342338
0.22329593631778136
0.898369853791861
0.2599675578577136
0.8920869533873058
0.28163715240403714
0.8648610516342338
0.31830877394396934
0.8145978483977927
0.3383114766021142
0.7580517447567966
0.32831012527304176
0.7287315428688728
0.2949722875094671
0.29311711481971786
0.333310800937578
0.7999377474538307
0.28830471995675205
0.8439180502857165
0.4433256655573747
0.34756891832586223
0.6783574217905766
0.4669440260124094
0.6850249893432915
0.598884934508067
0.6833580974551128
0.7245429425991693
0.6850249893432915
0.8439180502857165
0.6900256650078277
0.827163649206903
0.738365529765011
0.7371087434082795
0.790039178298552
0.6093564351823255
0.790039178298552
0.4878870273609266
0.7750371513049433
0.36641761953952756
0.7366986378768323