0.015508275421993865
0.26803218633270537
0.01128474509430191
0.38855638022552524
0.0070612147666099965
0.5123826068277376
0.01128474509430191
0.6345578170752537
0.06619063935429707
0.7336187983570235
0.1675553672189035
0.8227736815106163
0.2604730344281261
0.9152305973736015
0.3597259971288866
0.9878753169802328
0.5096613237619502
0.9895263333349288
0.6490378245757842
0.951552957176917
0.78207902989808
0.900371450181336
0.9003378790734543
0.8310287632840971
1.0080379024295987
0.750128961903985
1.0946202741472832
0.6543700133316076
1.1558614638988163
0.547053950276357
1.179090880701122
0.42487874002884085
1.176979115537276
0.30765657884541325
-0.005609376216465827
-0.0803322645081852
0.0640788741904511
-0.10509750982862764
0.15066124590813576
-0.10344649347393146
0.22668479180659062
-0.07868124815348902
0.28159068606658577
-0.04896295376895807
0.5751260438411753
-0.027499741157907938
0.6469260594119381
-0.0704261663800082
0.7356201962934688
-0.09023836263636216
0.8369849241580751
-0.09023836263636216
0.9172320003842219
-0.060520068251831205
0.06830240451814305
0.18713238495259332
0.09786711681198662
0.11283664899126596
0.19078478402120913
0.083118354606735
0.2752553905750479
0.12439376347413912
0.3174906938519672
0.19538746672607413
0.32171422417965917
0.2564750718498322
0.2858142163942777
0.3291197914564634
0.1950083143489011
0.3654421512597791
0.10631417746737044
0.32251572603767875
0.07463770000968095
0.24656897372165523
0.5624554528580995
0.15411205785867008
0.6384789987565542
0.07486327283325417
0.7778554995703881
0.07486327283325417
0.9024496442373002
0.11283664899126596
1.0038143721019066
0.19043441766198566
1.0038143721019066
0.2960994643625401
0.9256790610396058
0.3522340204222097
0.786302560225772
0.35883808584099436
0.657484885231168
0.3274687751017672
0.5645672180219453
0.2515220227857437
0.21612596598736078
0.27133421904209765
0.8095319770280776
0.25977710455922454
0.2942612770496616
0.466154148896245
0.22034949631505274
0.6378598497846459
0.3555024668011946
0.6510679806222153
0.48643190695964467
0.6560210296863038
0.6279201729373245
0.6510679806222153
0.7482907872765445
0.6543700133316076
0.7039437188357793
0.7369208310664158
0.6236966426096325
0.8227736815106163
0.4906554372873365
0.8574450249592357
0.3533907016373487
0.8227736815106163
0.27314362541120185
0.7319677820023274