-0.11734572045132943
0.17476862608629545
-0.12194575633003751
0.3025080877558141
-0.10814564869391326
0.426885984644556
-0.08744548723972685
0.5495830991429094
-0.04374514639199998
0.6672378664700976
0.03215544560668349
0.7697655922837902
0.13105621699890743
0.8521239294128219
0.2552571857240258
0.9243975721995232
0.3840581903278523
0.9865865206438942
0.5404594102039273
0.9798633910823407
0.6554603071716296
0.9092705306860277
0.7474610247457913
0.8218698463858306
0.8256616346838288
0.7210229029625265
0.8923621549250961
0.6134528299776686
0.9429625495908851
0.49915962743125725
0.9728627828024877
0.3781432953232922
0.9958629621960282
0.2588077456057156
0.09655594790859673
-0.008436654466040514
0.19545671930082062
0.025178993341727553
0.2943574906930446
0.06383698832066084
0.3909582441459144
0.10753733047075932
0.47375888996266
0.1529184550112462
0.6347601457174431
0.18149175564784906
0.7083607197767725
0.16972627891513026
0.7796612758967479
0.147876107840081
0.8486618140773693
0.12266437198425495
0.9222623881366987
0.10249498329959413
0.06435569675764014
0.16972627891513026
0.15635641433180186
0.16300314935357665
0.24375709602725562
0.17476862608629545
0.32655774184400116
0.19493801477095626
0.4116584056001008
0.22687288018833596
0.3932582620852685
0.26553087516726925
0.3242577239046472
0.2974657405846489
0.23225700633048538
0.2890618286327069
0.14945636051373976
0.260488527996104
0.08275584027247247
0.21510740345561716
0.6669603968683997
0.2369575745306664
0.7336609171096672
0.21846896823639392
0.8095615091083505
0.21846896823639392
0.8877621190463881
0.21846896823639392
0.9498626034089472
0.23359600974988956
0.9314624598941149
0.2806579166807649
0.8716619934709098
0.3092312173173677
0.8003614373509343
0.31931591165969814
0.7244608453522509
0.3075504349269793
0.6692604148077539
0.2756155695095996
0.30585758038981475
0.22519209779794752
0.8164615629264128
0.24872305126338518
0.683060522443878
0.5075635393831993
0.2575572036633798
0.7075766438394192
0.35415795711624976
0.694130384716312
0.4576587643871818
0.6890880375451468
0.5611595716581138
0.68572647276437
0.6577603251109836
0.6958111671067004
0.6347601457174431
0.7462346388183525
0.5565595357794056
0.7848926337972858
0.4507587105691196
0.7848926337972858
0.3495579212375416
0.7848926337972858
0.2598572216027339
0.7613616803318481