0.09358052944470613
0.27175463994734506
0.08596292300473274
0.37187713642354114
0.08786732461472613
0.4787875987625301
0.11262454554463962
0.5789100952387263
0.15642578257448658
0.6654566599893363
0.22498424053424707
0.7486092418085499
0.2859250920540341
0.8317618236277636
0.3525791484038012
0.9183083883783739
0.46493884339340863
0.9352783030353562
0.5811073416030028
0.9284903371725632
0.6801362253226567
0.8826715675987108
0.7639298961623641
0.8181858919021777
0.8458191653920778
0.7486092418085499
0.9143776233518384
0.6722446258521293
0.9562744587716919
0.5772131037730279
0.9791272780916122
0.4753936158311337
0.9829360813115988
0.36848315349214467
0.12595535681459302
0.12072239950020186
0.19832261799434017
0.10884345924031413
0.26878547756409404
0.15466222881416658
0.3354395339138611
0.20557197278511372
0.3830495741636948
0.25817870822175915
0.5411149077931425
0.2310268447705873
0.6191953738028697
0.19708701545662255
0.6896582333726236
0.1563592202798648
0.7677386993823507
0.12411638243159834
0.8458191653920778
0.11732841656880537
0.1507125777445065
0.24290578503047502
0.21165342926429356
0.2310268447705873
0.28021188722405405
0.2310268447705873
0.3430571403538345
0.2513907423589662
0.38495397577368806
0.28023959727583625
0.38685837738368145
0.33624031564387813
0.3392483371338478
0.3633921790950499
0.2706898791740873
0.3616951876293517
0.21165342926429356
0.33454332417817984
0.16975659384444
0.29211853753572387
0.5925337512629629
0.2904215460700257
0.65918780761273
0.25817870822175915
0.7315550687924771
0.2462997679618715
0.8039223299722242
0.2632696826188538
0.862958779882018
0.29720951193281864
0.8610543782720246
0.3464222644380675
0.7982091251422443
0.3888470510805235
0.7239374623525037
0.39224103401192
0.6496657995627633
0.37866510228633404
0.5868205464329828
0.3464222644380675
0.30687350976396094
0.29381552900142216
0.7029890446425769
0.31417942658980097
0.3601967548437746
0.5449702659247614
0.34115273874384117
0.7265483527544729
0.43827722085350185
0.7282453442201711
0.5296884981331824
0.7163664039602835
0.6230041770228564
0.6960025063719045
0.7029890446425769
0.6688506429207328
0.6953714382026035
0.7231543698230765
0.6153865705828829
0.7655791564655324
0.5239752933032024
0.791034028451006
0.42685081119354173
0.8046099601765919
0.3582923532337813
0.7604881820684376