0.02429057947580918
0.3236108132987944
0.022186909352982072
0.4370671778887713
0.0495346209497342
0.5434325196918748
0.09791903377475719
0.6285247931343574
0.16313280758239695
0.7100715551834033
0.24307227224982625
0.7827545387488573
0.3335300875313909
0.8394827210438457
0.4450246040412266
0.882028857765087
0.5481044400597538
0.9298932615764837
0.6743246474293791
0.9334387729699204
0.7795081535707333
0.8891198805519607
0.8363072468870648
0.7951638286258861
0.8973136804490504
0.7029805323965298
0.9309724024142837
0.6019334576835815
0.9351797426599379
0.49202260448704144
0.914143041431667
0.38211175129050123
0.9120393713088399
0.27397365379067945
0.20941355028459288
0.12328941956961631
0.30197503568898465
0.13038044235648993
0.3882255107248952
0.13924422084008187
0.4660613052694974
0.17292657907773126
0.5312750790771371
0.217245471495691
0.699568688903304
0.16760831198757606
0.7374347511141918
0.14101697653680023
0.7795081535707333
0.1179711524794612
0.8236852261501022
0.09669808411884047
0.865758628606644
0.09137981702868536
0.18416950881066776
0.28815569936442664
0.26200530335527
0.2527005854300588
0.358774129005316
0.24206405124974847
0.4597502949010162
0.24560956264318523
0.49972002723473086
0.2686553867005243
0.5207567284630018
0.3555204158397254
0.48078699612928705
0.426430643708461
0.3861218406020681
0.4335216664953346
0.28935301495202215
0.40515757534784025
0.21151722040741994
0.35374766014300696
0.7269164005000562
0.2597916082169323
0.7437457614826729
0.23142751706943812
0.8005448547990044
0.20660893731538066
0.8678622987294711
0.20129067022522545
0.8888989999577419
0.2473823183399036
0.8888989999577419
0.2987922335447369
0.8804843194664337
0.3519749044462886
0.8257888962729293
0.3767934842003461
0.7668861328337708
0.35729317153644374
0.7374347511141918
0.31120152342176566
0.4513356144097079
0.34842939305285187
0.8215815560272752
0.29170121075786337
0.7710934730794251
0.4335216664953346
0.35246311863683477
0.6941167539129378
0.4723723156379787
0.6870257311260644
0.5943851827619497
0.6834802197326274
0.7185017200087478
0.676389196945754
0.8257888962729293
0.6657526627654435
0.8005448547990044
0.7012077766998114
0.7290200706228833
0.780981783052139
0.6112145437445665
0.7951638286258861
0.4934090168662496
0.7650269817816735
0.3861218406020681
0.7277991121505872