-0.00264900650162967
0.3922837764912883
0.01904213369287403
0.47732291207803007
0.02771858977067549
0.5722832801498916
0.04940972996517916
0.6615743725159704
0.08628466829583542
0.7437788702498209
0.17738745711275086
0.808975540866323
0.2684902459296663
0.8713375736299335
0.3595930347465817
0.9351169253199898
0.47889430581635195
0.9691325795546865
0.6047029189444733
0.9492901145844467
0.6936365937419383
0.8968493143059559
0.7825702685394035
0.8274006869101169
0.8584892592201664
0.7537001027349407
0.9127171097064254
0.6828341564126559
0.9300700218620286
0.5907084261936858
0.9387464779398299
0.49574805812182404
0.9409155919592802
0.4092916036086367
0.062424414081881395
0.28031558130207834
0.14485074682099536
0.24913456492027308
0.21860062348230783
0.28598485700786114
0.30102695622142184
0.3270871058747863
0.3856224029799861
0.3568508033301459
0.5352912703220616
0.37102399259460284
0.6220558311000762
0.32566978694834064
0.7174968479558924
0.28598485700786114
0.8302907769673116
0.2661423920376214
0.9083788816675247
0.31716587338966645
0.06025530006243101
0.3625200790359287
0.13834340476264426
0.35826812225659166
0.2272770795601093
0.361102760109483
0.30970341229922327
0.37102399259460284
0.3704386048438335
0.40362232790285385
0.3769459469021847
0.44047261999044196
0.31621075435757434
0.4702363174458015
0.2294461935795597
0.4702363174458015
0.15569631691824717
0.44897653354911615
0.09713023839308724
0.41354356038797374
0.5960264628666718
0.3908664575648426
0.6610998834501829
0.3639373979623744
0.7391879881503961
0.35968544118303736
0.8194452068700597
0.3625200790359287
0.8866877414730211
0.3866145007855055
0.8780112853952196
0.42204747394664793
0.8194452068700597
0.4546458092548989
0.7435262161892968
0.4631497228135731
0.6676072255085339
0.4560631281813446
0.602533804925023
0.42913406857887637
0.272828473968567
0.41212624146152804
0.7088203918780909
0.40645696575574525
0.4962472179719549
0.5737005990763373
0.23812264965736113
0.6998419835300043
0.3444092366104291
0.6870861131919931
0.48540164787470313
0.6899207510448845
0.6242249451195266
0.6799995185597645
0.7413571021698465
0.7111805349415697
0.7608791283448997
0.7820464812638546
0.6307322871778777
0.799054308381203
0.4875707618941534
0.8103928597927686
0.3444092366104291
0.8061409030134314
0.2099241674045064
0.784881119116746