0.034454219717697306
0.3993048913836073
0.05179956643213174
0.5024559763508608
0.07685395613075924
0.6039697425091104
0.10769012806753159
0.6989342334313439
0.16550795044897967
0.7742508986455289
0.2541619447672001
0.8397436510056899
0.34281593908542063
0.9183349538378832
0.42954267265759283
0.9805530685800361
0.5432510566744407
0.9936516190520682
0.658886701437337
0.9740037933440199
0.7513952172476539
0.916697635028879
0.8361946900737779
0.8397436510056899
0.8978670339473226
0.7546030729374806
0.936412248868288
0.6580012632062432
0.9614666385669155
0.5564874970479936
0.9614666385669155
0.45006177446273216
0.9518303348366742
0.3501853271134866
0.020963394495359392
0.05219330387475407
0.11154464955962809
0.04400670982973394
0.20598042611599343
0.05874257911077015
0.2965616811802621
0.08330236124583056
0.36594306803799986
0.13242192551595128
0.5548146211507304
0.12914728789794325
0.608777922040082
0.06856649196479433
0.6858683518820128
0.02927084054869772
0.7841586499304746
0.019446927694673575
0.8728126442486951
0.03254547816670575
0.11732643179777291
0.3305375014054383
0.13852630000430394
0.2584954738092612
0.23103481581462088
0.22574909762918066
0.3216160708788896
0.25522083619125313
0.3505249820696137
0.31580163212440204
0.3775066325142895
0.4042168478106194
0.3543795035617103
0.4778961942158005
0.26572550924348975
0.5040932951598649
0.1770715149252693
0.4713469189797844
0.13274451776615911
0.3993048913836073
0.5991416183098407
0.30106576284336584
0.6357595724847578
0.2273864164381847
0.7205590453108817
0.19627735906710822
0.8111403003751504
0.2142878659661525
0.8612490797724055
0.2797806183263135
0.8670308620105504
0.3469106894954785
0.8323401685816815
0.4205900359006596
0.7456134350095092
0.4533364120807401
0.6531049191991922
0.44187518041771195
0.608777922040082
0.3763824280575509
0.28307085595792425
0.41240344185563954
0.7224863060569299
0.37310779043954295
0.46037884459436507
0.5286530772949253
0.316525444218638
0.7361813324771049
0.4046477804000176
0.6899670571634262
0.510394583817673
0.6860432035990572
0.6202883207026875
0.6860432035990572
0.708410656884067
0.7278976416189927
0.7327738910048014
0.7950391359426391
0.6306556543710851
0.8137864363057352
0.5243904842700098
0.8203261922463502
0.41812531416893445
0.8246860295400934
0.31393361080153864
0.801578891883254