0.03909421060234308
0.5135329781803272
0.04355669487267733
0.597738117797847
0.05694414768368007
0.6804395942079113
0.09487526398152116
0.7541190913732414
0.15511880163103342
0.8127619564640142
0.2354435184970498
0.8578718526876855
0.3157682353630662
0.9059890753262683
0.40724916290491825
0.9480916451350282
0.5188112696632743
0.9661356036244968
0.6303733764216304
0.9510989715499396
0.7129293354228139
0.9089964017411797
0.7977165365591645
0.8548645262727741
0.8780412534251809
0.7947179979745455
0.9293598225340247
0.7285568168464942
0.9472097596153618
0.6473590036438857
0.9561347281560302
0.5631538640263658
0.9472097596153618
0.4804523876163015
0.03686296846717597
0.2955018130992488
0.08818153757601975
0.3270787404558188
0.16850625444203615
0.3496336885676545
0.2532934555783868
0.37068497347203444
0.33361817244440317
0.37820328950931303
0.550048659555614
0.36918131026457873
0.6326046185567975
0.3511373517751102
0.7106980932876468
0.3240714140409074
0.7977165365591645
0.31655309800362874
0.8780412534251809
0.3300860668707302
0.09933774825185537
0.46090476591937724
0.14842507522553208
0.4188021961106173
0.23321227636188271
0.40526922724351583
0.33138693030923605
0.4263205121478958
0.36708680447191006
0.46240842912683294
0.37378053087741137
0.51954763101015
0.33361817244440317
0.5736795064785557
0.25106221344321966
0.5887161385531128
0.15735004376620051
0.5661611904412771
0.110493958927691
0.5255622838399729
0.5790548073127866
0.4443644706373644
0.6281421342864633
0.3947435847913258
0.7106980932876468
0.3872252687540473
0.7977165365591645
0.4037655640360601
0.8579600742086768
0.44586813384482005
0.8668850427493454
0.5030073357281372
0.8155664736405015
0.5481172319518086
0.730779272504151
0.56165020081891
0.6348358606919646
0.5436062423294414
0.5879797758534552
0.5000000093132257
0.29122457187622786
0.5210512942176058
0.715160577557981
0.5000000093132257
0.4697239426895976
0.6202930659096828
0.2822996033355594
0.7571264177881528
0.384936741553247
0.7180311743943042
0.5076550589874388
0.6999872159048356
0.6326046185567975
0.7075055319421141
0.7374729989096522
0.7405861225061399
0.7642479045316577
0.8142656196714697
0.6549170399084687
0.8428352206131282
0.5277362382039428
0.8533608630653182
0.40055543649941683
0.8503535366504069
0.2822996033355594
0.833813241368394