0.0462789329056386
0.3391576196129405
0.08714158973940957
0.4487043111474083
0.12445097206589618
0.5634675118025649
0.1848566386897315
0.6625811850956549
0.2648053151036313
0.7408288219059891
0.3607437268003111
0.8051657677278193
0.46911859927248634
0.8434201679462049
0.5703869227300928
0.8921075864059683
0.6663253344267726
0.9355784957450428
0.7747002068989478
0.919928968382976
0.8368825107764253
0.8277706405841381
0.8777451676101964
0.7182239490496704
0.9186078244439675
0.6086772575152025
0.939927471487674
0.4869587113657939
0.9381508342340318
0.3600236560956963
0.9203844616976096
0.2365662735727246
0.8919582656393341
0.1270195820382569
0.08714158973940957
0.15310212764170156
0.1653136288996672
0.10267587280837517
0.27191186411820023
0.09398169094056029
0.3802867365903755
0.10267587280837517
0.46911859927248634
0.1409302730267607
0.5881532952665149
0.1513632912681386
0.6307925893539281
0.09224285456699727
0.6858683442168368
0.0348612542394189
0.7498272853479567
-0.003393145978966662
0.8208927754936455
-0.025998018835285394
0.1795267269288049
0.28177601928536217
0.23460248179171367
0.2643876555497323
0.29678478566919125
0.24873812818766555
0.35896708954666884
0.2365662735727246
0.4211493934241465
0.2313497644520357
0.42292603067778867
0.26612649192329535
0.3696269130685222
0.29220903752674
0.3145511582056134
0.3235080922508737
0.2523688543281358
0.3304634377451256
0.1990697367188693
0.30438089214168096
0.6485589618903502
0.17744583687158336
0.6965281677386902
0.15310212764170156
0.7462740108406722
0.12875841841181984
0.7960198539426543
0.11658656379687898
0.8457656970446366
0.1270195820382569
0.8493189715519209
0.1600574731359535
0.8137862264790766
0.1983118733543391
0.7640403833770946
0.21570023708996888
0.7089646285141857
0.2174390734635319
0.6574421481585614
0.21396140071640593
0.29145487390826463
0.28177601928536217
0.7516039226015989
0.17222932775089436
0.7142945402751123
0.42088292917040054
0.5224177168817529
0.7337708367646865
0.5846000207592305
0.7024717820405528
0.653888873651277
0.6763892364371081
0.7231777265433234
0.6537843635807893
0.7960198539426543
0.6381348362187225
0.7960198539426543
0.643453984986462
0.7231777265433234
0.6591035123485288
0.653888873651277
0.6817083852048477
0.5846000207592305
0.7077909308082924
0.5224177168817529
0.739089985532426