0.0731041578937504
0.37581667077815367
0.07071239524177374
0.46915191044940047
0.07071239524177374
0.5640691033354142
0.09463002176154049
0.6463306705032927
0.14724880010502742
0.7159366119530362
0.21182639170839765
0.7855425534027796
0.2740122206597912
0.8519845884229892
0.3361980496111848
0.9184266234431988
0.45339441955804194
0.9437378748794691
0.563415501548969
0.9136807637988982
0.6686530582359428
0.8772958398592595
0.7643235643150097
0.8314191966310196
0.8504270197861701
0.7697230212551106
0.9150046113895404
0.7080268458792016
0.9532728138211671
0.6257652787113231
0.9795822029929105
0.5387578518991438
0.984365728296864
0.4485865186574308
0.12093941093328392
0.24135064752296753
0.20943462905642093
0.23344088144913303
0.2955380845275813
0.26507994574447097
0.37446625204281164
0.2967190100398089
0.45339441955804194
0.3378497936237482
0.6016837039805958
0.339431746838515
0.6901789221037329
0.31570244861701163
0.7810659028788465
0.29355510361027504
0.888695222217797
0.2919731503955082
0.9604481017770972
0.3299400275499137
0.1233311735852606
0.3331039339794475
0.19269229049258424
0.325194167905613
0.26444517005188445
0.33152198076468054
0.3314145243072314
0.34575955969758265
0.3816415399987416
0.37898057720768735
0.3768580146947883
0.41220159471779216
0.3146721857433947
0.43276698650976186
0.24291930618409446
0.4280211268654612
0.17594995192874743
0.4090376882882585
0.13289822419316732
0.3726527643486198
0.6327766184562926
0.40587378185872464
0.6949624474076862
0.385308390066755
0.7738906149229164
0.38689034328152183
0.8480352571341935
0.39480010935535637
0.9030457981296569
0.4042918286439577
0.8982622728257037
0.4485865186574308
0.8289011559183801
0.46282409759033283
0.7547565137071031
0.4644060508050998
0.6758283461918728
0.461242144375566
0.6232095678483859
0.4375128461540625
0.25726988209595447
0.40587378185872464
0.7212718365794296
0.43593089293929566
0.38881682795467165
0.5751427758387825
0.3371904936541314
0.7410105704070916
0.3975728785828851
0.7419321501287175
0.45676350591436077
0.7450040825341369
0.5167486383106885
0.7526839135476855
0.572761245382756
0.7671219958531569
0.5695832251233479
0.7867823632478412
0.5103925977918723
0.7843248173235057
0.45001021286311854
0.7818672713991701
0.3904223329992169
0.7748018268667054
0.3348069784595753
0.7579061986368986