0.023262992522845798
0.28088523200343035
0.033870243637002265
0.39794655250761635
0.04624536993685149
0.5135070868514923
0.06215624660808622
0.6230644765541279
0.11342462699317579
0.7176140046536627
0.18413963442088555
0.8016580296310271
0.2601582674056736
0.8736957653259108
0.35915927780446727
0.9352279978986239
0.48291054080295936
0.9652437211048254
0.6084296789871443
0.9457335010207943
0.7109664397573234
0.881199696127461
0.7922886982991897
0.8076611742722674
0.8700752064696705
0.7236171492949031
0.9266472124118385
0.6260660488747479
0.9602368409400005
0.5180094453324224
0.9743798424255424
0.40244891098854657
0.9690762168684642
0.292891521285911
0.208889887020584
0.0872838173234305
0.2601582674056736
0.12630425749149252
0.31496239816214866
0.16682548381986456
0.3556235274330818
0.21034828246885676
0.38744528077555124
0.24936872263691878
0.548321922673591
0.2208537855910273
0.6296441812154572
0.1698270561404847
0.7056628142002452
0.12780504365180254
0.7922886982991897
0.09778932044560106
0.866539456098285
0.13230740213273282
0.09751375032194107
0.21785221327040719
0.1487821307070307
0.19233884854513586
0.23894376517736066
0.1968412070260661
0.3078908974193777
0.22835771639257768
0.3697665289186238
0.26887894272094975
0.3715344041043165
0.3244080306524226
0.3255696492763051
0.3694316154617249
0.23894376517736066
0.37093240162203495
0.16469300737826537
0.3454190368967637
0.125799753293025
0.2883891628049807
0.596054552687295
0.25687265343846916
0.6508586834437702
0.20434513782761649
0.7374845675427146
0.19383963470544593
0.8188068260845809
0.21785221327040719
0.8859860831409051
0.25837343959877923
0.8824503327695198
0.3214064583318025
0.8188068260845809
0.3649292569807947
0.7357166923570219
0.3844394770648257
0.6508586834437702
0.3739339739426551
0.5942866775016024
0.32290724449211256
0.26722976814844457
0.29739387976684123
0.7056628142002452
0.292891521285911
0.45108878746049
0.4564772127597093
0.2566225170342881
0.6530801997603294
0.367998653732931
0.5975511118288566
0.5023571678455796
0.567535388622655
0.6402514323296137
0.5780408917448255
0.7339488171713292
0.6380723381572286
0.7586990697710275
0.7491305140201743
0.6349478067725354
0.7926533126691664
0.5005892926598868
0.8091619604325773
0.35915927780446727
0.7941540988294765
0.24247951554874617
0.7536328725011046