-0.008278145757041229
0.3269115088396514
0.017776228783541178
0.43249549753717237
0.039822238010187805
0.5346177161134631
0.06186824723683448
0.6350090496291388
0.12399790960283867
0.7180915325386634
0.19214011993974642
0.8080975556906485
0.25026141699181487
0.8963726937820186
0.3284245406135621
0.9690698663278526
0.4466713173746668
0.9621463260853922
0.5569013635079001
0.9344521651155506
0.6350644871296472
0.8652167626909467
0.7052108801235228
0.7821342797814221
0.7613279945186235
0.6990517968718974
0.8194492915706919
0.6125075438411426
0.8515162140821778
0.5138470953860819
0.8615371273670173
0.40653222162794594
0.84951203142521
0.3061408881122703
0.05585569926593083
0.13305238205076056
0.10195190037619199
0.1347832671113756
0.1660857453991641
0.15209211771752665
0.22019867713729674
0.18497893386921344
0.26028233027665426
0.22305840520274564
0.4326420387758917
0.1832480488085984
0.5148135277115745
0.11920530156583976
0.6170268432169363
0.07939494517169252
0.7252527066932016
0.09843468083845862
0.801411647657981
0.15209211771752665
0.05585569926593083
0.2749849570211985
0.11397699631799929
0.25767610641504757
0.1781108413409713
0.25594522135443243
0.24825723433484703
0.25594522135443243
0.2923492527881403
0.29748646280919483
0.296357618102076
0.34248947438518734
0.25226559964878276
0.3822998307793346
0.18412338931187494
0.3926851411430251
0.11598117897496711
0.37364540547625913
0.06186824723683448
0.33383504908211187
0.4687173266013135
0.2680614167787381
0.5108051623976388
0.23863637074828148
0.5849599207054503
0.229981945445206
0.653102131042358
0.23863637074828148
0.7112234280944265
0.27325407196058343
0.7112234280944265
0.3199879685971911
0.6611188616702297
0.3615292100519534
0.5949808339902896
0.3822998307793346
0.5248344409964141
0.36499098017318365
0.48675497051402433
0.3165261984759608
0.15806901477129254
0.33556593414272695
0.5789473727345467
0.3199879685971911
0.23623213839303975
0.550195681658999
0.26228651293362215
0.7319386130235843
0.3224119926426584
0.726745957841739
0.3825374723516947
0.725015072781124
0.4406587694037632
0.728476842902354
0.4967758837988637
0.7388621532660447
0.4987800664558316
0.7682871992965012
0.4426629520607311
0.7752107395389616
0.3845416550086626
0.7717489694177315
0.3284245406135621
0.7717489694177315
0.2703032435614936
0.7648254291752712