0.02419306782524515
0.24163174708774743
0.013155539964159208
0.3499797198193653
-8.949346914393758e-05
0.4583276925509833
0.008740528819724843
0.5700094490589587
0.05068313469185144
0.6650222866851466
0.12794582971945312
0.7483668810940834
0.21403854703592345
0.8300445836148417
0.29571625320795947
0.9050547185828847
0.41933656525212215
0.9450601238991744
0.5539944051573708
0.9633959346691406
0.6599546726237957
0.9133891780237785
0.7416323787958319
0.8333783673911991
0.7924050069568271
0.7400324216531898
0.8498001518344741
0.6450195840270018
0.8917427577066007
0.548339854512635
0.9160253190009898
0.4433256655573747
0.9601754304453336
0.36498174681297396
0.22949108604144378
0.07494255826987373
0.3155838033579142
0.07660945015805251
0.42375157639655653
0.0999459365925548
0.5076367881408097
0.1416182337970232
0.5738619553073254
0.1982925579951003
0.7173498175014428
0.21829526065324514
0.7769524679513068
0.18995809855420664
0.847592646262257
0.17328917967241922
0.9248553412898587
0.1716222877842405
0.9844579917397226
0.18329053100149165
0.25156614176361575
0.25163309841681986
0.3155838033579142
0.23163039575867506
0.38622398166886424
0.23163039575867506
0.45907166555203155
0.25163309841681986
0.5032217769963753
0.29163850373310957
0.48776923799085503
0.3366445847139355
0.441411620974294
0.37664999003022515
0.3685639370911267
0.3749830981420464
0.3045462754968282
0.3399783684902929
0.25818865848026723
0.2983060712858245
0.7283873453625287
0.28663782806857335
0.7725374568068725
0.2583006659695348
0.8299326016845193
0.27330269296314347
0.882912735417732
0.3049736388385395
0.9204403301454241
0.3449790441548291
0.9292703524342929
0.38165066569476136
0.882912735417732
0.40998782779379983
0.8122725571067819
0.4016533683529062
0.7592924233735693
0.37164931436568893
0.7283873453625287
0.3349776928257567
0.42816658754099085
0.32831012527304176
0.8431776351178225
0.36164796303661656
0.7195573230736598
0.5100013410845241
0.25598115290805007
0.6600216110206104
0.3531113980856064
0.6916925568960064
0.45686415997981433
0.7166959352186875
0.5628244274462394
0.7316979622122961
0.6665771893404473
0.7366986378768323
0.6511246503349271
0.7650357999758709
0.5517868995851535
0.7883722864103732
0.4458266321187284
0.7683695837522283
0.3442813757967377
0.7400324216531898
0.25818865848026723
0.6900256650078277