0.022075055722171902
0.3046357547802641
0.03311258358325785
0.41887416282286316
0.051508463351734465
0.5314569417633956
0.07358351907390637
0.6374172042956614
0.13061074635618372
0.7235099176031272
0.19499632554585183
0.8129138891147265
0.25570272878182454
0.9006622315242592
0.3329654238094261
0.9685430247089919
0.45621781825821917
0.9751655411172585
0.5610743329385357
0.9387417008717921
0.6475349678503757
0.867549649482926
0.7247976628779774
0.7864238234816601
0.7947020059981884
0.7036423683783274
0.8498896453036182
0.6092715095605282
0.8738042890026377
0.4999999888241291
0.8793230529331807
0.38410595167946343
0.8682855250720948
0.2748344309430644
-0.007358351907390621
0.05298013126613291
0.055187639305429755
0.07947019689919935
0.12877115837933611
0.12086092445086569
0.18579838566161347
0.16390728110459865
0.22810890912910967
0.2284768160851981
0.4047093549064848
0.1473509900839321
0.4856512258877818
0.07284768049093271
0.5941869165217936
0.03145695293926643
0.7064017831095009
0.057947018572332865
0.8020603579055791
0.11258277894053238
0.05702722728227744
0.2599337690244645
0.09013981086553528
0.2284768160851981
0.15268580207835564
0.2168874123707315
0.21523179329117603
0.22682118698313145
0.2446652009207386
0.26986754363686444
0.2483443768744339
0.31953641669886396
0.22442973317541431
0.36092714425053035
0.16740250589313693
0.39072846808773
0.11773363051825017
0.36092714425053035
0.08278145895814464
0.314569529392664
0.46541575814245756
0.2218542996769315
0.5022075176794107
0.17715231392113184
0.5813098006838601
0.1705297975128653
0.6493745558272234
0.1937086049417984
0.7045621951326531
0.23841059069759804
0.732156014785368
0.2996688674740641
0.678807963456786
0.34768211143399713
0.5978660924754889
0.3692052897608636
0.5279617493552778
0.3509933696381304
0.4856512258877818
0.2930463510657976
0.17292126982367992
0.3129139002905974
0.5463576291237545
0.2897350928616642
0.1986755014995471
0.4768211813951961
0.24098602496704322
0.7218542885010607
0.30537160415671133
0.7168874011948607
0.37159677132322694
0.7102648847865941
0.43966152646659024
0.7268211758072606
0.49484916577202004
0.7599337578485937
0.49852834172571536
0.7996688562981934
0.45253864230452395
0.8327814383395263
0.3844738871611606
0.8360926965436597
0.3164091320177972
0.8211920346250599
0.2759381965271488
0.7781456779713268