0.16088819948475283
0.25995677743090634
0.11538761425516658
0.33885210722882225
0.06988702902558029
0.41942606106499164
0.04524087869288774
0.5167862552836965
0.05092845184658599
0.6141464495024013
0.08315803305087627
0.7014348994915848
0.11538761425516658
0.790401973519022
0.17605506122794828
0.8592255590874166
0.24241008135442826
0.9246918965793044
0.33720296724939974
0.9633002494591355
0.44905857260546606
0.9599430013826284
0.5305804544751415
0.9129415283115296
0.608310620909018
0.8575469350491631
0.6898325027786935
0.8055095898633038
0.7504999497514753
0.7366860042949089
0.7997922504168603
0.654433426420486
0.8339176893390501
0.5721808485460629
0.34478639812099743
0.16931107936521567
0.43199585314437117
0.18274007167124393
0.5002467309887506
0.2280629207040892
0.5400597430646387
0.3036010024254981
0.555226604807834
0.38585358029992106
0.6651863524460009
0.44460542163879463
0.7201662262650844
0.40431844472070994
0.780833673237866
0.3757818360703999
0.8320218316211506
0.382496332223414
0.8282301161853518
0.44628404567704816
0.3485781135567963
0.3151789093194796
0.37701597932528774
0.335322397778522
0.41114141824747746
0.36553763046708554
0.4433709994517678
0.39743148719390264
0.46043371891286256
0.4343612160354803
0.46043371891286256
0.43956954952403404
0.4433709994517678
0.4026398206824564
0.41114141824747746
0.3707459639556393
0.37701597932528774
0.3405307312670758
0.3485781135567963
0.3203872428080334
0.6557070638565038
0.5115779217951427
0.6860407873428946
0.4796840650683256
0.7258537994187827
0.47632681699181856
0.7523958074693747
0.5182924179481568
0.7504999497514753
0.556900770827988
0.7504999497514753
0.5621091043165417
0.7523958074693747
0.5235007514367106
0.7258537994187827
0.4815351504803723
0.6860407873428946
0.4848923985568794
0.6557070638565038
0.5167862552836965
0.4081080458988383
0.37217049490317095
0.7140994815678063
0.5111605652705633
0.6007271900374203
0.5788953446990771
0.21776393102173575
0.5537159841252741
0.30876510148090835
0.60407470527288
0.41682899140117574
0.6645051706500072
0.5286845967572421
0.7182211398741201
0.608310620909018
0.7719371090982331
0.555226604807834
0.8558683110109095
0.43578756858017004
0.876011799469952
0.31066095919880776
0.8390820706283743
0.22155564645753462
0.7601867408304583
0.17605506122794828
0.657790674496993