0.051180792410586276
0.30043984332812207
0.07411874188152516
0.41971718057700425
0.10164428124665181
0.5328777313003027
0.12916982061177845
0.6429798887608092
0.18422089934203176
0.7408484731701486
0.2652683208060158
0.8264834845283202
0.34172815237581206
0.913647692517888
0.4181879839456083
1.0023410971388518
0.5252317481433231
1.0237498499783946
0.6307463157096419
0.9839907375621005
0.730144096750377
0.931998052094639
0.8173083047399448
0.873888580101594
0.9029433160981166
0.8066039283201732
0.9702279678795372
0.7209689169620014
1.0008119005074556
0.607808366238703
1.0115162769272272
0.48394343909563303
1.0115162769272272
0.363136905215355
0.0878815115640885
0.10470267450944365
0.14140339366294585
0.08329392166990073
0.20104206228738694
0.09858588798385998
0.2530347477548484
0.13528660713736218
0.2958522534339343
0.17504571955365622
0.4503011132049227
0.1459909835571336
0.5558156807712415
0.09246910145827625
0.6659178382317481
0.052709989041982194
0.7836659788492343
0.06647275872454551
0.8754177767329898
0.13834500040015402
0.1322282138745703
0.27597269722578727
0.16587053976528066
0.2484471578606606
0.21174643870715845
0.24997635449205652
0.25762233764903614
0.2667975174374117
0.2958522534339343
0.2958522534339343
0.30043984332812207
0.3356113658502284
0.26373912417461987
0.35702011868977124
0.2163340286013462
0.3692536917409387
0.1689289330280725
0.3524325287955835
0.1459909835571336
0.3187902029048732
0.5481696976142619
0.26068073091182803
0.6001623830817234
0.23162599491530544
0.6643886416003522
0.23315519154670136
0.728614900118981
0.24233037133507693
0.7836659788492343
0.26832671406880765
0.7744907990608588
0.32184859616766504
0.7332024900131687
0.363136905215355
0.667447034863144
0.363136905215355
0.6047499729759112
0.34784493890139573
0.5542864841398456
0.31573180964208136
0.2713851073315995
0.29738145006533023
0.708735343910834
0.27750189385718316
0.36160770858395913
0.5833412201363682
0.3523059745916059
0.7516470907776687
0.40636922745192294
0.7483024176803947
0.4610722821212379
0.7510389683963462
0.5144957331725571
0.7568161310189105
0.5691987878418721
0.7723232517426359
0.5714380941733646
0.7954319022328934
0.5199340485490388
0.7936075350889258
0.46267178664373243
0.796040024614216
0.40732893016541977
0.7920872291356195
0.3574243890635886
0.7723232517426359