0.0098803671483962
0.3656660325775873
0.017571031307147815
0.4641710130485478
0.015648365267459906
0.5655312103447535
0.04641102190246645
0.6640361908157141
0.10216833705341581
0.7539755208109389
0.18099764468062005
0.8396320255682957
0.2752082806253275
0.909584837786804
0.3828775788478504
0.9709719995295765
0.5116962035069402
0.9938137341315383
0.6385921621263422
0.972399607942199
0.7501067924282409
0.9195780966751622
0.828936100055445
0.8367768087430506
0.8827707491667064
0.7468374787478258
0.9269920680795285
0.6469048898642427
0.936605398277968
0.5498275178059048
0.9500640605557834
0.45132253733494426
0.9635227228335985
0.3642384241649647
0.054101686061218096
0.2072014987764769
0.13869899180748607
0.21005671560172212
0.23867762587125727
0.23718127544155182
0.3328882618159647
0.2757267025823625
0.4097949034034812
0.32569299702415405
0.5501495243006984
0.30713408766005995
0.621288167769151
0.2471745343299101
0.7193441357932343
0.1972082398881186
0.8193227698570056
0.17579411369877934
0.8827707491667064
0.23289845020368397
0.10601366913279157
0.36281081575234203
0.1579256522043651
0.3185549549610409
0.23867762587125727
0.29714082877170167
0.31558426745877355
0.30713408766005995
0.37518691468909876
0.34853473162611587
0.37326424864941077
0.3913629840047944
0.3194295995381494
0.4370464532087181
0.244445623990321
0.4627434046359251
0.16561631636311674
0.448467320509699
0.10409100309310372
0.4099218933688884
0.6020615073722719
0.32569299702415405
0.644360160245406
0.29000278670858864
0.7251121339122981
0.2785819194076077
0.7808694490632474
0.30713408766005995
0.828936100055445
0.3499623400387385
0.8481627604523242
0.39992863448053
0.811632105698254
0.4356188447960954
0.7385707961901135
0.43847406162134067
0.6578188225232212
0.42562558590773714
0.6174428356897752
0.37851450829119077
0.265594950426888
0.374231683053323
0.6828134810391641
0.3471071232134933
0.5020828733085007
0.571241643995244
0.265594950426888
0.6811674917671855
0.3867229109272262
0.6668914076409592
0.5366908620228831
0.656898148752601
0.6924268112376036
0.656898148752601
0.8077867736188781
0.7068644431943925
0.8020187754998144
0.7896657311265043
0.6924268112376036
0.853908109694522
0.5424588601419467
0.8496252844566541
0.39441357508597785
0.8424872423935411
0.2636722843872001
0.7953761647769947