0.05822508136036717
0.14060727180543095
-0.006095766640616049
0.2403045906637722
-0.051358585604270916
0.34965003715356585
-0.07279886827126535
0.46542756873099433
-0.07041661464159932
0.5828131215803317
-0.0346828101966086
0.6905505467982165
0.024873530545042526
0.788639844384649
0.10348790032402204
0.8754729930677204
0.22736508906665642
0.9381858226721609
0.3822115749949494
0.9462259290317045
0.5108532709969158
0.8851211206991729
0.625201445220886
0.819192248550915
0.7347851121855242
0.746831291315022
0.8443687791501623
0.6680382489914943
0.9325121634478061
0.5876371853960578
0.9968330114487892
0.48793986653771654
1.0420958304124441
0.38181046259174045
0.24165861084465268
-0.04431517446407294
0.3536245314389569
-0.02341089792925944
0.4560614375145968
0.01518161259655007
0.5394403145529085
0.07467839965717306
0.5823208798868973
0.13899925053352227
0.770518916630515
0.2788971011895817
0.8324575110018321
0.2499527182952246
0.9134541344104776
0.23226448430422858
1.0063620259674533
0.2290484417604111
1.0802118884871008
0.24673667575140712
0.21783607454799223
0.10844684636725638
0.310743966104968
0.12452705908634368
0.39650509677294565
0.15025539943688337
0.4703549592925931
0.18723988869078415
0.5322935536639103
0.2386965693918635
0.5013242564782517
0.2692489735581293
0.41079861855094196
0.2740730373738555
0.3298019951422964
0.2499527182952246
0.26071663988198107
0.20171208013796268
0.20592480639966204
0.14864737816497464
0.7633721557415167
0.2981933564524865
0.825310750112834
0.29497731390866905
0.887249344484151
0.30462544154012144
0.937276670707138
0.3239216968030261
0.9753927287817948
0.3528660796973834
0.9539524461148003
0.3882425476793753
0.8943961053731493
0.3994986965827364
0.837222018261164
0.3834184838636492
0.7848124384085112
0.360906186056927
0.7490786339635205
0.3303537818906611
0.4203276330696062
0.24352063320758968
0.887249344484151
0.3689462924164706
0.727638351296526
0.5522607174140658
0.16959406943597333
0.6276507379761121
0.2550485191769135
0.6605983459206514
0.3513134715959245
0.6920706878378232
0.449637567382187
0.7122326568785113
0.5314885162304369
0.7412462220834041
0.521707585235992
0.746655530850418
0.42698699034241966
0.7564906376995342
0.33175160960703454
0.7274770724946414
0.24217887313159125
0.6915789324953674
0.16032792428334128
0.6478127070168004