-0.11319464650806901
0.5118080795995448
-0.062176073717866216
0.5984006086919482
0.013406997082434254
0.6836811297678
0.09087964465274223
0.7637136187774456
0.19291679023314787
0.829314019605024
0.300622666123576
0.8804823322505351
0.4234451561740643
0.92640261282984
0.544378069454545
0.9657628533263869
0.6709797130450483
0.9736349014256964
0.7786855889354765
0.9342746609291492
0.869385273895837
0.8673622520850194
0.9204038466860398
0.7807697229926159
0.9487474982361526
0.6876171538174547
0.9752015730162577
0.5944645846422935
0.9657536891662201
0.49606398340092583
0.9392996143861149
0.40684743827541936
0.9109559628360023
0.3241909332326706
0.0889900678827347
0.2992627809181908
0.16268356191302769
0.29663876488508767
0.24204578625334316
0.30188679695129395
0.3195184338236512
0.30975884505060336
0.3932119278539441
0.3202549091830159
0.5500467997645675
0.3005747889347424
0.5916174887047327
0.26121454843819536
0.6426360614949356
0.2284143480244062
0.7012129413651685
0.19692615562716856
0.7579002444653938
0.17855804339544665
0.12867118005289246
0.44489567075541475
0.16268356191302769
0.3858553100105942
0.23826663271332815
0.3478070775305988
0.32707674090368116
0.35830314166301136
0.39510150462395155
0.3976633821595584
0.42722430971407926
0.4501437028216211
0.3837640440039065
0.5026240234836837
0.300622666123576
0.5314881998478181
0.20992298116321545
0.5236161517485087
0.12489202651287744
0.5013120154671322
0.5991757957847629
0.36748719777887234
0.6180715634848379
0.30844683703405174
0.6842067504351009
0.2900787248023299
0.773016858625454
0.30188679695129395
0.8259250081856642
0.3386230214147378
0.8467103526557469
0.371423221828527
0.8164771243356267
0.4147194863747287
0.7408940535353262
0.4409596467057601
0.6539735221149806
0.44227165472231167
0.6124028331748155
0.4002873981926615
0.3062913964335986
0.4475196867885179
0.7106608252152061
0.36355117372921764
0.629409024104883
0.5170561116657509
0.455567961264192
0.7479695225788268
0.4952490734343497
0.6731850656353875
0.5972862190147553
0.6364488411719436
0.718219132295236
0.6272647850560826
0.7956917798655441
0.6744970736519391
0.8372624688057094
0.7545295626615846
0.7786855889354765
0.8148819314229567
0.6747588665850633
0.8516181558864006
0.5557155300745901
0.8542421719195038
0.45178880772417696
0.820129963489163