0.045538080761591805
0.4927166218438083
0.0682395572243438
0.5721717883534645
0.09472461309755448
0.6569239659637643
0.13256040720214113
0.7337306269230988
0.20823199541131446
0.7933220018053408
0.27444463509434114
0.8555618822379047
0.3387654850721385
0.9204502682207907
0.4049781247551651
0.9800416431030328
0.5260526658898423
0.974744632002389
0.6395600482036025
0.9456110709488484
0.7322577437598398
0.893965212717572
0.8117129113794718
0.8396708489359735
0.8836009201781865
0.7787552212785706
0.9422464010402958
0.7138668352956847
0.9706232466187357
0.6304389104605457
0.9592725083873597
0.5377412161992802
0.9346792422193784
0.4516647858138193
-0.009323820690058859
0.27156640839193197
0.04364629105636247
0.2768634194925757
0.10607535132893046
0.29407870556966786
0.16282904248581045
0.3192395082977257
0.2176909439374611
0.3417518054754616
0.41254528357608244
0.2980514638951507
0.48632508208002645
0.2543511223148398
0.586589936457181
0.2358115834625867
0.6963137393604825
0.23846008901290858
0.7795524863905731
0.26759365006644914
0.024728394004069135
0.43709800528704895
0.04742987046682115
0.4039916859080256
0.12688503808645316
0.40531593868318655
0.20444841600085578
0.42120697198511775
0.2479595792211305
0.4437192691628537
0.2479595792211305
0.498013632944452
0.2101237851165438
0.5364169634241193
0.14391114543351713
0.5496594911757285
0.0852656645714078
0.5284714467731536
0.04364629105636247
0.48344685241768176
0.46362360561727445
0.4185584664347959
0.5109183482480077
0.3695611137538412
0.6017242540990158
0.3629398498780366
0.6868547908343358
0.38412789428061156
0.7511756408121331
0.4225312247602787
0.7625263790435091
0.4715285774412334
0.6963137393604825
0.5139046662463833
0.6149667820356212
0.5311199523234754
0.5203772967741545
0.5192016773470269
0.4768661335538798
0.4728528302163943
0.13256040720214113
0.4821225996425208
0.5733474085205758
0.44239501638769274
0.2479595792211305
0.6370601743363503
0.27822821450479984
0.76781878514542
0.39930275563947715
0.7837098184473512
0.5222690864793837
0.7757643017963856
0.6414518379088318
0.7559005101689716
0.7341495334650692
0.7148486741389825
0.7341495334650692
0.7165153408460064
0.6414518379088318
0.7575671768759956
0.5222690864793837
0.7774309685034095
0.39930275563947715
0.7853764851543752
0.27822821450479984
0.769485451852444