-0.029877664993869145
0.30705887849667823
0.003569176527338507
0.4189814381495913
0.03701601804854616
0.5309039978025044
0.076365243367614
0.6394855855254796
0.14719384894193602
0.7380442574586419
0.23769706717579203
0.8165570978121779
0.338037591739415
0.9017518820255893
0.4423130388349446
0.9819352083440943
0.5741329436538218
0.995299096063845
0.696115542142932
0.9585484048345303
0.796456066706555
0.8900584802708074
0.8653172110149238
0.7898293223726763
0.9164712039297118
0.6812477346497009
0.9459831229190127
0.5676546890318191
0.9518855067168729
0.44570921358909293
0.9499180454509195
0.3254342241113356
0.9282759715254322
0.21184117849345377
-0.031845126259822526
0.12664639428004232
0.03898347931449954
0.0898957030507276
0.12948669754835557
0.06984987147110136
0.22195737704816493
0.08154327322588335
0.2947534438884403
0.10994153463035383
0.454117806430665
0.1032595907704784
0.5465884859304744
0.058156469716319444
0.6410266266962371
0.021405778487004687
0.7472695350577202
0.016394320592098128
0.8456425983553897
0.04312209603159976
0.04488586311235972
0.28367207498711433
0.09997477855905466
0.26195575744251925
0.16490100033551655
0.24525089779283074
0.2278597608460251
0.23188701007307994
0.2849161375586734
0.253603327617675
0.2947534438884403
0.29035401884698975
0.23966452844174538
0.31875228025146024
0.18260815172909708
0.34213908376102414
0.12161685248454196
0.34046859779605526
0.058658091974033454
0.32209325218139795
0.5839702499835887
0.2101706925284849
0.6390591654302837
0.19012486094885864
0.7020179259407924
0.1784314591940767
0.7669441477172542
0.17342000129917015
0.8279354469618093
0.18344291708898328
0.8299029082277627
0.22854603814314225
0.7807163765789278
0.25527381358264384
0.715790154802466
0.2703081872673635
0.6488964717600506
0.2736491591973012
0.5957750175793091
0.2519328416527062
0.19834784185672422
0.2820015890221455
0.7197250773343727
0.2068297205985472
0.4560852676966184
0.5392564276273486
0.37738681705848276
0.7530786311433616
0.4521503451647116
0.7330327995637353
0.5328162570688006
0.7179984258790156
0.6134821689728898
0.7063050241242338
0.690213158345072
0.7213393978089534
0.7000504646748389
0.7580900890382681
0.6252869365686101
0.7747949486879566
0.5426535633985676
0.7864883504427386
0.4619876514944785
0.7965112662325516
0.38132173959038956
0.7981817521975205