-0.06165178025312611
0.2607599266283595
-0.09348319771421582
0.3679778734105772
-0.10621576469865171
0.48319715950490066
-0.09772738670902781
0.5984164455992241
-0.06589596924793806
0.697633053069336
-0.00859941781797655
0.7936491248146056
0.052941322606796945
0.8816638572477693
0.11448206303157044
0.9696785896809331
0.22270888239927555
1.02088716127841
0.3648892137254764
1.040090375627464
0.49221488356983534
0.9984834112045139
0.6089300809271644
0.9392735002949312
0.6938138608234036
0.8640609107611366
0.768087168232613
0.7760461783279727
0.8338720976521985
0.6864311780323878
0.8890465545847539
0.5920153741495395
0.9505872950095275
0.5088014453036392
0.08052855107307474
0.11353528328561287
0.18451118144596784
0.10393367611108588
0.2715170558396131
0.14714090839645722
0.3479124577462285
0.20475055144361895
0.41369738716581395
0.2607599266283595
0.6280289314038181
0.3215701054003636
0.7129127113000574
0.30396715891373083
0.8020406801911086
0.2895647481519404
0.886924460087348
0.3023668910513097
0.9399768225224975
0.34877465906152333
0.08689483456529264
0.26716099807804417
0.16329023647190802
0.2575593909035172
0.23968563837852336
0.2623601944907807
0.30971475679292076
0.2831636767022558
0.35852293023325843
0.32797117685004823
0.3415461742540105
0.3599765340984714
0.27363915033701913
0.3807800163099465
0.1993658429278097
0.3695781412729983
0.1272146300160063
0.3471743911991021
0.07840645657566873
0.30716769463857313
0.6301510259012242
0.37597921272268303
0.6938138608234036
0.3695781412729983
0.7617208847403951
0.38238028417236763
0.8253837196625744
0.4111851056959485
0.8720697986055062
0.4479912665316352
0.8635814206158823
0.48959823095458527
0.7935523022014848
0.4911984988170065
0.7235231837870872
0.4799966237800584
0.6641045378597198
0.45599260584374096
0.6152963644193823
0.4175861771456331
0.22907516589149346
0.34397385547425985
0.7383778452689294
0.4479912665316352
0.42642995415024987
0.6224204635355415
0.11422594817843519
0.6808116327480718
0.2224088621427457
0.7175061469887059
0.33566285019913317
0.7542006612293398
0.44835338557862336
0.783935871045026
0.5689322584346777
0.7940584956631319
0.5294905710518562
0.8377123143287138
0.4162365829954686
0.8566922354876626
0.3001653315545938
0.830753009903766
0.19423622829787313
0.7896298473927106
0.10239344196358871
0.7326900839158647