0.08137530557169817
0.3237444908845405
0.07254528356243177
0.4177474370267381
0.059300250548532156
0.5067145110541753
0.0570927450462156
0.6023960812346265
0.09241283308328117
0.686327283147303
0.14318545963656296
0.7635439889069654
0.2094106247060609
0.8390820706283743
0.2844658117848252
0.8978339119672478
0.3882185703937054
0.9263705206175579
0.5052163620164851
0.9146201523497832
0.6045541096207321
0.8810476715847125
0.6840243077041298
0.825653078322346
0.7612870002852107
0.768579861021726
0.8253046598523921
0.7047921475680918
0.8915298249218899
0.6342899379614436
0.9356799349682219
0.5570732322017812
0.9621700009960211
0.4815351504803723
0.2645982622639759
0.23981328897186394
0.29550333929640826
0.26163540146915987
0.35069097685432327
0.2834575139664557
0.41470863642150463
0.30192237838724456
0.4853488124956358
0.30695825050200515
0.6310441756485313
0.32206586684628696
0.6840243077041298
0.35228109953485043
0.748041967271311
0.3657100918408787
0.8208896488477588
0.3657100918408787
0.8871148139172567
0.35899559568786454
0.17850554767362847
0.34556660338183637
0.22265565771996051
0.37913908414690695
0.2844658117848252
0.3959253245294423
0.3573134933612731
0.4009611966442029
0.42353865843077104
0.3959253245294423
0.42353865843077104
0.3959253245294423
0.3573134933612731
0.4009611966442029
0.2844658117848252
0.3959253245294423
0.22265565771996051
0.37913908414690695
0.17850554767362847
0.34556660338183637
0.6067616151230487
0.43956954952403404
0.6553267361740139
0.46474891009783703
0.7215519012435118
0.47649927836561173
0.7966070883222762
0.47649927836561173
0.8495872203778747
0.47146340625085115
0.8495872203778747
0.47146340625085115
0.7966070883222762
0.47649927836561173
0.7215519012435118
0.47649927836561173
0.6553267361740139
0.46474891009783703
0.6067616151230487
0.43956954952403404
0.2844658117848252
0.3933211577851654
0.7215519012435118
0.47389511162133485
0.500801351011852
0.5604304802782882
0.24914572374775973
0.6812914110325423
0.34186095484505685
0.7098280196828524
0.4411987024493038
0.7215783879506271
0.5361214390489175
0.743400500447923
0.633251681150848
0.7585081167922049
0.6200066481369484
0.790401973519022
0.5250839115373346
0.793759221595529
0.4213311529284544
0.7836874773660079
0.3242009108265241
0.7551508687156978
0.24473071274312652
0.711506643721106