0.0651688909075655
0.4073023178459279
0.07612822391304201
0.5044141880243966
0.09622033442308225
0.5997603878359841
0.11631244493312241
0.6951065876475714
0.1638028879568539
0.7692647430565838
0.24051821899518927
0.8240005244299025
0.3281928830390012
0.8734392947025774
0.4213472135855513
0.9122840427739649
0.510848433130276
0.9352377575434212
0.6094824301795643
0.9122840427739649
0.698983649724289
0.869907953968815
0.7756989807626243
0.8204691836961401
0.8341487567918322
0.7586707208552963
0.8798126443146509
0.6774498839787588
0.9035578658265165
0.5821036841671715
0.9090375323292548
0.4796948028880591
0.9072109768283421
0.3772859216089467
0.11631244493312241
0.10713835547611571
0.16745599895867938
0.07535628887225325
0.23869166349427648
0.07005927777160952
0.3044476615271354
0.08948165180730323
0.3574177710536051
0.12656072951180947
0.5528592096512691
0.11596670731052199
0.6094824301795643
0.06476226667096578
0.6807180947151613
0.032980200067103324
0.762913092256235
0.0435742222683908
0.814056646281792
0.09654433327482824
0.14371077744681365
0.32784715133627174
0.17476222096233038
0.24662631445973435
0.23503855249245104
0.19189053308641563
0.31906010553443737
0.2201412589565156
0.3574177710536051
0.2907680736317655
0.3665505485581689
0.37198891050830296
0.33732566054356483
0.4496784066510779
0.26608999600796773
0.4955858361899903
0.18206844296598138
0.47792913252117775
0.13640455544316266
0.4108336585796904
0.5619919871558328
0.28370539216424057
0.5930434306713495
0.2007188849208219
0.6715853172105978
0.16540547758319687
0.7574334257534968
0.19189053308641563
0.8049238687772282
0.2642830181285468
0.806750424278141
0.3490351957388468
0.7683927587589733
0.42319335114785916
0.6935039832215507
0.46910078068677163
0.6076558746786515
0.4408500548166716
0.5692982091594838
0.3666918994076592
0.23869166349427648
0.4090679882128092
0.6642790952069466
0.364926229040778
0.510848433130276
0.5379619249951402
0.45605176810289344
0.7727960837903463
0.48162354511567196
0.7463110282871276
0.5163280996330142
0.7321856653520775
0.56016543165492
0.742779687553365
0.5875637641686112
0.7674990726897025
0.5875637641686112
0.8028124800273275
0.5656450981576583
0.8292975355305462
0.5236343216366651
0.8381258873649524
0.4779704341138464
0.8345945466311899
0.44874554609924255
0.813406502228615