0.064017661296193
0.2785136196947354
0.08219711886509164
0.3798135976198131
0.09492273916332067
0.48969831943684655
0.1149201424891092
0.5944321949187065
0.17491235246647466
0.6837135313950462
0.2476301827420692
0.7678440215362125
0.3258018502883333
0.8519745116773786
0.4112453008621568
0.9206524628130245
0.5185041005186588
0.9412558481537183
0.6239449544182708
0.9189355140346332
0.7039345677214248
0.8639931531261166
0.7693806149694599
0.7815796117633415
0.8257369334330456
0.6905813265086108
0.8639137943277327
0.589281348583533
0.8966368179517502
0.4845474731016731
0.9166342212775388
0.3763797000630308
0.9148162755206489
0.2836644660299088
0.08401506462198147
0.032989944384801316
0.15491494914068613
0.06389502239584197
0.23126867093006037
0.09480010040688261
0.3094403384763245
0.1239882296395321
0.38215816875191905
0.15145941009379044
0.540319449601337
0.13944076864505248
0.6293987916889404
0.146308563758617
0.7239319710472133
0.10166789552044722
0.8275548791899354
0.07419671506618883
0.9075444924930894
0.12055433208274981
0.13128165430111793
0.24417464412691248
0.17127646095269491
0.22013736122943633
0.24217634547139957
0.22013736122943633
0.30216855544876503
0.24074074657013017
0.3585248739123508
0.27679667091634425
0.36397871118302044
0.3265881854896875
0.3094403384763245
0.355776314722337
0.24217634547139957
0.37122885372785736
0.1785482439802544
0.3592102122791193
0.1494611118700166
0.3042678513706026
0.6184911171476012
0.2664949782459973
0.6766653813680767
0.2321560026781744
0.7439293743730019
0.22357125878621864
0.8148292588917065
0.2218543100078275
0.8657317400846226
0.2579102343540416
0.8566420113001734
0.30941869770577607
0.8111933673779268
0.35749326350072813
0.7439293743730019
0.3592102122791193
0.6748474356111869
0.3489085196087724
0.6184911171476012
0.3231542879329052
0.2821711521229766
0.30255090259221146
0.6784833271249666
0.297400056257038
0.45124010751373383
0.5497915266805367
0.28035320636608674
0.745118978062221
0.37670433148124943
0.745118978062221
0.47123751083952226
0.7313833878350918
0.569406581711575
0.733100336613483
0.6457603035009493
0.769156260959697
0.6457603035009493
0.774711816649777
0.569406581711575
0.7386558923035629
0.47123751083952226
0.7369389435251718
0.37670433148124943
0.750674533752301
0.28035320636608674
0.750674533752301