0.051003644564247184
0.26307913726861687
0.03666587039684537
0.36709316761447514
0.03905549942474569
0.47275821431502957
0.05578290262004782
0.576772244660888
0.0916273380385524
0.6708801768785693
0.1489784347081598
0.760035060032162
0.1943813862382656
0.8557940086045396
0.27084951513107536
0.9300897445658669
0.40944799874929316
0.9499019408222209
0.5599946275070123
0.9482509244675246
0.6938138530694297
0.9135795810189052
0.8180745625202456
0.8574450249592357
0.9136597236362579
0.7781962399338199
0.9829589654453668
0.6824372913614424
1.023582658919672
0.5800742773702803
1.0426996911428743
0.476060247024422
1.0403100621149741
0.3703952003238675
0.07251030581534995
0.08642038731612735
0.1489784347081598
0.10953461628187361
0.2326154506846705
0.14915900879458152
0.2995250634658791
0.19703848308077027
0.33059024082858307
0.2564750718498322
0.5074227888932058
0.2052935648542511
0.6125664661208193
0.1920854340166818
0.7296582884879341
0.17722628682441635
0.8467501108550493
0.17227323776032788
0.9399456429431612
0.1986894994354665
0.1179132573454558
0.24656897372165523
0.15375769276396042
0.23005881017469357
0.2087191604056674
0.24326694101226287
0.2541221119357732
0.26473015362331304
0.2923561763821782
0.2878443825890593
0.2923561763821782
0.3208647096829826
0.2469532248520723
0.33737487322994425
0.19199175721036532
0.33077080781115953
0.14658880568025942
0.31095861155480564
0.12269251540125643
0.2779382844608823
0.5576049984791122
0.2828913335249708
0.6292938693161213
0.2845423498796669
0.7105412562647317
0.29114641529845164
0.7870093851575416
0.2994014970719325
0.8491397398829496
0.32251572603767875
0.8348019657155478
0.36379113490508286
0.767892352934339
0.38525434751613297
0.6914242240415293
0.3786502820973483
0.6197353532045202
0.36214011855038664
0.5623842565349128
0.33077080781115953
0.1561473217918607
0.2729852353967938
0.6484109015393238
0.3274687751017672
0.22544656360096957
0.4925704105713836
0.23120776691823494
0.6931189832190349
0.30396098401767097
0.6939905662713978
0.37716053987231823
0.7101148527401107
0.45036009572696556
0.7292896798920935
0.5190962640295003
0.7519508392535279
0.5222206353159791
0.784635203717135
0.4436650143987966
0.784635203717135
0.3668947485024592
0.7719972494578736
0.2923561763821781
0.7606666697771565
0.2486149783714742
0.7157801425804693