0.03239663583010632
0.285901012935287
0.028637910126060793
0.403014990803323
0.03615536153415179
0.5274485922881111
0.06810453001853842
0.642732664251959
0.11884732702315247
0.7433774889823025
0.19214247825203937
0.8330428782875173
0.26731699233294914
0.9190484557843562
0.34812959496992696
0.9959045037602549
0.45149455183117787
1.02884281003564
0.5642563229525424
0.9922446919518787
0.6525863769976112
0.9281979853052966
0.7183640768184073
0.8458522196168338
0.7803830509351578
0.7506971125990547
0.829246485087749
0.6463924760603351
0.8781099192403403
0.5347682159048635
0.9175765391328179
0.4231439557493917
0.947646344765182
0.3060299778813557
0.05494899005437921
0.1175496697499854
0.1413996812474253
0.10108051661229285
0.23724718670058526
0.12303938746254961
0.31993915218958585
0.16695712916306304
0.4026311176785866
0.20355524724682428
0.50481640637052
0.1603291725906862
0.5879222156657552
0.11892884968231339
0.6826241843975345
0.08693769107129802
0.7792588463687379
0.09634685536865545
0.8546338827062765
0.14527450971491418
0.09629497279887952
0.28115197142203713
0.16583139832372104
0.28115197142203713
0.231609098144517
0.28847159503878933
0.29174870940924474
0.30311084227229385
0.34812959496992696
0.32506971312255056
0.34812959496992696
0.3316486605399886
0.29174870940924474
0.3096897896897319
0.231609098144517
0.29505054245622736
0.16583139832372104
0.28773091883947516
0.09629497279887952
0.28773091883947516
0.5473420572843378
0.30860055998485797
0.6112403942531109
0.2866416891346013
0.6976910854461571
0.27749215961366097
0.7803830509351578
0.2903015009429774
0.8442813879039309
0.31957999540998644
0.8442813879039309
0.32615894282742447
0.7803830509351578
0.29688044836041544
0.6976910854461571
0.284071107031099
0.6112403942531109
0.29322063655203934
0.5473420572843378
0.315179507402296
0.22672275472925785
0.29908069236426066
0.6961875951645391
0.2998126547259359
0.40818174439931665
0.5310502459065699
0.2656850587622049
0.7233628931552456
0.36410692842635667
0.7319405770811271
0.46292248556916504
0.7353716506514797
0.5621317301906301
0.7319405770811271
0.6629157247267216
0.7274801814396687
0.6448061007085175
0.7782600702808874
0.5542579806174979
0.817031201625872
0.4605603606972254
0.8211484899102951
0.36135111607576037
0.8125708059844136
0.27631462068593327
0.7652219907135475