-0.04337748247414631
0.27511623758970694
0.002715231727389269
0.398548669921888
0.056754965618844806
0.5185993917792147
0.13622516251804415
0.62174156126227
0.21728476335522742
0.7113568888459082
0.31423840357225064
0.7789910983429937
0.4111920437892738
0.8432435973652249
0.5176821076342009
0.8990418202003203
0.6337085951070318
0.931168069711436
0.733841043200023
0.8838241230634761
0.8117218361612383
0.8009722164295465
0.8657615700526938
0.6910666259967826
0.8911920330604376
0.5625616279523202
0.9118542842542294
0.4289840641955764
0.9261589196960853
0.2937156452014054
0.9182119000061655
0.1567563709698074
0.8768873976185817
0.04854163577447066
-0.019536423404386515
-0.027546849909750485
0.07105960106070071
-0.05121882323373037
0.1807284727815957
-0.04614625752144895
0.28562913268853884
-0.030928560384604738
0.37940396502959406
0.016415386263355067
0.5129138958202489
-0.037691981334313285
0.5621854178977526
-0.11039875654368016
0.6368874029829998
-0.15943355842906712
0.7274834274480871
-0.17126954509105707
0.8085430282852704
-0.1678878346162028
0.12827814282812422
0.22583485264886188
0.18231787671957972
0.19709031361260054
0.24589403423893916
0.17510919552604778
0.30947019175829865
0.17510919552604778
0.36350992564975415
0.19032689266289204
0.36350992564975415
0.19564604143063158
0.30947019175829865
0.18042834429378732
0.24589403423893916
0.18042834429378732
0.18231787671957972
0.20240946238034008
0.12827814282812422
0.23115400141660142
0.5749006494016243
0.13283781459036936
0.624172171479128
0.08718472317983668
0.6782119053705835
0.053367618431293964
0.7449668707659108
0.041531631769304
0.8005960085953504
0.06520360509328392
0.8005960085953504
0.07052275386102345
0.7449668707659108
0.046850780537043536
0.6782119053705835
0.0586867671990335
0.624172171479128
0.09250387194757621
0.5749006494016243
0.1381569633581089
0.24589403423893924
0.19535366437915977
0.6845695211225195
0.07868465299668732
0.5367549548900088
0.3528955785113553
0.28086092087458686
0.6115964298377071
0.4159602556032258
0.5946878774634358
0.5526489942698486
0.5574890622400388
0.6829801171845354
0.5050725498797975
0.8053642204093023
0.44589261656984774
0.8260264716030942
0.5456530755780489
0.7147681959442151
0.6386501136365413
0.5876158809054963
0.6978300469464911
0.44615893042492155
0.7248837307453252
0.3158278075102346
0.6876849155219282