0.05637215102547837
0.35726734319862147
0.06654821267191145
0.4725514151624693
0.08350831541596655
0.5878354871263172
0.10894846953204919
0.699459747281789
0.1496527161177815
0.7982746661079443
0.23275721956365153
0.8751307140838427
0.32603778465595457
0.9391774207304249
0.4176223394738522
0.9959045037602549
0.5193829559381828
1.0233530923230758
0.6194475621281079
0.9977344096644428
0.7025520655739781
0.9355176089220488
0.7771765176478205
0.8604914668503383
0.8246648053311748
0.7635064539283711
0.851800969721663
0.6537120996770874
0.8602810210936906
0.5384280277132394
0.8636730416425016
0.41765423803682744
0.851800969721663
0.3078598837855438
0.18187691133148617
0.07729173985784807
0.2191891373684074
0.04801324539083913
0.2836375277958168
0.03703380996571074
0.3446938976744152
0.051673057199215236
0.387094154534553
0.09193098709135257
0.5668712436215372
0.12120948155836152
0.6075754902072694
0.06631230443271974
0.6652398395370569
0.040693621774086856
0.7262962094156552
0.03703380996571074
0.775480507373415
0.06448239852853167
0.1700048394106476
0.25296270665990195
0.2039250448987578
0.19257581182169595
0.30059763053987193
0.1870860941091317
0.387094154534553
0.2145346826719527
0.4277984011202853
0.29688044836041544
0.4159263291994467
0.3755664022405021
0.3735260723393089
0.45608226202477675
0.29381358944224995
0.49085047420434985
0.21749312709400193
0.4396131088870842
0.15982877776421456
0.35543743729443333
0.5973994285608364
0.284071107031099
0.6279276135001356
0.2108748708635766
0.7093361066716001
0.17427675277981539
0.7890485895686591
0.20904496495938849
0.8178807642335528
0.29322063655203934
0.8110967231359306
0.3755664022405021
0.7771765176478205
0.463401885641529
0.6991600450251669
0.5054897214378544
0.6211435724025134
0.461571979737341
0.5923113977376199
0.373736496336314
0.3209497538327381
0.36824677862374977
0.6872879731043284
0.3700766845279379
0.4854627504500726
0.5567270867551201
0.4515425449619624
0.8842802436047831
0.47528668880363956
0.8623213727545265
0.5159909353893718
0.855001749137774
0.5549991717006987
0.8476821255210218
0.5804393258167813
0.8659811845629024
0.5804393258167813
0.8659811845629024
0.5549991717006987
0.8476821255210218
0.5159909353893718
0.855001749137774
0.47528668880363956
0.8623213727545265
0.4515425449619624
0.8842802436047831