0.0640826226380166
0.30015988645717817
0.052059248436525624
0.4066249248650978
0.05606703983702262
0.5183259487684888
0.08011378824000462
0.6213003301794273
0.13421897214671405
0.7155480690979135
0.21237090445640544
0.7975785085269663
0.3105617937685818
0.8691369769650761
0.4027409959800127
0.9302234744122431
0.516963050894177
0.9581487303880908
0.6412045843095839
0.9529127448926193
0.7494149521230027
0.9127701894273382
0.8235590930321971
0.8429570494877189
0.879668172639155
0.7504546390677233
0.9177421909438764
0.6527162431522561
0.9417889393468585
0.547996533242827
0.9558162092485979
0.4415314948349075
0.9658356877498404
0.33681178492547836
0.15225403344895053
-0.0070179292771470675
0.2364176528593874
0.019161998200210195
0.3185773765695758
0.06454053916096279
0.39472541317901866
0.11340973711869638
0.45885007558697055
0.17624156306435382
0.6472162714103293
0.1675149205719014
0.7153487252187782
0.12911769360511074
0.7935006575284697
0.09421112363530106
0.879668172639155
0.0680311961579438
0.9538123135483494
0.04883258267454843
0.13221507644646555
0.24081871750850173
0.19233194745392046
0.20591214753869205
0.28451114966535135
0.20416681904020156
0.3746864561765337
0.22511076102208738
0.43881111858448557
0.2739799589798209
0.4327994314837401
0.3385571134239688
0.3786942475770307
0.3909169683786834
0.2885189410658483
0.3996436108711358
0.19834363455466594
0.37346368339377856
0.15225403344895053
0.3141225144451021
0.6131500445061049
0.2617626594903875
0.6712630198133114
0.2111481330341635
0.7614383263244937
0.1989308335447301
0.851613632835676
0.209402804535673
0.923753878044622
0.25129068849944464
0.9137343995433794
0.31586784294359255
0.8456019457349305
0.3699730263967976
0.7634422220247422
0.3978982823726453
0.6752708112138084
0.39615295387415483
0.6211656273070989
0.33681178492547836
0.35063970777355175
0.34728375591642124
0.7353876822212633
0.34030244192245934
0.569064339100638
0.5200712772669793
0.38871372607827315
0.7382373395782899
0.45484228418647354
0.710312083602442
0.5309903207959166
0.7138027405994231
0.6111461488058564
0.717293397596404
0.6752708112138084
0.7417279965752708
0.6832863940148023
0.7836158805390424
0.6111461488058564
0.7958331800284758
0.5309903207959166
0.7975785085269663
0.4528383884862251
0.7940878515299853
0.3786942475770307
0.7818705520405519