0.07580057904124259
0.4345413326464642
0.13351108040660614
0.5392752063725859
0.18247756641358137
0.6477495755889262
0.22794644627720112
0.7524834493150477
0.30664258450269694
0.8272933591194205
0.4045755565166473
0.8871412869629184
0.5077549377456306
0.9451189670613072
0.6056879097595811
0.9918751606890401
0.7176113063469529
1.0049668949048052
0.8120466722175478
0.9600809490221818
0.8872452042996882
0.8871412869629184
0.9309652810916305
0.7917586519623434
0.9606949333101511
0.6814140350008939
0.9729365548118948
0.5561074360785697
0.9711877517402171
0.43080083715624556
0.9746853578835725
0.3054942382339215
0.9589461302384734
0.18766863029203468
0.13176227733492846
0.2232033374491117
0.18597517255693669
0.12408020695831802
0.27691293228417635
0.09602649078167826
0.35560907050967216
0.15400417088006696
0.4168171780183911
0.20637110774312784
0.6056879097595811
0.14652317989962976
0.6459103804081677
0.07732401333058507
0.6948768664151429
0.021216580977305645
0.7700753984972835
0.00812484676154045
0.8260370967909694
0.04927029715394536
0.22270003706216812
0.37469340480296615
0.25767609849572176
0.3054942382339215
0.3101401906460523
0.24003556715509555
0.38184111658483744
0.24190581490020477
0.4150683749467134
0.3111049814692495
0.4343052087351679
0.37469340480296615
0.43080760259181256
0.4513735623524481
0.36085547972470516
0.49064876499974364
0.28215934149920935
0.5074809947057275
0.2331928554922342
0.4420223236269015
0.6161807281896471
0.23816531940998623
0.6231759404763578
0.17270664833116015
0.7053696848452091
0.15961491411539494
0.7770706107839941
0.189538878037144
0.8365299152210354
0.2437760626453141
0.8470227336511016
0.3129752292143587
0.8260370967909694
0.3933958822540593
0.7578337769955396
0.4326710849013549
0.6826352449133992
0.40087687323449656
0.6371663650497794
0.3298074589203426
0.373097101226449
0.36721241382252895
0.6931280633434652
0.290532256273047
0.5864510759711264
0.5804206567649908
0.5199965592473745
0.8291636068645296
0.5689630452543497
0.8011098906878898
0.6266735466197133
0.7805371654916875
0.6843840479850769
0.765575183530813
0.7438433524221182
0.7618346880405944
0.7473409585654734
0.789888404217234
0.6913792602717876
0.8104611294134365
0.6371663650497794
0.831033854609639
0.5812046667560935
0.8478660843156228
0.528740574605763
0.8534768275509509