0.08772041850324791
0.36891011966373366
0.07071029907779577
0.45010128231543656
0.06342024789545916
0.5329839275223831
0.07800035026013243
0.614175090174086
0.09987050380714232
0.6902918051600574
0.1484708450227198
0.7613340724802974
0.21408130566374936
0.8289933746900497
0.2821217833655579
0.8966526768998021
0.3550222951889241
0.9541630837780917
0.4668030799847523
0.9609290139990669
0.5761538477198016
0.9406312233361412
0.6733545301509566
0.8949611943445583
0.7608351443389962
0.8340678223557813
0.8240155879192468
0.7664085201460289
0.8726159291348242
0.6919832877153013
0.9066361679857287
0.6158665727293298
0.9285063215327384
0.5380583751881146
0.13875077677960426
0.2978678523434937
0.23595145921075922
0.269112648904349
0.33315214164191426
0.30463378256446894
0.4230627728907326
0.35537825922178323
0.5154034212003299
0.39428235799239075
0.6976547007587455
0.419654596321048
0.7681251955213326
0.4061227358790975
0.8385956902839201
0.40273977076860984
0.9090661850465075
0.4078142184343413
0.9528064921405273
0.436569421873486
0.2383814762715381
0.38751642777141554
0.3015619198517889
0.39597384054763457
0.36231234637126064
0.4111971835448289
0.4182027387691748
0.42811200909726693
0.4740931311670889
0.43995238698397365
0.45708301174163685
0.4687075904231184
0.4011926193437227
0.48562241597555655
0.3404421928242508
0.472090555533606
0.2845518004263367
0.4517927648706804
0.2383814762715381
0.42134607887629183
0.6782145642725144
0.4687075904231184
0.724384888427313
0.4687075904231184
0.7705552125821116
0.47716500319933747
0.8142955196761315
0.4923883461965318
0.8531757926485933
0.507611689193726
0.841025707344699
0.5312924449671393
0.7997154173114581
0.5414413402986022
0.7511150760958807
0.5329839275223831
0.7073747690018609
0.5194520670804327
0.6757845472117354
0.4957713113070193
0.3914725511006072
0.4517927648706804
0.7584051272782173
0.5126861368594575
0.5640037624159072
0.6293984331712803
0.2821217833655579
0.7818043498511591
0.36474236343203953
0.7868787975168906
0.4449329264377424
0.7970276928483535
0.529983523565003
0.8037936230693288
0.6004540183275905
0.819016966066523
0.6004540183275905
0.8239189270243183
0.529983523565003
0.8086955840271242
0.4449329264377424
0.8019296538061489
0.36474236343203953
0.791780758474686
0.2821217833655579
0.7867063108089545