0.10976745682862601
0.3419478846064829
0.10400477448683423
0.43878905372387567
0.12129282151220977
0.5356302228412685
0.1462644449933078
0.6251626244781033
0.18660322138585073
0.6982502992836829
0.25959719771521417
0.751238863517728
0.3095404446774102
0.8206721545830283
0.3652463739813981
0.882796678167771
0.46513286790579017
0.8992414049990264
0.5630984677162516
0.8809694862976315
0.6380133381595456
0.8352896895441443
0.7033237380331866
0.7640292066087043
0.7571087732232439
0.6982502992836829
0.7916848672739949
0.6196810488676848
0.8108938084133013
0.5283214553607104
0.816656490755093
0.42782590250303876
0.816656490755093
0.330984733385646
0.18008151024407304
0.16063640170440763
0.2267787429806314
0.1659667197096821
0.27721175433611434
0.18728799173077995
0.320173208453748
0.22104667243085155
0.3519273267146077
0.2548053531309232
0.4733401318296592
0.21926989976242678
0.5275089218040668
0.16241317437283248
0.5928850476352485
0.11621708499378715
0.6694685093232041
0.10733322165166304
0.7255051886070741
0.1464222203570091
0.15696624341796486
0.31120980911400936
0.19700836907124875
0.2774834333715455
0.24869064753071968
0.2670166271066429
0.3001401229340669
0.28010013493777114
0.33203414162301964
0.3202228922865644
0.33552618746487584
0.3711032005187297
0.30735701767390294
0.4126796809598705
0.255674739214432
0.41878531794773044
0.20957973410193081
0.3955257484701691
0.17372806345887443
0.35685671421372345
0.5125393329732933
0.28392739136998824
0.5582755298647119
0.2523842433989409
0.6156791239223088
0.24566672114584742
0.6679490632267873
0.2690320159392159
0.7076182135917933
0.308460950903025
0.7162520874947652
0.3586963347087671
0.6812498959962304
0.4010459315217473
0.6247796937119279
0.40250626244633286
0.5739098420673908
0.3759282396188762
0.5323739081557964
0.3329945104360618
0.29402275812127526
0.36318848590483727
0.6582611734664301
0.35430462256271317
0.39488878083224127
0.5408657527473194
0.33067027993064696
0.751238863517728
0.38829710334856543
0.7421029041670305
0.4516866091082758
0.7384485204267515
0.5112343266401249
0.7457572879073094
0.5630984677162516
0.7603748228684254
0.5630984677162516
0.7603748228684254
0.5112343266401249
0.7457572879073094
0.4516866091082758
0.7384485204267515
0.38829710334856543
0.7421029041670305
0.33067027993064696
0.751238863517728