0.05422911623998585
0.4249448107789881
0.07990589114954531
0.5104728149780571
0.11940862177963678
0.5960008191771261
0.16483676200424197
0.6780378844292945
0.22804113101238838
0.7530930717876612
0.31099686533558046
0.8141845033584248
0.40185314578479087
0.8630576486150356
0.498634835828515
0.9014579770309442
0.6033170719982575
0.913676263345097
0.7020738985734861
0.8805123433495397
0.7810793598336692
0.8246573201991271
0.8383583192473018
0.7530930717876612
0.8758859133458886
0.6658195981151418
0.901562688255448
0.5785461244426223
0.9153886439759802
0.48079983392940057
0.9134135074444756
0.38305354341617875
0.9055129613184574
0.2887981918498577
0.178662717724774
0.11948765292516995
0.2043394926343335
0.09505108029686457
0.2556930424534524
0.08806920240306301
0.3030963192095622
0.09679654977031493
0.3287730941191216
0.12123312239862041
0.5815905701517072
0.09505108029686457
0.6388695295653397
0.06188716030130714
0.7099744446995044
0.06537809924820792
0.7751539502391555
0.08806920240306301
0.8265075000582742
0.12123312239862041
0.13323457750016882
0.3167257034250639
0.16286162547273741
0.23992504659324684
0.23989195020141577
0.20327018765078864
0.3327233671821308
0.2242158213321933
0.38407691700124974
0.3062528865843616
0.41370396497381834
0.38479901288962914
0.3959277361902771
0.4703270170886982
0.299146046146553
0.4947635897170037
0.20631462916583806
0.46683607814179745
0.1450853966891963
0.40399917709758343
0.5954165258722391
0.2643616192215522
0.6171430277187895
0.1910519013366359
0.684297669789945
0.14392422555347542
0.767253404113137
0.15963345081452898
0.8067561347432286
0.22945222975254448
0.8265075000582742
0.3114892950047128
0.8146566808692468
0.38479901288962914
0.7415766292035776
0.4231993413055377
0.66059603141189
0.39876276867723226
0.6112176181242757
0.3306894592126671
0.3327233671821308
0.38828995183652987
0.7633031310501279
0.307998356057812
0.5756651605571934
0.5296729791860113
0.5302370203325881
0.7914934002035697
0.5598640683051569
0.7688022970487147
0.5934413893407346
0.7426202549469589
0.6349192565023307
0.7443657244204092
0.6586208948803854
0.7583294802080123
0.6586208948803854
0.7583294802080123
0.6349192565023307
0.7443657244204092
0.5934413893407346
0.7426202549469589
0.5598640683051569
0.7688022970487147
0.5302370203325881
0.7914934002035697