0.0913662028501003
0.48283052432328194
0.14459161498022594
0.5944321949187065
0.21155261733748068
0.6905813265086108
0.297400056257038
0.7764287654281681
0.4004169829605069
0.8433897677854229
0.5120186535559313
0.901766026250722
0.6201864265945738
0.9532744896024563
0.7300711484116071
0.9755948237215412
0.8262202800015115
0.9120677189210687
0.8966151799155485
0.821069433666338
0.9515575408240652
0.7214864045196514
1.0099337992893642
0.6270542217081384
1.0562914163059252
0.518886448669496
1.0459897236355782
0.3883983415117688
1.006499901732582
0.2630610806892151
0.9532744896024563
0.14974246131539928
0.9137846676994599
0.04500858583353934
0.008952661487325238
0.28881531236508223
0.08793230529331801
0.2802305684731265
0.17034584665609312
0.2802305684731265
0.2476085416836947
0.297400056257038
0.3008339538138203
0.3368898781600344
0.3918322390685511
0.1961000783319603
0.472528831652935
0.14802551253700816
0.5360559364534075
0.07763061262297113
0.6098847339242268
0.01238655904410754
0.6957321728437843
-0.008216826296586236
0.14974246131539928
0.4570762926474147
0.18064753932643995
0.42617121463637403
0.2252882075646098
0.4055678292956803
0.2682119270243885
0.3883983415117688
0.31628649281934057
0.39011529029015996
0.32830513426807867
0.4175864707444183
0.30598480014899376
0.4570762926474147
0.2664949782459973
0.4845474731016731
0.22013736122943633
0.49484916577202004
0.17721364176965773
0.4811135755448908
0.5223203462262783
0.24589159290530363
0.5635271169076659
0.21155261733748068
0.6201864265945738
0.19781702711035146
0.6716948899463081
0.16862889787770197
0.7214864045196514
0.13944076864505248
0.7438067386387364
0.18579838566161339
0.706033865514131
0.2321560026781744
0.6631101460543524
0.27336277335956194
0.6064508363674446
0.28881531236508223
0.5480745779021455
0.27679667091634425
0.2544763367972593
0.44334070242028545
0.6098847339242268
0.24932549046208585
0.45364239509063237
0.6304881192649207
0.48969831943684655
0.7798626629849503
0.5480745779021455
0.762693175201039
0.6081677851458357
0.7369389435251718
0.6648270948327435
0.7094677630709133
0.7266372508548248
0.6922982752870019
0.7386558923035629
0.7197694557412602
0.6957321728437843
0.7609762264226478
0.6373559143784852
0.7884474068769061
0.5806966046915772
0.8159185873311645
0.5309050901182341
0.7901643556552973