0.1049761922647621
0.41786556896932464
0.07627862158990062
0.4936819651244294
0.06965610528031721
0.5758163942924596
0.10276868682823433
0.6500532821943329
0.1535413118683739
0.7148131205768182
0.21314395865462474
0.7795729589593036
0.2837841326235146
0.8285377148094752
0.36546183377504343
0.8711844376467217
0.4471395349265723
0.9217287017501249
0.5508922904433793
0.9375237842824383
0.6546450459601864
0.9090926357242741
0.7297002308021319
0.8569688633676397
0.8025479102075495
0.8032655827577737
0.853320535247689
0.7369262361220571
0.8886406222321339
0.6626893482201838
0.9173381929069955
0.5900319685715417
0.9283757200896344
0.5110565559099743
0.2661240891312921
0.33415163154806327
0.31027419786184823
0.3167770407625184
0.3676693392115713
0.3057204829898989
0.4316869968708777
0.31203851600282434
0.47583710560143383
0.3262540902819065
0.7230777144925482
0.35784425534653347
0.7893028775883825
0.34362868106745137
0.8511130298111612
0.3625827801062275
0.8952631385417174
0.3973319616773171
0.9261682146531067
0.42734261848871286
0.27936912175045897
0.4151347324110271
0.3168967141714317
0.432509323196572
0.3676693392115713
0.44040686446272864
0.416234458815183
0.432509323196572
0.44934704036310014
0.41829374891748977
0.44934704036310014
0.4226040937290187
0.416234458815183
0.4368196680081009
0.3676693392115713
0.44471720927425756
0.3168967141714317
0.4368196680081009
0.27936912175045897
0.41944507722255603
0.7230777144925482
0.4530429304885795
0.7451527688578263
0.47989457079351244
0.7760578449692157
0.4988486698322886
0.8135854373901884
0.5099052276049081
0.8466980189381057
0.5020076863387514
0.8466980189381057
0.5063180311502803
0.8135854373901884
0.514215572416437
0.7760578449692157
0.5031590146438175
0.7451527688578263
0.48420491560504136
0.7230777144925482
0.45735327530010844
0.365903334862349
0.42992597084264256
0.7809143569295769
0.4908949894173725
0.6259474752853248
0.5537032787472207
0.4912896436571285
0.7195516453365123
0.5089496871493511
0.695859021538042
0.5530997958799072
0.691120496778348
0.5862123774278243
0.7005975462977362
0.5906273883008798
0.7337672196155943
0.5862123774278243
0.7653573846802213
0.5641373230625462
0.7906295167319229
0.5221947197685178
0.800106566251311
0.4912896436571285
0.7811524672125348
0.4824596219110172
0.7479827938946766