0.15081276789011544
0.27136399380751697
0.10389073157300617
0.3630922193336763
0.04564268648969811
0.44660597690226916
0.011664660191101755
0.5424414364072119
0.006810656434159413
0.651967675841432
0.029462673966556996
0.7587557592897967
0.0569686952558969
0.866912920731089
0.11036273658226264
0.9490576003067541
0.23494883301044933
0.972331926186526
0.37086093820483484
0.983284550129948
0.5100090459038485
0.9873917841087312
0.6345951423320353
0.9668556142148148
0.7381472224801384
0.9107234165047771
0.819047285095844
0.8367932048866784
0.8789133314314663
0.7450649793605191
0.9323073727578319
0.6560749098202153
0.9840834128318835
0.5739302302445501
0.22362282424425053
0.16731406634500784
0.25921885179516096
0.15773052039451357
0.30452288685995615
0.15636144240158578
0.3433549169154949
0.16320683236622455
0.3643889331955784
0.18374300226014084
0.6232691335658365
0.24261335595603417
0.7106412011907984
0.23987519997017867
0.78992326255419
0.2782093837721557
0.8578793151513827
0.32201987954584377
0.9064193527208062
0.3630922193336763
0.20906081297342355
0.28094753975801123
0.24951084428127634
0.27547122778630023
0.2980508818506997
0.27547122778630023
0.3385009131585525
0.2905310857085055
0.3611529306909501
0.32065080155291603
0.35791692818632187
0.34803236141147104
0.31099489186921264
0.35213959539025436
0.2705448605613598
0.33981789345390456
0.22524082549656463
0.3288652695104825
0.18964479794565417
0.3138054115882773
0.6329771410797211
0.40416455912150884
0.6928431874153432
0.40416455912150884
0.7494732312463372
0.42333165102249737
0.8012492713203888
0.45208228887398016
0.8400813013759275
0.4890473946830295
0.8303732938620428
0.5273815784850066
0.7688892462741067
0.5136907985557291
0.7138772036954267
0.4931546286618128
0.6604831623690609
0.4685112247891132
0.6151791273042658
0.4383915089447027
0.3174668968784691
0.32749619151755477
0.760799240012536
0.4712493807749687
0.2365668342627634
0.4726184587678965
0.20906081297342355
0.6314315059475157
0.27539886431830213
0.6547058318272874
0.3611529306909501
0.6766110797141315
0.4388169908020276
0.7135761855231808
0.5083910446515344
0.7464340573534469
0.4808850233621945
0.7806610071766407
0.3967489582418606
0.7970899430917736
0.30775888936458445
0.7970899430917736
0.24142083801970576
0.7560176033039411
0.22524082549656463
0.684825547671698