0.1937327722841229
0.2216329397982521
0.1465137027807652
0.3122300926435244
0.09384627910394319
0.40428848988952687
0.0538916818318713
0.4978081315362595
0.01938543873326376
0.5942502619844526
0.04117885542712115
0.6994598588370268
0.09203016104612174
0.7856732784801086
0.19010053616847997
0.8382780769063957
0.28817091129083827
0.8894216309319526
0.404402466991411
0.9230302521487471
0.5242662588076267
0.9537163845640813
0.6332333422769135
0.906956563740715
0.7149586548788788
0.8353555881049352
0.7821550230182724
0.7564483904655045
0.8511675092154873
0.6819249260282645
0.8947543426032022
0.5884052843815318
0.905651050950131
0.47588946552530653
0.3390222169098388
0.19386929618437837
0.3989541128179466
0.17487311897488578
0.4697827170729832
0.16318316376904418
0.5478757935593055
0.16464440816977438
0.6114399255830563
0.18217934097853677
0.8130290300012372
0.26693151622088823
0.8675125717358805
0.2859276934303808
0.8911221064875594
0.32684253665082635
0.9074671690079523
0.37067986867273234
0.9183638773548811
0.413055956293908
0.34991892525676754
0.2610865386179675
0.3971379947601251
0.2610865386179675
0.44435706426348287
0.2610865386179675
0.49339225182466195
0.26254778301869763
0.5206340226919838
0.28008271582746
0.5042889601715907
0.3005401374376828
0.4643343628995188
0.3107688482427942
0.41529917533833965
0.3122300926435244
0.36808010583498196
0.3049238706398734
0.3390222169098388
0.2830052046289204
0.7512810160353077
0.37067986867273234
0.7876033771917368
0.3692186242720021
0.81666126611688
0.38821480148149473
0.8384546828107374
0.41451720069463827
0.849351391157666
0.44228084430851206
0.849351391157666
0.4656607547201952
0.8202935022325228
0.456893288315814
0.7894194952495582
0.4393583555070516
0.7658099604978793
0.41451720069463827
0.7440165438040219
0.38821480148149473
0.4370925920321971
0.27716022702599963
0.793051731365201
0.40867222309171747
0.635049460334735
0.45981577711727434
0.4080347031070539
0.6351651052048981
0.4770471893042689
0.6395488384070888
0.542427439385841
0.6527000380136605
0.6059915714095918
0.6687737264216926
0.6314172242190921
0.7096885696421382
0.6332333422769135
0.7082273252414081
0.5769336824844487
0.7184560360465194
0.5151856685185194
0.6979986144362966
0.4534376545525901
0.6760799484253437
0.3935057586444823
0.6541612824143908