0.18465723188659522
0.564458125728636
0.23430921472228478
0.6614918661886291
0.30642280884078626
0.7308016808029099
0.3879939234994191
0.7973391028326194
0.4636540878204698
0.8666489174469003
0.5605936733568162
0.9151657876768968
0.6598976390281952
0.9636826579068933
0.7674769351721892
0.9678412467837503
0.8525946200333713
0.9165519839691825
0.9187972638142907
0.8292216175551886
0.9637204863799145
0.7252568956337675
1.00155056854044
0.6060440144972045
1.0086437089455385
0.46881058156092853
0.9838177175276938
0.33850813008608055
0.9353479247595204
0.2234538378263744
0.8821493717212817
0.12503390107409568
0.8076713974677474
0.058496479044386124
0.09362859668783108
0.4701967778532141
0.12791210864580718
0.4480176371766442
0.16219562060378329
0.4244523002077888
0.19766132262927583
0.40781794470036137
0.23785578492483406
0.40781794470036137
0.35134603140641013
0.3177151857017963
0.38681173343190267
0.2456329785029443
0.4281883857949773
0.1777093601809491
0.47429379842811764
0.11117193815123955
0.52631016139884
0.06265506792124297
0.21894074384457138
0.5298032184214956
0.23076264451973555
0.503465488868069
0.24376673526241613
0.47990015189921337
0.2614995862751624
0.46465199268407165
0.2875077677605236
0.46187960009950035
0.29578309823313853
0.4743553667300709
0.28514338762549074
0.499306899991212
0.2674105366127445
0.5187136480832106
0.24613111539744897
0.535348003590638
0.2260338842496699
0.5505961628057798
0.4533713457445437
0.31106651982346806
0.47727146079000504
0.28032291081420047
0.5072888671863881
0.2580961124088516
0.539013424657447
0.23898522032200956
0.5718760828449563
0.2215361449383712
0.5836838777781307
0.23856976614620864
0.5626290145237957
0.2697288293312772
0.5334651836647505
0.29818744037363976
0.5023096765519169
0.3175060595483822
0.4674553421106192
0.3266460514160023
0.2532242558025475
0.4965345074066408
0.5026663600485117
0.2886050635637984
0.4636540878204698
0.5769338923592064
0.489662269305831
0.8292216175551886
0.5535005329517176
0.7862495324943346
0.619703176732637
0.7418912511411949
0.6835414403785236
0.6933743809111982
0.7532906543619922
0.6587194736040578
0.7532906543619922
0.6587194736040578
0.6835414403785236
0.6933743809111982
0.619703176732637
0.7418912511411949
0.5535005329517176
0.7862495324943346
0.489662269305831
0.8292216175551886