0.0705566155332036
0.38689742395791743
0.0318034827945993
0.46854543709592567
0.022995952626734675
0.5635783704204927
0.04765703709675561
0.6572728117264038
0.06879510949963069
0.7536442370696266
0.11283276033895377
0.8312767741516672
0.19562354391688114
0.8955243910471491
0.26079926715907936
0.9664644680359105
0.38058167744203814
0.9865418483157485
0.5126946299600074
1.002603752539619
0.6307155342093933
0.9785108962038132
0.7258368600223312
0.9249712154575783
0.8244811979024148
0.8700930426926876
0.912556499581061
0.8138763779091409
0.9160795116482068
0.7134894765099504
0.9284100538832173
0.623810511260007
0.9724477047225405
0.5461779741779663
0.04765703709675561
0.2691101263162007
0.09697920603679745
0.27044861833485656
0.1445398689432664
0.2731256023721683
0.19386203788330825
0.27446409439082414
0.23085366458833964
0.2851720305400712
0.4880335454899864
0.32934226715571496
0.5725858351014868
0.3333577432116826
0.6536151126458413
0.35477361551017655
0.7311213781230499
0.381543455883294
0.7945355953316752
0.41232877231237913
0.11283276033895377
0.3855589319392616
0.15158589307755807
0.3855589319392616
0.18857751978258946
0.3788664718459822
0.22733065252119378
0.38288194790194985
0.24670721889049596
0.4029593281817879
0.26079926715907936
0.41232877231237913
0.2202846283869021
0.41500575634969084
0.1815314956482978
0.41768274038700254
0.14277836290969345
0.41768274038700254
0.1145942663725267
0.40429782020044386
0.5391172204636012
0.4283906765362495
0.5778703532022056
0.43909861268549655
0.6201464980079557
0.45516051690936704
0.6641841488472788
0.4712224211332375
0.704698787619456
0.48460734131979616
0.706460293653029
0.5020077375623226
0.657138124712987
0.49665376948769907
0.6113389678400911
0.48193035728248446
0.5655398109671951
0.46586845305861396
0.5267866782285907
0.44712956479743177
0.19033902581616235
0.39626686808850864
0.6025314376722265
0.46051448498399045
0.30483691799840246
0.5649168624391485
0.12692480860753716
0.7121509844912945
0.18857751978258946
0.7536442370696266
0.290744869729819
0.7777370934054323
0.4017197498449132
0.7911220135919911
0.5109331239264345
0.7951374896479586
0.5109331239264345
0.7951374896479586
0.4017197498449132
0.7911220135919911
0.290744869729819
0.7777370934054323
0.18857751978258946
0.7536442370696266
0.12692480860753716
0.7121509844912945