0.06079524138119919
0.49386814323641887
0.07544801242979375
0.5814662300479448
0.0901007834783883
0.6655603933870099
0.1291748396079738
0.7461506332536137
0.1780174097699556
0.8249889113839872
0.2561655220291265
0.8740438399984417
0.3685034334016848
0.8933154190969774
0.4735149592499457
0.9230987686128962
0.5834107421144048
0.9563860416012762
0.698190781995062
0.9563860416012762
0.7885495367947284
0.9108350364592827
0.8642555205458003
0.8495163756912144
0.9155402192158812
0.7724300592970716
0.932635118772575
0.6848319724855456
0.9472878898211694
0.5989858474102501
0.9448457613130704
0.507883837126263
0.9155402192158812
0.4360534059408117
0.1780174097699556
0.42554163552342855
0.23174423694813565
0.38699847732635717
0.3001238351749102
0.3624710130191299
0.37338769041788294
0.3502072808655162
0.44909367416895474
0.3414474721843637
0.6810958824383685
0.3396955104481331
0.7079592960274583
0.32918374003075007
0.7519176091732422
0.3309357017669805
0.7958759223190258
0.3361915869756721
0.8300657214324131
0.34319943392059415
0.28302893561821657
0.4886122580277274
0.31233447771540557
0.47810048761034424
0.348966405336892
0.4728446024016527
0.3855983329583784
0.46233283198426955
0.41978813207176563
0.46233283198426955
0.41001961803936926
0.47810048761034424
0.38804046146647747
0.49562010497264947
0.35385066235309015
0.5061318753900326
0.31477660622350473
0.5096357988624935
0.28058680711011746
0.5043799136538021
0.6737694969140711
0.4360534059408117
0.7030750390112603
0.42554163552342855
0.7445912236489448
0.42554163552342855
0.7836652797785304
0.4307975207321202
0.8105286933676202
0.43780536767704226
0.8202972074000168
0.45882890851180846
0.7958759223190258
0.4728446024016527
0.7543597376813411
0.4728446024016527
0.7152856815517558
0.4675887171929611
0.6810958824383685
0.45707694677557803
0.348966405336892
0.48686029629149685
0.7445912236489448
0.44656517635819487
0.6151584127196931
0.6077456560914026
0.48084134477424295
0.770678097560841
0.5443366859848193
0.7479025949898443
0.617600541227792
0.7391427863086917
0.6908643964707648
0.7321349393637696
0.7665703802218365
0.7303829776275391
0.7592439946975394
0.763670250615919
0.698190781995062
0.7881977149231463
0.6273690552601884
0.80046144707676
0.5492209430010175
0.8039653705492209
0.4759570877580448
0.80046144707676