0.032604414537320714
0.5007792927264517
0.009161666749208087
0.580268338260798
0.01768630230852176
0.6628746012670795
0.05391600343560494
0.7423636468014259
0.09014570456268807
0.8140596486559345
0.160473947927026
0.867052345678832
0.24785146240999123
0.9216036514376972
0.33309781800312815
0.9714791309886595
0.44178692138437764
0.9777135659325299
0.5504760247656271
0.962127478572854
0.6442470159180776
0.9247208689096323
0.7358868481806997
0.8841970417744752
0.8253955215534935
0.8405559971673833
0.904248400477145
0.7937977350883558
0.9575273727228556
0.7267775594417502
0.9639208493923409
0.6394954702275659
0.9511338960533703
0.5568892072212844
0.10506381679148706
0.4119385947762999
0.14342467680839863
0.39011807247275376
0.1903101723846239
0.38232502879291597
0.23719566796084912
0.39635250741662414
0.2606384157489618
0.4181730297201701
0.5078528469690587
0.4103799860403323
0.5355579125368282
0.3807664200569484
0.5867057258927103
0.3760905938490456
0.6421158570282492
0.37764920258501317
0.6890013526044744
0.3885594637367862
0.14981815347788388
0.503282384473617
0.16686742459651122
0.4799032534341034
0.20309712572359442
0.473668818490233
0.23506450907102078
0.481461862170071
0.25424493907947654
0.49548934079377915
0.25424493907947654
0.49922068399048414
0.23506450907102078
0.48519320536677596
0.20309712572359442
0.477400161686938
0.16686742459651122
0.4836345966308084
0.14981815347788388
0.5070137276703219
0.524902118087686
0.4986065582657143
0.5440825480961419
0.4752274272262006
0.5781810903333966
0.46431716607442763
0.6165419503503081
0.473668818490233
0.6378535392485923
0.492372123321844
0.6378535392485923
0.496103466518549
0.6165419503503081
0.477400161686938
0.5781810903333966
0.4680485092711326
0.5440825480961419
0.4789587704229056
0.524902118087686
0.5023379014624193
0.2018184303896974
0.4886268034707132
0.580312249223225
0.4827040902740363
0.3416224535624418
0.6394954702275659
0.215884079062565
0.7448667385485913
0.2926057990963881
0.7853905656837481
0.39916374358780915
0.7916250006276184
0.5057216880792302
0.7822733482118129
0.5867057258927103
0.7511011734924615
0.5867057258927103
0.7548325166891665
0.5057216880792302
0.7860046914085179
0.39916374358780915
0.7953563438243234
0.2926057990963881
0.7891219088804531
0.215884079062565
0.7485980817452963