0.023921584136882737
0.24423092490557588
0.022304135180442334
0.3622781839936141
-0.0003401502097235268
0.47610946954279376
0.02553903309332316
0.5885354305790206
0.0627403590914528
0.6939347690504833
0.13714301108771204
0.7754435908017477
0.23095505056125631
0.8358725448587198
0.30859260047039644
0.9159760420970313
0.4169616805519045
0.9497038304078994
0.5528273928928996
0.9398665588172296
0.6692837177566098
0.901922796967503
0.7711830020123562
0.8457098164493896
0.8633775925294601
0.7852808623924177
0.9410151424386001
0.7164199612577288
0.994390958001134
0.6222632188898888
0.9782164684367297
0.5014053107759449
0.9588070809594447
0.39178999876562365
0.12420341943618872
0.09667185104552813
0.1759617860422821
0.13321028838230184
0.23095505056125631
0.17537002377088692
0.27462617238514764
0.21752975915947195
0.30374025360107515
0.25687884552215134
0.5253307606334126
0.3004439054236893
0.5754716782830654
0.2667161171128213
0.635317289671361
0.2372043023408117
0.7000152479289778
0.2217457326983305
0.7598608593172732
0.2133137856206135
0.16140474543431835
0.2610948190610099
0.1856664797809246
0.24844689844443435
0.22772015264837553
0.25406819649624574
0.25198188699498175
0.2751480641905383
0.26977382551582635
0.30606520347550065
0.2778610702980284
0.34260364081227435
0.2535993359514222
0.3552515614288499
0.21639800995329256
0.34260364081227435
0.1856664797809246
0.3229290976309347
0.16787454126008
0.2920119583459723
0.5803240251523868
0.3088758525014063
0.6110555553247546
0.2990385809107365
0.654726677148646
0.2990385809107365
0.6870756562774544
0.32152377311798186
0.7081024927111799
0.35103558788999134
0.716189737493382
0.3833580516879066
0.6886931052338948
0.39881662133038775
0.6417870854971227
0.39178999876562365
0.6013508615861122
0.37492610461018955
0.5803240251523868
0.3468196143511329
0.22772015264837553
0.2990385809107365
0.6175253511505164
0.3313610447086517
0.24227719325633928
0.4732988205168881
0.21963290786617343
0.6447484110971341
0.31021004942683683
0.6517750336618982
0.4088744357697024
0.6644229542784738
0.5043039241996871
0.6728549013561909
0.5948810657603506
0.6588016562266624
0.5706193314137442
0.7248519083354457
0.49136433254816375
0.7698222927499364
0.395934844118179
0.7852808623924177
0.30697515151395605
0.7642009946981252
0.25683423386430304
0.6939347690504833