0.06093771959349479
0.5094740116750984
0.10025932628156091
0.5881810617970386
0.14707076281497297
0.6654305739537575
0.19575465680972146
0.7426800861104764
0.24631100826580646
0.815556984371532
0.32120930671926573
0.8738585029803766
0.43168429693811816
0.90446680025002
0.5421592871569705
0.9321600215892211
0.656379192298496
0.9409052493805478
0.7743440123626945
0.9117544900761255
0.8717118003521913
0.8680283511194921
0.9297579816536223
0.787863763032331
0.955972386112333
0.6960388712234008
0.9372478114989682
0.5983838275535863
0.9241406092696127
0.4992712459185506
0.8923088324268926
0.4118189680052839
0.8454973958934805
0.33894206974422825
0.18826482696437552
0.40744635410962055
0.20698940157774035
0.36226267718776606
0.23882117842046052
0.30979131043980596
0.2856326149538726
0.271895323344057
0.3399338813326306
0.2660651714831726
0.5309245423889517
0.2208814945613181
0.5758635214610272
0.18007043153512692
0.6470169049918135
0.2106787288047703
0.703190628831908
0.24857471590051924
0.7556194377493296
0.2806405511353837
0.23320380603645108
0.4642903347532439
0.25941821049516184
0.4322244995183794
0.29124998733788204
0.40598881614439947
0.3324440514872846
0.39432851242263056
0.3567859984846589
0.40598881614439947
0.3830004029433697
0.43805465137926386
0.36989320071401427
0.46866294864890723
0.32308176418060225
0.48032325237067613
0.2762703276471902
0.4934410940576661
0.23133134857511461
0.4876109421967817
0.5852258087677096
0.3520599114312183
0.598333010997065
0.32145161416157486
0.6376546176851311
0.3112488484050271
0.6751037669118608
0.32145161416157486
0.7144253735999269
0.33602699381378603
0.7312774907519553
0.3578900632921027
0.7125529161385904
0.38412574666608273
0.6751037669118608
0.3972435883530728
0.6357821602237946
0.3899558985269672
0.6114402132264204
0.3797531327704194
0.30622964702857386
0.45117249306625384
0.6451444475304771
0.3637202151529872
0.5253071700049423
0.49781370795332947
0.4410465842448006
0.7062416369799487
0.48785802077821266
0.6654305739537575
0.5833533513063731
0.6173318211014607
0.6844660542185431
0.5794358340057119
0.7724715549013578
0.6173318211014607
0.8005584168214049
0.6814634915711897
0.7556194377493296
0.749967775936582
0.6638690221438419
0.7936939148932154
0.555266489386326
0.8170145223367532
0.4578987013968289
0.7936939148932154