0.2448599893758053
0.19977924870388794
0.18452150162790487
0.2877749856068007
0.1315413660443826
0.38094694232753185
0.07267454872935782
0.47282484409380837
0.029996106175964845
0.5724670755868124
0.02263775401158674
0.683755801669908
0.09474960522249212
0.7626931538916385
0.14772974080601442
0.861041330430188
0.22719994418129788
0.9309202979707364
0.35376360140860114
0.9606835619231922
0.49651563339753624
0.9658597817410105
0.6333809836549689
0.9464489574241916
0.757001300016521
0.9076273087905534
0.8173397877644214
0.8144553520698224
0.8585465598849388
0.7070487908500906
0.9100550250355853
0.6035243944937229
0.9645068310519834
0.5077643278640825
0.4832705995016557
0.1234300063910666
0.5112323377262925
0.17001598475143218
0.5436090872495561
0.21919007302070692
0.5612691324440635
0.2735403811078001
0.5642124733098147
0.33047879910380246
0.6790027670741131
0.39647560178098695
0.7378695843891379
0.3718885576463496
0.8055664243014163
0.3524777333295306
0.8820932868109487
0.3498896234206214
0.9483184562903516
0.3550658432384398
0.4214604413208797
0.2554236117454357
0.4582522021427701
0.2541295567909811
0.48621394036740695
0.27483443606225466
0.5053456559947901
0.30330364506025587
0.5185906898906706
0.34212529369389383
0.5038739855619144
0.3654182828740766
0.4685538951728996
0.3628301729651674
0.44500716824688963
0.3408312387394392
0.4273471230523821
0.312362029741438
0.41115874829075033
0.28001065588007307
0.6996061531343718
0.42494481077898816
0.7378695843891379
0.4197685909611698
0.7776046860767797
0.422356700870079
0.8173397877644214
0.42365075582453354
0.8320564920931776
0.4495318549136256
0.8188114581972971
0.4702367341848991
0.7834913678082821
0.48058917382053595
0.7437562661206404
0.47929511886608134
0.70696450529875
0.4702367341848991
0.6848894488056156
0.44823779995917096
0.4803272586359045
0.3278906891948933
0.7202095391946305
0.4456496900502618
0.5171190194577949
0.4870594485928089
0.23897330764430286
0.5711730206323579
0.35229193097572553
0.547880031452175
0.45089384997839205
0.6332876584461786
0.5818725185043222
0.6526984827629976
0.6068909158632078
0.75751693407382
0.5745141663399441
0.861041330430188
0.44795050911264084
0.8778640448380979
0.3243301927510888
0.835160231341096
0.2154265807182929
0.7639872088460931
0.17274813816489995
0.6669330872619982