0.23289464829567813
0.13212259424370412
0.17920872497834292
0.22429058954085856
0.12910186321549666
0.32599320504116686
0.08794265533887298
0.43246313064305214
0.06825781678918337
0.5452894697137067
0.06467875523469434
0.6676504289875151
0.08436359378438395
0.7820658714253621
0.14699717098794177
0.877412073456901
0.23110511751843363
0.9457435182461708
0.35279321037106015
0.9679909653868631
0.4691127108919533
0.9377980014102091
0.5818531498583573
0.882179383558478
0.6838564041612942
0.8233825589723622
0.7769120045780087
0.747105597347131
0.8162816816773879
0.6374574650108611
0.8538618279995225
0.5278093326745912
0.9093372820941024
0.43246313064305214
0.44226974923328555
0.020885358540241872
0.5102719187685769
0.033598185477780415
0.5800636190811128
0.0653802528216268
0.608696111517025
0.12894438750931947
0.6051170499625359
0.20522134913455073
0.7089098350427173
0.241770726579974
0.746489981364852
0.20045403903297374
0.8162816816773879
0.18615210872824295
0.8753361973264566
0.21634507270489692
0.8807047896581902
0.2640181737206665
0.4118477260201289
0.17502838515789668
0.4458488107877746
0.1496027312828196
0.4941661417733764
0.16231555822035812
0.5281672265410221
0.20045403903297374
0.524588164986533
0.24494893331435866
0.5031137956595988
0.27832010402539736
0.4673231801147088
0.3005675511660898
0.4243744414608405
0.2910329309629359
0.39216288747043937
0.2592508636190895
0.39216288747043937
0.21316686597051235
0.7178574889289399
0.3164585848380129
0.7554376352510745
0.2910329309629359
0.7983863739049427
0.2846765174941666
0.8162816816773879
0.32440410167397454
0.8127026201228988
0.36572078922097473
0.7983863739049427
0.4022701666663981
0.7608062275828081
0.4213394070727059
0.7214365504834289
0.4213394070727059
0.6892249964930277
0.3895573397288596
0.6963831196020058
0.3498297555490516
0.4691127108919533
0.2306470030096278
0.7482795121420965
0.3545970656506286
0.5711159651948902
0.3577752723850132
0.26868526384056834
0.5389330562449375
0.3688989873662608
0.4547105777837446
0.5084823879913324
0.44676506094778295
0.615854234626003
0.516685609104245
0.5925903345218243
0.6358683616436688
0.521009103432044
0.7598184242846695
0.43869068767879665
0.8392735926442854
0.29373869472199143
0.84245179937867
0.1953145019735435
0.7550511141830927
0.21142027896874402
0.6358683616436688