0.12817329013818837
0.20780031374402788
0.074546881001566
0.2815735042095184
0.03164575369226814
0.3625793604069198
0.04083885240140339
0.46383668065367156
0.06688596541061996
0.5593078683148947
0.09446526153802576
0.6562255891224998
0.132769839492756
0.7502502436373407
0.18639624862937837
0.8399352987130352
0.2553444889478928
0.9151550223249079
0.3411467435664886
0.968676748741048
0.439206463130598
0.9484252846916977
0.5280730839855722
0.9021362240074683
0.6246006204314924
0.8703124947870606
0.7042741425773313
0.821130367810067
0.7548361854775754
0.7430175779054299
0.8023338621414409
0.6620117217080286
0.8697499193417662
0.6070434621455061
0.4575926605488685
0.11522219237556916
0.46525357613981455
0.20490724745126354
0.4867041397944636
0.29169923623419364
0.5158156190400586
0.3755981587243593
0.5449270982856536
0.4464782828970855
0.6690339308589796
0.5289306722408691
0.7471752698866293
0.5028930756059901
0.832977524505225
0.4797485452638754
0.9080544972964963
0.4450317497507034
0.9815992869695784
0.407421887944767
0.2936490669026231
0.26276857330655023
0.36259730722113753
0.2511963081354929
0.41928808259413824
0.29169923623419364
0.44839956183973334
0.3481140289430981
0.47138230861257147
0.40886842109114924
0.4560604774306794
0.4377990840187926
0.3993697020576786
0.42622681884773517
0.35646857474838073
0.37993775816350583
0.31203526432089357
0.3322021643328943
0.2706663201297849
0.2989319019661045
0.6751626633317364
0.5433960037046908
0.7241925231137911
0.5405029374119265
0.774754566014035
0.5347168048263977
0.8207200595597114
0.5477356031438373
0.8253166089142789
0.588238531242538
0.8069304114960084
0.614276127877417
0.760964917950332
0.6258483930484743
0.7149994244046558
0.6157226610237991
0.672098297095358
0.5983642632672131
0.6337937191406277
0.5708801334859519
0.37332258904846194
0.3394348300648051
0.6889523113954392
0.5694336003395698
0.5602489294675457
0.6938354509284361
0.18486406551118914
0.7587169186884402
0.2813916019571093
0.7456981203710007
0.38404787087578646
0.7500377198101472
0.4821075904398959
0.7645030512739689
0.5234765346310046
0.8310435760075485
0.5234765346310046
0.8341491661275064
0.4821075904398959
0.7676086413939268
0.38404787087578646
0.7531433099301051
0.2813916019571093
0.7488037104909586
0.18486406551118914
0.7618225088083981