0.026354912286069232
0.49061812713298186
0.06464837458206726
0.5766188674534427
0.10677118310766505
0.6657469074219203
0.16038203032206233
0.7408020989743225
0.22739558934005885
0.8142936407027163
0.30398251393205483
0.8752759838390429
0.4035455159016497
0.9206218287352861
0.512681883445244
0.9503311753914451
0.6218182509888384
0.9737859227515708
0.7290399454176328
0.978476872223596
0.7960535044356294
0.9143672294392524
0.8573230441092261
0.8361847382388335
0.9109338913236233
0.7580022470384147
0.9453980073900216
0.668874207069937
0.9492273536196214
0.5672369685093924
0.9415686611604218
0.46716337977285627
0.9243366031272227
0.37959898962838695
0.12591791425566407
0.3514532927962361
0.1910168001588607
0.3733443903323535
0.2637743785212569
0.39523548786847085
0.34036130311325297
0.42494483452462994
0.4054601890164496
0.4515268815327724
0.6256475972184382
0.4077446864605378
0.6371356359072375
0.34988964297222774
0.6696850788588359
0.29985284860395967
0.7118078873844338
0.2529433538837083
0.7462720034508319
0.2154157581075072
0.1718700690108617
0.4874908274849651
0.2139928775364595
0.462472430300831
0.2695183978656567
0.4515268815327724
0.32504391819485373
0.45934513065281424
0.3748254191796512
0.48279987801294
0.39397215032765015
0.5156365243171159
0.35567868803165215
0.5469095207972835
0.30206784081725496
0.5531641200933171
0.2407983011436581
0.5437822211492668
0.1929314732736606
0.5265820730851746
0.6639410595144363
0.41556293558057966
0.6888318100068349
0.38116263945239537
0.7232959260732331
0.34519869350020266
0.7673334077136308
0.31705299666805187
0.7979681775504293
0.34363504367619424
0.8190295818132282
0.38272628927640373
0.8017975237800291
0.42494483452462994
0.7577600421396313
0.4530905313567808
0.7079785411548339
0.48279987801294
0.6601117132848364
0.4734179790688897
0.2944091483580554
0.5062546253730656
0.7213812529584333
0.42181753487661316
0.5777807693484407
0.5922553656935264
0.46672972869004636
0.7814569943985403
0.5050231909860444
0.7251656007342387
0.5930981542668399
0.6829470554860124
0.6907464831216348
0.6626196077739035
0.7692480808284308
0.668874207069937
0.763504061484031
0.7752023951025068
0.7386133109916323
0.8580758357749508
0.6735144250884357
0.9331310273273531
0.5643780575448413
0.9065489803192106
0.49736449852684483
0.8361847382388335