0.011367005764796633
0.20836782560706402
0.008434647755907089
0.33576503863134655
0.011367005764796633
0.4616273454746137
0.033359690831468405
0.581350027593819
0.08174359797814627
0.6903283664459161
0.15651872720483026
0.7870274558498896
0.2415571094626277
0.872982201986755
0.33685874475153865
0.9466576986754967
0.4424236330715631
0.9911699779249448
0.5509208794004771
0.9834954470198676
0.6359592616582747
0.9205642935982341
0.7195314649116272
0.8484237030905077
0.7972389521472008
0.7762831125827815
0.8602846493383265
0.6826538355408389
0.9013376614627806
0.5752104028697572
0.9423906735872345
0.4600924392935982
0.9629171796494614
0.3557188189845475
0.24009093045818294
0.04413286423841059
0.2958057326270847
0.1224130794701987
0.35005435579154176
0.19608857615894043
0.4072353369648883
0.2636244481236203
0.45708542311601097
0.3158112582781457
0.612500397587158
0.31427635209713023
0.6755460947782838
0.28204332229580575
0.7400579709738543
0.24520557395143489
0.795772773142756
0.2052980132450331
0.8353596062627653
0.15464610927152317
0.19317320231594984
0.22064707505518766
0.22542914041373507
0.19762348233995586
0.27381304756041297
0.22218198123620309
0.32366313371153566
0.26208954194260486
0.36618232484043434
0.30353200883002207
0.3705808618537687
0.36032353752759383
0.31486605968486686
0.3557188189845475
0.2635497945292995
0.32655560154525387
0.20930117136484244
0.29739238410596025
0.1697143382448333
0.26055463576158944
0.6506210517027224
0.3342301324503312
0.7004711378538452
0.3096716335540839
0.7503212240049677
0.2881829470198676
0.8075022051783143
0.2682291666666667
0.8514875753116578
0.2943225717439294
0.8338934272583205
0.3526490066225165
0.7884418781205321
0.38334713024282563
0.7356594339605199
0.40637072295805743
0.6770122737827285
0.41864997240618107
0.6403577986716089
0.3864169426048565
0.28554247959597123
0.2743687913907285
0.7356594339605199
0.3342301324503312
0.5303943733382501
0.5291632174392936
0.2914071956137504
0.7247947709713024
0.374979398867103
0.6710730546357616
0.48494282420046186
0.6511192742825608
0.6007709655515998
0.6618636175496689
0.674079915773839
0.7140504277041942
0.674079915773839
0.7179566777041942
0.6007709655515998
0.6657698675496689
0.48494282420046186
0.6550255242825608
0.374979398867103
0.6749793046357616
0.2914071956137504
0.7287010209713024