0.1310900026534882
0.32293653029474884
0.08718578924745254
0.40712519138142317
0.037793549165662445
0.49265018042185416
0.019500126913147602
0.5888657930923391
0.04876960251717136
0.685081405762824
0.09633250037370994
0.7692700668494983
0.13291934487873963
0.8561313838436861
0.1841409271857812
0.9403200449303604
0.2884134340251159
0.9844188674043326
0.42927278536948016
0.9857551953580893
0.5481800300108267
0.9550196524216844
0.6652579324269217
0.9189387976702528
0.7713597814915077
0.8748399751962804
0.870144261655088
0.8200505290922543
0.9524646617914048
0.7505614754969041
1.0000275596479433
0.6610275025952027
1.0347850619277217
0.568820873785988
0.2554852739705891
0.1572318640289137
0.3103655407281336
0.18663107901156184
0.3542697541341693
0.22672091762426388
0.38536857196344454
0.27750137986701984
0.4018326519907079
0.33362715392480274
0.5939135856421137
0.3483267614161268
0.6707459591026761
0.326945514156019
0.7695304392662563
0.32427285824850555
0.8628268927540821
0.33362715392480274
0.9341712395388899
0.35367207323115374
0.2115810605645535
0.33987207205809655
0.2536559317453376
0.31715449684423214
0.2993894873766248
0.33319043228931294
0.33048830520589995
0.3665986311332313
0.34695238523316335
0.4026794858846632
0.34695238523316335
0.4044525354739097
0.33048830520589995
0.36837168072247783
0.2993894873766248
0.33496348187855945
0.2536559317453376
0.31892754643347865
0.2115810605645535
0.34164512164734306
0.6506231946249098
0.4628142438037162
0.7128208302834603
0.4441056524511219
0.7805064926177652
0.46014158789620274
0.8298987326995553
0.4962224426476346
0.8683149194298365
0.5363122812603367
0.8683149194298365
0.5380853308495832
0.8298987326995553
0.4979954922368811
0.7805064926177652
0.46191463748544925
0.7128208302834603
0.4458787020403684
0.6506231946249098
0.46458729339296273
0.2884134340251159
0.3527855484365305
0.7684328339311053
0.4808057664064257
0.3067068562776307
0.5314036910807995
0.2076227424737076
0.6342605429075127
0.3088200619516281
0.6319546002524253
0.4212615280382064
0.6613553691047872
0.5275368492103595
0.7057447652152159
0.6171273076728911
0.7484047043343292
0.5445844263267116
0.8221948692971197
0.44121082040840576
0.8665842654075483
0.3218777805939404
0.8717726363814945
0.2540501865352625
0.800864899737563
0.22974832128429235
0.7149685358355647