0.10657023432485706
0.5036598155336663
0.15597769373793471
0.5951551107430694
0.19806552953426015
0.6903102177608486
0.24930289485152582
0.7799756070660636
0.32615894282742447
0.8476821255210218
0.4231439557493917
0.8879400554131591
0.5256186863839232
0.9245381734969205
0.6262635111142665
0.9538166679639294
0.7287382417487979
0.9391774207304249
0.7982746661079443
0.8806204317964069
0.851341937329398
0.794614854299568
0.8989194908382876
0.7012896531859769
0.9263680794011084
0.5988149225514456
0.9300278912094847
0.4853607564917858
0.9080690203592278
0.3773963081446901
0.8769606199880309
0.27126176570178256
0.8293830664791413
0.1870860941091317
0.13767863469605407
0.3389682841567408
0.1779365645881915
0.342628095965117
0.22002440038451682
0.342628095965117
0.26028233027665426
0.3371383782525528
0.29322063655203934
0.3371383782525528
0.492680380108538
0.24930289485152582
0.5329383100006754
0.2108748708635766
0.5677065221802485
0.16695712916306304
0.6043046402640097
0.12120948155836152
0.6463924760603351
0.08461136347460034
0.19257581182169595
0.4707215092582812
0.21819449448032882
0.44876263840802455
0.25296270665990195
0.42863367346195586
0.28773091883947516
0.4121645203242633
0.32615894282742447
0.4011850848991349
0.3316486605399886
0.4304635793661439
0.3096897896897319
0.463401885641529
0.2804112952227229
0.48719066239597375
0.2383234594263975
0.4981700978211022
0.19806552953426015
0.4981700978211022
0.5768560517011887
0.2785813893185348
0.6079644520723858
0.2584524243724661
0.642732664251959
0.23283374171383325
0.6811606882399083
0.21819449448032882
0.7269083358446098
0.2145346826719527
0.7378877712697383
0.2383234594263975
0.7104391827069174
0.2694318597975945
0.675670970527344
0.29505054245622736
0.6335831347310187
0.3096897896897319
0.5914952989346934
0.3005402601687916
0.2895608247436631
0.4414430147912723
0.6390728524435829
0.2657720479892184
0.49451028601272606
0.5128093450546066
0.48353085058759765
0.7386284474690524
0.5311084040964872
0.6928807998643509
0.5914952989346934
0.6599424935889658
0.6500522878687112
0.6306639991219567
0.7104391827069174
0.6270041873135807
0.7104391827069174
0.6335831347310187
0.6500522878687112
0.6372429465393947
0.5914952989346934
0.6665214410064039
0.5311084040964872
0.699459747281789
0.48353085058759765
0.7452073948864905