0.06262341937077705
0.4617909735404842
0.06810442628032366
0.5641623598890259
0.09185545622169222
0.6564407926539083
0.1484925276203404
0.7314170192753754
0.22888062896035716
0.7919747407773294
0.3129227349067384
0.8539743127912349
0.39148383394357283
0.9087646322453838
0.46639092837404306
0.9649968022114842
0.5888000826872504
0.973647905283192
0.6929392139686357
0.9347179414605071
0.7733273153086525
0.8669509673987965
0.8427534028295761
0.7934165912892808
0.8957364696218598
0.7083474110841547
0.9176604972600463
0.6117434267834183
0.9267955087759573
0.5079301899229255
0.9140064926536818
0.4070006540863352
0.8792934488932199
0.3219314738812092
0.06262341937077705
0.3392336800246246
0.1320495068917006
0.3219314738812092
0.19782158980625977
0.33346627797681944
0.24349664738581475
0.3637451387277965
0.2836906980558231
0.3954658499907249
0.42985088231039903
0.29886186568998857
0.46639092837404306
0.26714115442706016
0.5047579767408692
0.24262969572388826
0.5522600366236063
0.22388563906852144
0.6070701057190724
0.21235083497291116
0.09733646313123884
0.45169801995682524
0.1229144953757896
0.4300702622775559
0.15762753913625138
0.41709360766999426
0.2014755944126242
0.4113262056221891
0.24166964508263256
0.4156517571580429
0.24166964508263256
0.42862841176560457
0.20695660132217075
0.4444887673970687
0.1704165552585268
0.45746542200463036
0.1320495068917006
0.46900022610024067
0.09002845391851003
0.4776513291719484
0.4773529421931363
0.3695125407756017
0.5120659859535981
0.3421173810485272
0.5613950481395173
0.33202442746486815
0.6162051172349833
0.3305825769529169
0.667361181724085
0.3291407264409656
0.667361181724085
0.3450010820724298
0.6235131264477122
0.35797773667999133
0.5723570619586106
0.3695125407756017
0.521200997469509
0.3781636438473095
0.4773529421931363
0.3695125407756017
0.17407055986489117
0.4300702622775559
0.566876055049064
0.35221033463218626
0.24349664738581475
0.525232396066341
0.3257117510290137
0.7054637100602521
0.34032776945447135
0.6434641380463466
0.4499479076454032
0.630487483438785
0.576011066564975
0.62472008139098
0.6563991679049918
0.630487483438785
0.6582261702081739
0.7256496172275703
0.6253401287508943
0.8164861994805014
0.5321630112886022
0.8756020704705043
0.43715889152312787
0.8438813592075758
0.38052182012447966
0.7689051325861089