0.07135357654565752
0.48604469498879493
0.055263905477298904
0.5829110849198381
0.04836833216228804
0.6748520651933707
0.055263905477298904
0.7684348486860735
0.10123439424403784
0.8406741903295635
0.19777242065418973
0.8817192708088191
0.2920119226260046
0.924406154507245
0.3954455223511673
0.9638094317673302
0.5126702687063516
0.9900782832740538
0.63449206393821
0.9670930382056706
0.7356271392250356
0.9276897609455854
0.806881396813481
0.8620176321787762
0.8620459833335679
0.7881364873161163
0.9126135209769808
0.7076881295767753
0.9585840097437197
0.6255979686182641
0.9539869608670458
0.5402242012214123
0.9241061431686655
0.46634305635875234
0.27592225155764594
0.3235061762909428
0.34028093583108054
0.3185807666334321
0.40004257122784115
0.3382824052634748
0.4506101088712541
0.369476666427709
0.47589387769296043
0.405596337249454
0.6988507482116445
0.3973873211536029
0.7310300903483617
0.35798404389351757
0.767806481361753
0.3202225698526023
0.8114784456901549
0.2906701119075383
0.8712400810869155
0.280819292592517
0.31729569144771097
0.4996402444858127
0.34257946026941744
0.4733713929790891
0.37935585128280863
0.46023696722572727
0.4184307667345367
0.47172958975991874
0.4437145355562432
0.48978942517079127
0.4437145355562432
0.4942537110846461
0.4184307667345367
0.4761938756737736
0.37935585128280863
0.4647012531395821
0.34257946026941744
0.4778356788929439
0.31729569144771097
0.5041045303996675
0.6919551748966337
0.48978942517079127
0.7218359925950139
0.46023696722572727
0.7540153347317312
0.4339681157190037
0.7953887746217962
0.4471025414723655
0.8160754945668288
0.4782968026365997
0.8160754945668288
0.4827610885504545
0.7953887746217962
0.45156682738622034
0.7540153347317312
0.4384324016328585
0.7218359925950139
0.4647012531395821
0.6919551748966337
0.4942537110846461
0.3802752610581434
0.48118566688119513
0.7558541542824008
0.4641109134018249
0.5816260018564602
0.6518668201249876
0.3862514245978195
0.7569422261518819
0.4207292911728738
0.6929119006042432
0.5448496108430689
0.7208225553301371
0.6689699305132643
0.7142553424534561
0.7701050058000899
0.7060463263576051
0.7425227125400464
0.7996291098503079
0.6827610771432858
0.8735102547129678
0.5678348552264384
0.9079881223155426
0.4483115844329171
0.8997791062196915
0.3862514245978195
0.8275397645762016