0.08262692841782611
0.35551270683561365
0.05681808853984965
0.449901381230022
0.02363529441102276
0.532672988006657
0.04207018003814881
0.6299659293055087
0.07156599704155046
0.7229024702476954
0.11212274542122778
0.8129347442854388
0.19323624218058238
0.872472215826527
0.2872541588789252
0.9218447532020637
0.40708091545524455
0.9436267549853887
0.5342816262824142
0.955243822603162
0.6412039629197452
0.9174883528453986
0.7481262995570764
0.8666636820176404
0.8403007276927066
0.8056740770243304
0.8863879417605217
0.7229024702476954
0.9140402702012108
0.628513795853287
0.9398491100791871
0.5312208545544354
0.9472230643300377
0.44264071396891363
0.11396623398394037
0.29307096839008195
0.1637404251771807
0.27419323351120034
0.21720159349584625
0.26402829934564864
0.2761932275026496
0.25967189898898363
0.3259674186958899
0.26693256625009204
0.5914297717265049
0.2872624345811953
0.6651693142350091
0.2945231018423037
0.7260044368045251
0.3163051036256287
0.7849960708113284
0.345347772670062
0.8329267734418562
0.380198975523382
0.18586228792973192
0.37003404135783036
0.21351461637042102
0.3569648402878353
0.2540713647500983
0.35260843993117036
0.2946281131297756
0.349704173026727
0.31859346444503944
0.36712977445338696
0.31859346444503944
0.380198975523382
0.2890976474416378
0.393268176593377
0.24854089906196053
0.397624576950042
0.2079841506822832
0.393268176593377
0.1729578679907437
0.3831032424278253
0.5729948860993789
0.3874596427844903
0.6061776802282058
0.3787468420711603
0.6467344286078831
0.38891177623671197
0.6836041998621352
0.39907671040226367
0.7149435054282495
0.41069377802003704
0.716786993990962
0.42957151289891865
0.6762302456112848
0.43538004670780533
0.6412039629197452
0.42666724599447536
0.6043341916654932
0.415050178376702
0.5711513975366663
0.39907671040226367
0.2466974104992479
0.37293830826227364
0.6467344286078831
0.4048852442111503
0.3978634726416814
0.558811390146647
0.22457554774669666
0.702683572813596
0.32412393013317725
0.7041357062658176
0.4144548697060949
0.7259177080491426
0.5066292978417252
0.7506039767369108
0.5803688403502294
0.7767423788769008
0.5803688403502294
0.7795356748843403
0.5066292978417252
0.7533972727443503
0.4144548697060949
0.7287110040565821
0.32412393013317725
0.7069290022732571
0.22457554774669666
0.7054768688210354