0.12551417645728977
0.25784177736484054
0.08715424554578746
0.3503516594577112
0.03920433190640958
0.43469890489532853
0.02481935781459622
0.5367318630859946
0.04080266236105552
0.6374043818341185
0.06637594963539037
0.7326351428120735
0.08875257600043339
0.8319472221176554
0.12551417645728977
0.919015346440357
0.2278073255546292
0.9611889691591659
0.346083779198428
0.9775142424696723
0.4675568937515186
0.9625494086017079
0.5778416951220877
0.9298988619806948
0.683331505128719
0.8890856787044283
0.7744363410435371
0.8292263432325708
0.8543528637758335
0.7530417344502068
0.9070977687791492
0.6632527312424207
0.93426938650813
0.5666615308219233
0.2869455523765286
0.14628574307637893
0.3029288569229879
0.2061450785482364
0.32051049192409314
0.26600441402009384
0.3412887878344902
0.3231428706068669
0.35407543147165765
0.37892088775109767
0.5426784251198773
0.4469428598782085
0.6305866001254034
0.4306175865677019
0.7121014533123459
0.4034087977168576
0.7936163064992882
0.37756044830855545
0.863942846503709
0.3557934172278801
0.210225690553524
0.2782483690029738
0.23899563873715074
0.26736485346263605
0.27735556964865304
0.2864110056582271
0.3029288569229879
0.3204219917217825
0.322108822378739
0.3598747355555067
0.30612551783227976
0.39388572161906205
0.2645689260114856
0.39388572161906205
0.2278073255546292
0.37211869053838664
0.19743904691635658
0.34899122001516897
0.19264405555241879
0.3081780367389025
0.592226669213901
0.48639560371193263
0.6529632264904465
0.48095384594176377
0.7200931055855754
0.4850351642693905
0.7792313324074748
0.4904769220395594
0.8303779069561446
0.520406589775488
0.7952146369539341
0.551696696953959
0.7376747405866806
0.5639406519368388
0.6737415224008435
0.5653010913793811
0.61620162603359
0.5489758180688745
0.5682517123942121
0.5217670292180302
0.29333887419511234
0.3585142961129644
0.7136997837669917
0.520406589775488
0.21981567328139962
0.5598593336092123
0.18944739464312693
0.6945428384208916
0.2869455523765286
0.7231120667142781
0.3892387014738681
0.7285538244844469
0.48194186784333193
0.7407977794673268
0.5075151551176669
0.8142615093646065
0.480343537388686
0.8605164504110419
0.39243536238315996
0.8986087548022238
0.2917405437404664
0.8972483153596816
0.21821734282675367
0.8441911771005353
0.19584071646171064
0.7625648105480024