0.08737827892331715
0.3225428285780199
0.045977956014944345
0.39932022539097456
0.03562787528785114
0.48913529336084616
0.028727821469789014
0.5818476215878102
0.03907790219688222
0.6760085799433206
0.080478225105255
0.7542346068848217
0.12532857492265892
0.8252174831835911
0.18052900546715597
0.8990976197394531
0.25297957055680836
0.9570428248813058
0.3547553643732249
0.9802209069380469
0.4479060909170637
0.9483510441100279
0.5376067905518714
0.9019948799965457
0.6290325036411947
0.8628818665257953
0.7101081360034247
0.8136284421552206
0.7739336338204995
0.7440941959849974
0.82395902400145
0.668765429300589
0.8653593469098229
0.603577073516005
0.3530303509187094
0.19651200739449057
0.3737305123728958
0.2544572125363431
0.39960571419062874
0.318196938192381
0.4306559563719083
0.37179625294859464
0.4720562792802811
0.41380652667643775
0.6497326650953811
0.46595721130410506
0.7049330956398783
0.4500222798900956
0.7601335261843752
0.4297414580904472
0.8084339029108102
0.4065633760337062
0.8567342796372451
0.3862825542340578
0.2426294898297152
0.35586132153458516
0.2805797858290569
0.3326832394778442
0.32370512219194525
0.35441269140603887
0.3564803778277404
0.3862825542340578
0.38580560655450447
0.4326387183475398
0.37200549891838025
0.47464899207538297
0.31853008182839865
0.4688544715611977
0.27712975892002584
0.447125019633003
0.24607951673874623
0.42104967731916937
0.22537935528455982
0.3819366638484188
0.6359325574592568
0.5311455670886892
0.6790578938221452
0.5123133754175871
0.7308082974576112
0.4949298138750314
0.7773836607295305
0.4992757042606703
0.7963588087292014
0.5340428273457819
0.7808336876385615
0.5731558408165324
0.7377083512756734
0.5890907722305418
0.6807829072766607
0.5992311831303659
0.6307575170957103
0.5963339228732734
0.6083323421870083
0.5630154299167082
0.3150800549193676
0.43698460873317885
0.6738828534585986
0.5601181696596156
0.47033126582576557
0.654279128015126
0.19605412655779575
0.7297427239106328
0.30300496073775884
0.7326399841677254
0.40478075455417534
0.7558180662244665
0.5031065214615608
0.7833420386668464
0.5755570865512132
0.8296982027803285
0.5755570865512132
0.8324606338263226
0.5031065214615608
0.7861044697128405
0.40478075455417534
0.7585804972704606
0.30300496073775884
0.7354024152137195
0.19605412655779575
0.7325051549566269