0.04257332095691306
0.47309603353974644
0.08971933194253164
0.5627759465758605
0.134815516363558
0.64886866309053
0.18606118047836076
0.7224061917801435
0.2701040696266373
0.7780077378625344
0.36029643846869014
0.8371964804663695
0.4525386338753351
0.8999724195916494
0.5447808292819801
0.9501931708918733
0.6534216372053618
0.9483995726311512
0.7518133123057832
0.9161148039381499
0.8379060280186518
0.8748620439415374
0.9035004780855993
0.8102925065555354
0.9485966625066258
0.7277869865623103
0.9608956218941783
0.6273454839618625
0.9588457953295864
0.5233167848399702
0.9485966625066258
0.42287528223952253
0.9116997843439676
0.3439569587677422
0.1676127413970318
0.40493929963229974
0.1963103133013213
0.36368653963568726
0.24550615085153196
0.33678256572485304
0.29880164153092686
0.3206401813783525
0.35209713221032174
0.31167219007474106
0.5960264933967828
0.23275386660296074
0.6452223309469934
0.2184050805171825
0.7046673013201646
0.21123068747429335
0.7620624451287437
0.2255794735600716
0.7948596701622175
0.2524834474709058
0.24345632428693986
0.4282560770216894
0.2660044164974531
0.40852649615374426
0.2947019884017426
0.39238411180724375
0.3274992134352164
0.3780353257214655
0.36234626503328227
0.37444812920002096
0.37464522442083487
0.39417771006796604
0.3541469587749138
0.4157008891966334
0.3233995603060321
0.4372240683253008
0.29060233527255847
0.451572854411079
0.24960580398071622
0.451572854411079
0.6308735449948486
0.3224337796390748
0.655471463769954
0.31167219007474106
0.692368341932612
0.30808499355329655
0.72926522009527
0.31167219007474106
0.7579627919995595
0.3206401813783525
0.7723115779517042
0.3403697622462976
0.7436140060474148
0.3529249500713536
0.7067171278847567
0.35471854833207583
0.6698202497220987
0.3529249500713536
0.6390728512532171
0.34216336050701984
0.3070009477892952
0.41390729093591117
0.692368341932612
0.32602097616051934
0.5755282277508618
0.5143487935363589
0.487385685473401
0.7116446022158099
0.5570797886695327
0.7008830126514762
0.6267738918656645
0.6793598335228087
0.6964679950617961
0.661423850915586
0.7661620982579278
0.6416942700476408
0.7641122716933358
0.6703918422191973
0.7087669544493489
0.7098510039550876
0.6390728512532171
0.7331677813444772
0.5652790949279011
0.743929370908811
0.49148533860258514
0.7367549778659218