0.06968039289018176
0.3688355978541323
0.06600921516559576
0.4852440088913338
0.08803628151311184
0.5950941995884114
0.14310394738190224
0.6934675046902717
0.21836309073591564
0.773805703856791
0.3009645895391012
0.8410274623430624
0.4110999212766818
0.8918536699790237
0.5249064307388487
0.9213656615095818
0.6515620622370664
0.9328425471047987
0.759861805112354
0.9066096657443027
0.8332853596040745
0.8377483521730005
0.8755039034368137
0.741014602156171
0.904873325233502
0.6344435216291555
0.9269003915810181
0.5262328860171089
0.914051269544967
0.4131035851499695
0.8901886143351578
0.304892949537923
0.8553124259515905
0.21143830969115557
0.1247480587589721
0.18028676307556643
0.18165131349005548
0.19012409358575247
0.24222574594572482
0.20324053426600058
0.29912900067680814
0.2163569749462486
0.33951195564725445
0.22455475037140368
0.5322487861880206
0.21799653003127964
0.5616182079847087
0.17208898765041142
0.5836452743322249
0.12454189018451219
0.6130146961289131
0.08355301305873698
0.6497264733747734
0.047482801188054855
0.18165131349005548
0.35080049191879126
0.21102073528674367
0.308172059707985
0.24956810139489688
0.293416063942706
0.3009645895391012
0.306532504622954
0.34501872223413343
0.32948627581338813
0.3688813774439426
0.36227737751400824
0.33951195564725445
0.3934289241295974
0.2844442897784641
0.40326625463978344
0.22937662390967373
0.40818491989487643
0.17798013576546948
0.3917893690445664
0.5836452743322249
0.2655436274971788
0.6056723406797412
0.22619430545643465
0.6478908845124803
0.1884845385007215
0.6882738394829266
0.17372854273544244
0.7158076724173218
0.1917636486707835
0.737834738764838
0.23439208088158972
0.7213144390042008
0.27210184783730285
0.6846026617583405
0.30161383936786096
0.6387129402010153
0.32128850038823303
0.5946588075059829
0.30981161479301605
0.2587460457063619
0.35080049191879126
0.6460552956501874
0.25570629698699276
0.5377555527748996
0.4065453648098455
0.49186583121757443
0.6819906190950548
0.49920818666674643
0.6147688606087834
0.5652893857092948
0.5721404283979772
0.6552332399616524
0.5541053224626361
0.7011229615189777
0.6016524199285354
0.7488482719385959
0.6688741784148067
0.7029585503812706
0.7049443902854887
0.6276994070272572
0.749212377581326
0.5487690859486577
0.7787243691118841
0.4937014200798674
0.754131042836419