0.0727230025863404
0.5095993062760363
0.09697705027346037
0.609083030689994
0.1342909697921065
0.7068214266054611
0.16973919333482032
0.8028144940224378
0.1939932410219403
0.9057888754333763
0.2574269042036387
0.9756020153729956
0.37123435873550936
0.9825833293669576
0.4887732052192447
0.9965459573548815
0.6007149637751831
0.9825833293669576
0.7089253303792569
0.9476767593971479
0.8115386090555337
0.9197515034213002
0.8954949279724874
0.8621556629711142
0.9402716313948628
0.7661625955541376
0.9663913750579151
0.6614428856447085
0.9458687193226597
0.5637044897292414
0.9216146716355397
0.45898477981981234
0.8787036641890967
0.375209011892269
0.22011298468499257
0.43105952384396456
0.27981525591482637
0.40138893936962633
0.3189948714094048
0.3507744129134022
0.34884600702432167
0.29143324396472575
0.3917570144707647
0.30015988645717817
0.5410126925453493
0.2861972584692543
0.5708638281602662
0.2443093745054827
0.6249690114623031
0.2617626594903875
0.67907419476434
0.28096127297378287
0.7350450740423091
0.29666922946019725
0.31339778348160785
0.5112042761889839
0.3320547432409309
0.49375099120407906
0.350711703000254
0.4762977062191742
0.37310005471144164
0.4605897497327599
0.39548840642262933
0.4518631072403075
0.39548840642262933
0.4572394513213219
0.37310005471144164
0.4659660938137743
0.350711703000254
0.4816740503001886
0.3320547432409309
0.49912733528509345
0.31339778348160785
0.5165806202699983
0.5932521798714538
0.37855931030370704
0.6175062275585739
0.39077660979314044
0.6380288832938292
0.4029939092825739
0.6641486269568815
0.4117205517750263
0.6902683706199337
0.40997522327653585
0.6902683706199337
0.41535156735755024
0.6641486269568815
0.4170968958560407
0.6380288832938292
0.4083702533635883
0.6175062275585739
0.39615295387415483
0.5932521798714538
0.38393565438472144
0.35295053817137284
0.4814293381575681
0.6406408576601342
0.40149329292670394
0.5652667402324693
0.5951204027020701
0.4794447253395832
0.8412117209892284
0.5447440844972139
0.7958331800284758
0.6249690114623031
0.7696532525511185
0.7107910263551891
0.7539452960647042
0.7910159533202783
0.7504546390677233
0.8040758251518044
0.8132864650133806
0.7275822901385799
0.8028144940224378
0.6436259712216261
0.8132864650133806
0.5689981321843339
0.8464477064846998
0.5036987730267032
0.8918262474454525