0.17014296669883044
0.2579975310676046
0.1493470275170163
0.3679986537329309
0.1146871288806594
0.46857110874122926
0.07482824544884899
0.5675721191400229
0.06096428599430627
0.6712874633673306
0.11295413394884161
0.7655741399376104
0.17360895656246608
0.8472892596318528
0.26199169808517614
0.8960040425264971
0.36597139399424683
0.9305758239355997
0.4907470290851315
0.9415759362021323
0.6068576895169271
0.9525760484686651
0.7125703803578156
0.9148613778405531
0.8044191117441614
0.8551464826793761
0.8772048988805108
0.7828600306421616
0.9031998228577784
0.6744303525863399
0.9170637823123212
0.5597148960924996
0.9257287569714104
0.451285218036678
0.3815683483806074
0.15271074223079226
0.4110292622215107
0.1967111912969228
0.44049017606241414
0.24228308497255796
0.4682180949714997
0.2862835340386885
0.48728103922149596
0.3192838708382864
0.6432505830851019
0.36485576451392154
0.6848424614487302
0.33342687232382834
0.7264343398123584
0.3035694247432398
0.7714922080396223
0.2737119771626512
0.8165500762668862
0.25171175262958595
0.37606008128310325
0.2908121516860791
0.39077177845736494
0.28189241779462937
0.41355118053364115
0.2953711267861534
0.4314662311248792
0.3140034598038485
0.4458220001416991
0.335212604834629
0.4445169302310791
0.3629628880524726
0.42090702912077194
0.3673236468438481
0.39919541151682114
0.35344850523492627
0.38282271627449765
0.33223936020414574
0.37712786575542867
0.308056970542882
0.6757059580340554
0.39144532159974454
0.7016248289862287
0.37306120540105076
0.7284563362395349
0.3567485389148859
0.7607636612996381
0.349757396135101
0.7746357330768575
0.3694361684041253
0.76331904294281
0.3937757025263396
0.7388603900724494
0.41371340600942996
0.7105686647373307
0.4274367603549337
0.6802691395397198
0.4313207285659253
0.6552629048886793
0.4129366123672316
0.4248932216760535
0.3507127630283796
0.6813764715850944
0.4135705474085661
0.5236739327896706
0.5110001131978551
0.2716068285377781
0.519800203011081
0.3830843386808224
0.5807722538598619
0.5335577839309394
0.6292727488532103
0.690813130938808
0.5890866244301501
0.7603276239557635
0.6646088237769355
0.7446444761409626
0.7754670980474462
0.6386772611760915
0.8669251743206174
0.46955358609215725
0.8593036679645198
0.31017889478499117
0.8156532224705062
0.24702243466592802
0.6971734418438981