0.020349052645241363
0.38897934973971793
0.006541031483708822
0.48594674113346364
0.009993036774091952
0.5857247815531149
0.04796509496830649
0.6742602258691437
0.10319717961443671
0.7473371005426912
0.17223728542209954
0.8091713791126158
0.2430033938749539
0.8681950086566349
0.3120434996826167
0.9258133136877013
0.40006963458738676
0.970783698102192
0.5139858091700303
0.9693783735892392
0.5985599387844173
0.9286239627136069
0.679682063108421
0.8710056576825406
0.7487221689160839
0.8133873526514744
0.8332962985304707
0.7501477495685968
0.8798983699506433
0.6728549013561909
0.9040624069833252
0.5801034835013037
0.9454864704679228
0.5098372578536619
0.14807324838941754
0.32714507116979313
0.24472939652014547
0.3383876672734159
0.3465635525864481
0.3468196143511329
0.4518497139431339
0.34963026337703856
0.5346978409123292
0.33417169373455735
0.7573521821420417
0.35103558788999134
0.8056802562074057
0.38195272717495377
0.8643643461439191
0.4016272703562935
0.9265004413708156
0.41427519097286897
0.988636536597712
0.4255177870764917
0.1946753198095899
0.40724856840810486
0.2533594097461033
0.4030325948692463
0.3085914943922336
0.40443791938219914
0.36727558432874696
0.40724856840810486
0.419055663684494
0.4170858399987747
0.4121516531037277
0.4339497341542087
0.3586455711027891
0.44800297928373706
0.30168748381146726
0.44519233025783134
0.246455399165337
0.4409763567189729
0.1964013224547815
0.4255177870764917
0.7211061265930186
0.4676775224650767
0.7573521821420417
0.44800297928373706
0.8074062588525973
0.4494083037966899
0.8505563249823864
0.4676775224650767
0.8954323937573673
0.4817307675946051
0.8988843990477505
0.5084319333407089
0.8505563249823864
0.5056212843148034
0.8005022482718309
0.5028106352888977
0.7504481715612754
0.49578401272413347
0.7055721027862946
0.4831360921075579
0.33102952877972397
0.4269231115894445
0.7935982376910646
0.48032544308165226
0.6589700313661222
0.6335058149935113
0.3724535922643216
0.8092497877764288
0.4294116795556434
0.7909805691080417
0.4984517853633062
0.7994125161857588
0.5657658885257774
0.7994125161857588
0.6192719705267161
0.8036284897246173
0.6192719705267161
0.8063607300867102
0.5657658885257774
0.8021447565478517
0.4984517853633062
0.8021447565478517
0.4294116795556434
0.7937128094701346
0.3724535922643216
0.8119820281385216