0.056611835025250905
0.3276517210737956
0.035723610781133175
0.4399088050997415
0.007002302445471279
0.5450005433367973
0.02397398464381694
0.6560634030645948
0.06444491911679504
0.756378244109057
0.12449856381863353
0.8447508421720357
0.1819411804899573
0.9295407673405691
0.2550499653443694
1.0000000009313226
0.3869068808853626
1.0071653467202126
0.5161527683958411
0.9952231037387291
0.6362600577995181
0.9749212906702068
0.7289515528827906
0.9235696458498275
0.8020603377372025
0.8531104122590742
0.876474636606872
0.773097384283134
0.9195565991103648
0.66681142174793
0.9534999635070562
0.5557485620201325
0.9756937017664312
0.4458799265904833
0.08663865737617014
0.21778308564414642
0.12972061987966296
0.2082292912589596
0.17541361041367048
0.19509282397932762
0.22241211496293545
0.18553902959414073
0.26810510549694294
0.18195635669969565
0.5292079085484146
0.17479101091080546
0.6675923941656947
0.20464661836451445
0.7942272536456584
0.25360981458859727
0.9065014589577912
0.3204863752849054
0.9887488419190048
0.38378026308676855
0.12580407783389091
0.3240690481793505
0.16366398427635429
0.3097383566015702
0.20413491874933237
0.2966018893219382
0.2472168812528252
0.3001845622163833
0.2824657596647739
0.3204863752849054
0.28899332974106073
0.3443708612478727
0.2472168812528252
0.3539246556330596
0.20152389071881768
0.3575073285275046
0.15583090018481016
0.3563131042293562
0.11405445169657467
0.3539246556330596
0.577511927112937
0.33839973975713084
0.6310380017384887
0.3145152537941636
0.6937026744708419
0.32884594537194395
0.7537563191726804
0.3491477584404661
0.8046713657677174
0.3801975901923235
0.8059768797829746
0.41244164624232915
0.7446177210658788
0.4040820761552907
0.6858695903792977
0.3861687116830652
0.6258159456774591
0.37183802010528494
0.5644567869603634
0.36228422572009805
0.198912862688303
0.3240690481793505
0.6806475343182682
0.3479535341423177
0.21457903087139127
0.5414178704423521
0.2263286570087075
0.7272717409878229
0.29029884375631804
0.7260775166896745
0.355574544519186
0.7356313110748613
0.4208502452820539
0.7451851054600482
0.4665432358160615
0.7702638157211638
0.4665432358160615
0.7719031599849856
0.4208502452820539
0.7468244497238701
0.355574544519186
0.7372706553386832
0.29029884375631804
0.7277168609534963
0.2263286570087075
0.7289110852516447