0.05612823902232894
0.3976383038313381
0.04829854657926366
0.5120899927507447
0.044383700357731024
0.6265416816701513
0.0522133928007963
0.731321396878059
0.13051031723144918
0.8022492040957194
0.2264240496589989
0.8554450595089648
0.33799716697267923
0.8973569455921278
0.4495702842863596
0.9424928229124572
0.5650582478215725
0.9731207396655377
0.6844610575783182
0.9457168141496234
0.7784173668951015
0.8876849718806286
0.8567142913257545
0.8135331734258018
0.9095647153164451
0.7216494231665598
0.9467557544210052
0.6200936991958187
0.9350112157564072
0.5120899927507447
0.9036924459841461
0.4105342687800036
0.8880330610980156
0.3073665491906793
0.23425374210206418
0.24933470692168433
0.2871041660927549
0.23805073759160197
0.34386943630497824
0.2541706937774339
0.39867728340643516
0.27029064996326585
0.4476128611755932
0.29285858862343056
0.6042067100368989
0.2622306718703499
0.6257383642553285
0.2364387419730188
0.6492274415845244
0.21225880769427094
0.6805462113567855
0.1945268558898558
0.7157798273505793
0.18646687779693982
0.2812318967604559
0.37184637393400705
0.29689128164658646
0.3428304527995095
0.3223377820865487
0.31703852290217843
0.36344366741264145
0.3202625141393448
0.3888901678526036
0.34766643965525906
0.39671986029566886
0.36056240460392464
0.379103052298772
0.3992502994499212
0.34778428252651084
0.4169822512543363
0.30472097408965176
0.4331022074401683
0.27535962742815695
0.4202062424915028
0.5924621713723011
0.3202625141393448
0.6022492869261327
0.28802260176768096
0.6296532104768612
0.26867865434468263
0.6629294033598887
0.2767386324375986
0.6825036344675518
0.2993065710977633
0.696205596242916
0.33315847908801033
0.6942481731321498
0.36378639584109096
0.6550997109168233
0.37184637393400705
0.6159512487014969
0.36862238269684056
0.5963770175938337
0.34605444403667585
0.33603974386191293
0.37507036517117337
0.6453125953629918
0.34444244841809274
0.543526593603143
0.47501409352333124
0.3649061099666621
0.6570083988613739
0.40315460753336047
0.5830177999684053
0.5251673147711278
0.5694770367723064
0.6513873567412318
0.5607722604319572
0.7431837509013077
0.5941405697366293
0.7405063560716388
0.6947290963362205
0.6923132491375991
0.7817768597397129
0.5875123658048459
0.8335219190962334
0.4670295984697464
0.8170795637866848
0.39397496811735283
0.7377693793523917