0.04435036807383382
0.574814569857553
0.06300649344318554
0.6427135088977327
0.11049481256517173
0.7181567744979325
0.18003127985093723
0.7822835502581023
0.271615895300482
0.8413807749782587
0.36998455633888205
0.8941910608983985
0.4819213085549923
0.9394570202585184
0.6006421063599577
0.9696343264985983
0.7261469497537784
0.9721491020186048
0.8329956677782474
0.9319126936984984
0.8974441008723716
0.8552120403382953
0.9432364085971439
0.7722244481780756
0.975460625144206
0.6854646927378458
0.9839406821302749
0.5924179984975996
0.9703725909525646
0.49811391649734993
0.9381483744055025
0.41638371209713354
0.900836123666799
0.3497421608169571
0.10879880116795795
0.5006286920173565
0.13763099492059241
0.4352445284971835
0.20207942801471654
0.38997856913706364
0.26143982691719925
0.34345522201694045
0.2919680320670475
0.28184322177677734
0.48398528342609076
0.25203813562194344
0.5606924576399102
0.25460578804444034
0.6517822270188206
0.2560730180001528
0.7391431754290039
0.2780814673358402
0.8177147601271868
0.31457881248418856
0.18441262039323247
0.5376008982682329
0.21987290159697737
0.5087482051749479
0.25965206320374246
0.4860479245794956
0.31079669955529754
0.47310664311853684
0.3587590029783115
0.4733187952736345
0.3685333112588308
0.49007881552635163
0.32693567369289933
0.5087482051749479
0.27647296582603165
0.5227502474113951
0.232829542806038
0.5418439413701867
0.18577647736260727
0.5598768745534898
0.6177160946113657
0.40290453792111913
0.6506790368740051
0.37537707438423146
0.6980632663765494
0.36161334261578754
0.7472787704492404
0.35666700151150305
0.7976388211282731
0.3532260685693921
0.8109155617618361
0.37172108313323854
0.7637602415805601
0.3783878907085785
0.7138580095440643
0.38978598107932105
0.6676183266478616
0.40849605395204946
0.6218364623941955
0.4117219285852785
0.2835195601678015
0.501959336211822
0.6808950672814248
0.3859149315194462
0.5952564277840371
0.5611345796253754
0.4846540393606993
0.767983436090093
0.5487590725210482
0.7236914318020222
0.6293282398810494
0.6909997143513031
0.7169034217940943
0.6653384737717066
0.8016761978859216
0.678344855983283
0.8272481510045306
0.7265036225504712
0.7827599585927039
0.7848565805807869
0.6979871825008764
0.8112208688474956
0.6139150078643535
0.8382882048013168
0.5305434346831348
0.8157906788137251