0.02937300185309044
0.44755921462267045
0.016342130027069954
0.542519582694532
-0.0078580605069681
0.6346453129135022
0.005172811319052387
0.7281883620589181
0.07405027668516072
0.8004716273076486
0.16526637946730421
0.859999022218368
0.2676518009574652
0.9081878657175216
0.37562188180163497
0.9521247524373381
0.49476128135382247
0.9719672174075779
0.6194853402600186
0.9606286659960124
0.7255938679861855
0.9322822874670983
0.8186715238863319
0.8770068493357163
0.893133648606449
0.8118101787192141
0.9471186890285339
0.7324403188382552
0.945257135910531
0.636062631839948
0.9322262640845106
0.542519582694532
0.9173338391404869
0.45039385247556185
0.18388191064733345
0.32566978694834064
0.26392869472145936
0.3355910194334604
0.3421139256775823
0.361102760109483
0.403545178571679
0.3979530521970711
0.4593917721117668
0.42629943072598503
0.5617771936019278
0.42488211179953933
0.6194853402600186
0.39370109541773407
0.6771934869181093
0.3625200790359287
0.7479325054022207
0.3440949329921346
0.814948417650326
0.3440949329921346
0.2676518009574652
0.43622066321110486
0.29185199149150326
0.42629943072598503
0.31977528826154716
0.42771674965243067
0.34583703191358817
0.43763798213755056
0.3644525630936174
0.4560631281813446
0.3681756693296233
0.47732291207803007
0.3495601381495941
0.4886614634895956
0.31977528826154716
0.48582682563670426
0.29557509772750906
0.473070955298693
0.27509801342947693
0.45748044710779034
0.6585779557380801
0.4645670417400188
0.6790550400361123
0.4546458092548989
0.6995321243341445
0.44047261999044196
0.7293169742221912
0.43196870643176777
0.7460709522842177
0.444724576769779
0.738624739812206
0.4560631281813446
0.7218707617501796
0.473070955298693
0.6976705712161415
0.48440950671025856
0.6716088275641006
0.4900787824160413
0.6474086370300625
0.4815748688573671
0.3346677132055706
0.4617324038871274
0.684639699390121
0.4716536363722473
0.4984843875898282
0.6006296586788056
0.26579024783946226
0.7324403188382552
0.3830680942736468
0.7267710431324725
0.5003459407078312
0.7551174216613864
0.6176237871420156
0.7267710431324725
0.7144245492781679
0.7338576377647009
0.7255938679861855
0.8245660490572255
0.6269315527320303
0.8472431518803566
0.5003459407078312
0.8429911951010196
0.3718987755656292
0.8472431518803566
0.2676518009574652
0.8160621354985513