0.11690039411567735
0.35895040898534136
0.07977249696597068
0.4427741811516675
0.06120854839111734
0.5362699270294926
0.050895243627309926
0.6329896641444842
0.04883258267454843
0.7280974056408925
0.10658708935186989
0.8022492040957194
0.17052957888747586
0.8715650156947967
0.26953730462002695
0.9102529105407932
0.380920996069147
0.9344328448195413
0.49024202656550553
0.9521647966239564
0.6098763618256715
0.9312088535823748
0.7171347313692684
0.8892969674992118
0.8099544742435352
0.8344891164673832
0.8573956761570494
0.7506653443010572
0.8924609123539945
0.6603935896603984
0.9151501828343708
0.5636738525454069
0.9275261485509396
0.47017810666758175
0.19940683222613662
0.29608257986059694
0.2324094074703203
0.279962623674765
0.27778794843107285
0.2767386324375986
0.325229150344587
0.2767386324375986
0.36854503035257813
0.2815746192933482
0.6181270056367174
0.31703852290217843
0.6882574780306078
0.32832249223226073
0.7418866628024063
0.34927843527384234
0.7913905256686818
0.3766823607897565
0.8285184228183886
0.41375826001717
0.22415876365927437
0.34766643965525906
0.2571613389034581
0.34121845718092625
0.2984145579586877
0.33960646156234314
0.3376051160611559
0.3428304527995095
0.3582317255887707
0.36056240460392464
0.34998108177772475
0.37990635202692297
0.321103828439064
0.3928023169755885
0.28191327033659586
0.3944143125941717
0.2447853731868892
0.38474233888267256
0.22003344175375145
0.37184637393400705
0.5975003961091025
0.38635433450125567
0.6346282932588093
0.37829435640833975
0.6676308685029929
0.3992502994499212
0.7047587656526996
0.4169822512543363
0.7377613408968834
0.439550189914501
0.7480746456606907
0.46373012419324894
0.7026961046999382
0.47017810666758175
0.6511295808809011
0.4621181285746657
0.6140016837311943
0.4459981723888338
0.5933750742035796
0.4153702556357532
0.2942892360531648
0.36862238269684056
0.6470042589753782
0.4282662205844187
0.39535962273847736
0.5330459357923262
0.23653472937584327
0.6916558123817381
0.3128531846280181
0.6948798036189046
0.3788583351163855
0.7109997598047365
0.4428008246519914
0.7287317116091516
0.5005553313293128
0.7480756590321499
0.5005553313293128
0.7522773399196404
0.4428008246519914
0.7329333924966421
0.3788583351163855
0.715201440692227
0.3128531846280181
0.6990814845063951
0.23653472937584327
0.6958574932692286