0.043466649711698634
0.4559948745455326
0.07089537429167687
0.55396855837971
0.0835547856362822
0.6602450967761059
0.1341924310147035
0.7449342133107337
0.212258800973103
0.8179993334582559
0.30720438605764294
0.8777798863062286
0.4148093824867882
0.9309181555044266
0.5287440845882361
0.9807352828777371
0.6490084923619867
0.9641295737533001
0.7439540774465266
0.9093307336426586
0.8220204474049261
0.8379261844075803
0.8810977003464177
0.7515764969605085
0.9148561305986985
0.6486211003890001
0.9275155419433039
0.5406839910801605
0.9190759343802336
0.4360680235962084
0.8895373079094878
0.3364337688495873
0.8473392700941368
0.24842351049007202
0.026587434585558206
0.306543492425601
0.06456566861937421
0.3248097724624815
0.10465380454395773
0.34307605249936207
0.1426320385777737
0.36134233253624265
0.17428056693928703
0.3812691834855669
0.35784203143606425
0.2832954996513894
0.40004006925141533
0.22517551771586045
0.4485678127390691
0.17867953216743723
0.505535163789793
0.14214697209367616
0.5941510432020304
0.1305229757065704
0.07089537429167687
0.4443708781584268
0.08777458941781731
0.41614117264688416
0.11731321588856305
0.4028566053473347
0.155291449922379
0.41282003082199686
0.18904988017465987
0.42444402720910257
0.21436870286387052
0.43938916542109585
0.2038191934100328
0.4609765872828637
0.16795086126698433
0.485885150969519
0.12575282345163327
0.4892062927944063
0.09621419698088751
0.46761887093263843
0.43168859761292866
0.3198280597251505
0.4485678127390691
0.27001093235183987
0.5013153600082579
0.24842351049007202
0.5625025148405169
0.2401206559278536
0.623689669672776
0.2517446523149594
0.6553381980342894
0.28827721238872045
0.6173599640004734
0.3248097724624815
0.5667223186220521
0.35470004888646783
0.5076450656805606
0.3630029034486863
0.4464579108483015
0.3530394779740242
0.1531815480316115
0.43938916542109585
0.49076585055442007
0.2899377833011641
0.2017092915192652
0.5406839910801605
0.29243507282227005
0.738644012734167
0.33674301252838873
0.6855057435359692
0.406369774923718
0.6456520416373207
0.48443614488211756
0.6157617652133344
0.5688322205128197
0.6008166270013412
0.5688322205128197
0.6054462566654643
0.48443614488211756
0.6203913948774574
0.406369774923718
0.6502816713014438
0.33674301252838873
0.6901353732000922
0.29243507282227005
0.7432736423982901