0.07357900125276766
0.5947243159371645
0.11835208760315416
0.686621035384446
0.18010806877610108
0.771448776412706
0.2588469447716084
0.8463799476543356
0.34993701700170504
0.9029317750065088
0.45492218499571485
0.9396904627854213
0.572258549224314
0.9637249894100951
0.6926827125115604
0.9778629462481384
0.8100190767401595
0.9778629462481384
0.8764067565010775
0.9029317750065088
0.9165481442634931
0.8067936685078143
0.9520578334379374
0.7050003792739024
0.9613212306138794
0.5918967245695559
0.9536017329672611
0.4787930698652092
0.9088286466168746
0.37699978063129724
0.8501604645025751
0.28227546981640705
0.7853166842709808
0.19886152447195146
0.038069312078323196
0.48020686554901354
0.10600089136856478
0.4787930698652092
0.17238857112948275
0.48586204828423085
0.23260065277310596
0.49434482238705685
0.2773737391234925
0.5113103705927088
0.36228821323629445
0.39113773746934055
0.3561126151189997
0.3345859101171673
0.3592004141776471
0.2794478784487984
0.37309550994156016
0.2257236424642338
0.3931662038227679
0.1833097719501038
0.13533498242571457
0.580586359099121
0.1461422791309803
0.5452414670040128
0.17084467160015906
0.5240345317469478
0.21716165747986924
0.5226207360631435
0.2634786433595794
0.5226207360631435
0.2974444330047002
0.5353448972173825
0.28663713629943455
0.5735173806800994
0.25112744712499
0.5975519073047731
0.20635436077460353
0.6074484770914034
0.16003737489489336
0.6116898641428165
0.4425709887611255
0.35013766263901497
0.4456587878197728
0.303482405073472
0.4641855821716569
0.25965473887553775
0.501239170875425
0.22430984678042942
0.5691707501656667
0.2186546640452121
0.5969609416934927
0.24693057772129873
0.572258549224314
0.28368926550021134
0.5367488600498694
0.3261031360143413
0.4996952713461013
0.36710321084466696
0.46109778311300953
0.39396532883694924
0.20944215983325087
0.5466552626878172
0.4858001755821883
0.31620656622771104
0.32832242359117364
0.6159312511942294
0.46727338123030426
0.7601384109422712
0.45337828546639114
0.6809658526492286
0.5213098647566328
0.5989657029885774
0.6262950327506425
0.5410000799525998
0.7637020908604494
0.5607932195258605
0.8331775696800147
0.63572439076749
0.8702311583837827
0.7304487015823803
0.7976678805055701
0.8492075390219441
0.6926827125115604
0.8944490009036827
0.5738024487536376
0.8265868080810749