0.06939358660585304
0.2902527030878114
0.0789832504734471
0.4117614873839135
0.0789832504734471
0.5462890699974551
0.1241916658492475
0.6605651885616463
0.17761979311155712
0.7719482408330732
0.22145825650627265
0.8891174256900287
0.2926957595226854
0.9788024807657232
0.4132515338581533
1.0005004779614557
0.5433969720612151
0.9918212790831628
0.6584729384723434
0.9484252846916977
0.7502597212050292
0.8616332959087677
0.8324568400701208
0.7661621082475445
0.9146539589352125
0.6649047880007928
0.9790417020462009
0.5679870671931876
0.9694520381786069
0.4377990840187926
0.9530126144055886
0.3047180345516331
0.9420529985569097
0.16874391879170936
0.06939358660585304
0.16440431935256283
0.12556161783033237
0.157171653620652
0.18994936094132084
0.18754884969467756
0.2502272481090548
0.23239137723252473
0.2995455194281097
0.2844665705022828
0.4625698051772082
0.27434083847760754
0.5269575482881967
0.20924684689041007
0.6023049072478641
0.157171653620652
0.6762823142264466
0.10798952664365832
0.7529996251671988
0.0805053968623971
0.1639202733007085
0.2772339047703719
0.18583950499806626
0.27000123903846107
0.22145825650627265
0.27434083847760754
0.25981691197664875
0.2844665705022828
0.2858459996172611
0.3061645676980153
0.29680561546594003
0.33364869747927645
0.26666667188207305
0.3481140289430981
0.22967796839278184
0.3481140289430981
0.19131931292240573
0.3408813632111873
0.16803012924396304
0.3148437665763083
0.5598363958342334
0.26566163959931455
0.59271524338027
0.2483032418427286
0.6392936107371553
0.2294983109397604
0.6831320741318708
0.20924684689041007
0.7242306335644167
0.20924684689041007
0.7201207776211622
0.24974977498911077
0.6927217379994649
0.28591310364866496
0.6461433706425795
0.3061645676980153
0.5995650032856943
0.3191833660154548
0.554356587909894
0.3177368328690726
0.2220538201938499
0.29099485176223233
0.6235694853878591
0.255292903141422
0.2784068960105529
0.573635278343647
0.24741270431136625
0.6896666113612804
0.371389471108113
0.6837162865911453
0.5010015454865299
0.6569398251255377
0.6235694853878591
0.6197502953121936
0.723596194962507
0.5602470476108432
0.723596194962507
0.5602470476108432
0.6235694853878591
0.6197502953121936
0.5010015454865299
0.6569398251255377
0.371389471108113
0.6837162865911453
0.24741270431136625
0.6896666113612804