0.04955995157175999
0.5553453109868562
0.10020913284839385
0.6447492835392548
0.15575984779696
0.7284768133899137
0.21131056274552615
0.8122043432405724
0.30607354706955076
0.8661305489070986
0.41554113240937235
0.9030274264684058
0.5282764068638154
0.9342478613279737
0.6491809041048123
0.9569536321349319
0.7553808003300124
0.9314096399771038
0.841974561867483
0.8661305489070986
0.8975252768160493
0.7767265763547
0.9285683234049539
0.6745506077233875
0.9481744580926831
0.5652790857149005
0.9465406135353722
0.4503311210046739
0.9089621887172246
0.3453169310224915
0.8517776292113477
0.25023651576835343
0.7896915360335384
0.17218542861943412
0.05772917435831384
0.4787133345133718
0.06916608625948922
0.42052979682054104
0.10511066652032615
0.3765373658820592
0.1394214022238523
0.3268684922418379
0.14759062501040615
0.2615894011718326
0.28319972326719994
0.1792809819966086
0.37306117391929233
0.19631031010182737
0.46782415824331697
0.1849574246983482
0.55931945345272
0.16792809659312943
0.6524485932194338
0.16083254321595494
0.14268909133847385
0.5198486226253114
0.14759062501040615
0.48011352371313426
0.17373213792737846
0.4545695315553061
0.21621209641745848
0.44321664615182693
0.25705821035022763
0.4446357568272618
0.25705821035022763
0.44749289965380407
0.21621209641745848
0.4460737889783692
0.17373213792737846
0.45742667438184836
0.14759062501040615
0.4829706665396765
0.14268909133847385
0.5227057654518537
0.47435953647256
0.31123935333638153
0.5037687385041539
0.26440870104702996
0.53807947420768
0.22893093416115748
0.5936301891562461
0.21048249538050387
0.6426455258755692
0.21190160605593877
0.6426455258755692
0.21475874888248103
0.5936301891562461
0.21333963820704613
0.53807947420768
0.23178807698769974
0.5037687385041539
0.2672658438735722
0.47435953647256
0.3140964961629238
0.17373213792737846
0.45599810296857723
0.53807947420768
0.2303595055744286
0.39756884227895384
0.5425733149079421
0.38286424126315693
0.6745316862477151
0.4384149562117231
0.6291201446337984
0.5054025830614646
0.5893850457216213
0.5821932772550709
0.5567455001866187
0.6589839714486769
0.5411352827568348
0.6589839714486769
0.543992425583377
0.5821932772550709
0.559602643013161
0.5054025830614646
0.5922421885481636
0.4384149562117231
0.6319772874603407
0.38286424126315693
0.6773888290742573