0.15218907171145724
0.6152017749359706
0.2024890557771906
0.678601404339092
0.2543132817843098
0.7512790282890115
0.3076617497328149
0.8224103198144648
0.37472839515379264
0.8842636167931198
0.45856170193001494
0.9198292625558464
0.5530647022959382
0.9383852516494429
0.6475677026618615
0.9553949083185729
0.7374979772036272
0.9863215568079005
0.825904009804007
0.9801362271100351
0.8899221713422131
0.9198292625558464
0.934125187642403
0.8409663089080612
0.9630857845287343
0.7497326958645452
0.9829009297667505
0.6523137531231635
0.9905221394736798
0.5518021455328492
0.987473655590908
0.44974420551806854
0.9585130587045767
0.3677885870213507
0.0835981843490936
0.48530985128079523
0.12932544259066933
0.47757818915846334
0.17657694277363098
0.45747586764040044
0.22230420101520676
0.43428088127340486
0.263458733432625
0.41263222733087557
0.48752229881634623
0.30748162246716204
0.5576374281200958
0.29356463064696475
0.6323252832480029
0.2873793009490993
0.7085373803172957
0.2796476388267674
0.7786525096210454
0.2641843145821036
0.21468299130827745
0.5858214588711095
0.23754662042906535
0.5518021455328492
0.27717691090509766
0.5286071591658537
0.32137992720528763
0.5208754970435218
0.36558294350547754
0.5270608267413873
0.37777687903656443
0.5533484779573157
0.33814658856053204
0.5657191373530467
0.295467814201728
0.5765434643243113
0.2558375237256956
0.5966457858423742
0.21925571713243505
0.616748107360437
0.586598025006427
0.42191022187767385
0.630801041306617
0.39871523551067817
0.685673751196508
0.3878909085394136
0.7374979772036272
0.377066581568149
0.7908464451521322
0.3708812518702835
0.8076131065073766
0.4033542327840773
0.7557888805002574
0.42036388945320746
0.7054888964345242
0.43582721369787114
0.652140428486019
0.44974420551806854
0.6003162024788998
0.4466515406691358
0.2863223625534128
0.5595338076551811
0.6826252673137362
0.4172712246042747
0.5134344118199058
0.7218987122241505
0.5744040894753402
0.8713624337730373
0.6033646863616715
0.8620844392262391
0.6445192187790897
0.8620844392262391
0.6765282995481927
0.8528064446794408
0.7115858642000675
0.8466211149815753
0.7115858642000675
0.8502443034548596
0.6765282995481927
0.856429633152725
0.6445192187790897
0.8657076276995234
0.6033646863616715
0.8657076276995234
0.5744040894753402
0.8749856222463216