0.07149307859062358
0.37706955328016284
0.07149307859062358
0.47605252837675893
0.06946117004120587
0.5814215018666836
0.07555689568945903
0.683597476159944
0.10400361538130719
0.7793874520598756
0.18527995735801606
0.8544229331814887
0.2848434762794845
0.8927389235414614
0.3884708122997884
0.9358444126964307
0.5144491423636871
0.955002407876417
0.6404274724275861
0.9454234102864238
0.7664058024914849
0.9358444126964307
0.8436183273693583
0.8655984303698141
0.9005117667530546
0.78258045125654
0.9431818462908268
0.6947729733482695
0.9370861206425737
0.5910004994566768
0.9350542120931559
0.4872280255650842
0.9269265778954849
0.40261354685347794
0.21575858559928193
0.2940515741668888
0.29500301902657317
0.30203407215854977
0.3803431781021175
0.295648073765221
0.45145997733173776
0.2812795773802313
0.49616196541892765
0.2445600866185908
0.6444912895264214
0.24934958541358743
0.6952890032618645
0.25892858300358057
0.7481186255467255
0.26371808179857714
0.8029801563810038
0.2573320834052484
0.8415864188199407
0.2445600866185908
0.2381095796428769
0.3738765540834985
0.26858820788414267
0.3674905556901697
0.3153221045207504
0.36589405609183756
0.35799218405852257
0.3595080576985087
0.40066226359629475
0.35791155810017655
0.40066226359629475
0.38505205127182385
0.3640879097067757
0.39942054765681356
0.3214178301690035
0.41059604484513895
0.27468393353239595
0.4137890440418034
0.2381095796428769
0.39942054765681356
0.677001826317105
0.33875356292019027
0.7013847289101177
0.32278856693686825
0.7338952657008013
0.32917456533019707
0.772501528139738
0.3371570633218581
0.8131396991280925
0.34194656211685465
0.8212673333257633
0.3595080576985087
0.7785972537879913
0.3674905556901697
0.7399909913490544
0.3754730536818307
0.6993528203607
0.3738765540834985
0.6729380092182695
0.35312205930518
0.3193859216195858
0.3802625524768273
0.7399909913490544
0.3467360609118512
0.6119807527357379
0.49840352275340966
0.4108218063433833
0.7187204673232523
0.48803433122125683
0.6820009765616118
0.581502124494472
0.6644394809799578
0.6810656434159406
0.6644394809799578
0.7684377110409025
0.6883869749549406
0.7907887050844975
0.7474574600932318
0.6993528203607
0.7634224560765537
0.5997893014392315
0.7650189556748859
0.5002257825177632
0.7761944528632113
0.4108218063433833
0.7857734504532045