0.05799980367619494
0.37734557263485496
0.04409514961470339
0.4662494616483622
0.048067907917986714
0.5600924556070641
0.06793169943440316
0.6440572396753764
0.10964566161887773
0.7181438138532991
0.17122341531976876
0.7807058098257672
0.23876030647558474
0.8333895959078456
0.31821547254125054
0.881134277044729
0.3956842594552748
0.9255862215514825
0.4890440795824322
0.948635377962392
0.5764447622546646
0.912415275030963
0.6539135491686887
0.8564387523187548
0.7194640611728631
0.7922303880312218
0.7870009523286791
0.7296683920587539
0.8426195685746452
0.660520922826026
0.8744016350009115
0.5782025070727785
0.888306289062403
0.4876522497442064
0.21492375665588498
0.3328936281281013
0.26656961459856776
0.30161263014186734
0.3321201266027421
0.2867953153062828
0.40561615521348304
0.28514894699121784
0.47712580467258237
0.2884416836213478
0.7631644025089793
0.3378327330732962
0.7969328480868874
0.34277183801849104
0.826728535361512
0.3542964162239457
0.8565242226361368
0.36911373105953016
0.8763880141525532
0.38557741421017966
0.22882841071737653
0.38557741421017966
0.2804742686600593
0.38722378252524464
0.3341065057543838
0.38887015084030957
0.38376598454542493
0.39051651915537455
0.4234935675782578
0.40533383399095907
0.41554805097169123
0.4234438854566735
0.3738340887872167
0.438261200292258
0.3221882308445339
0.43496846366212805
0.27252875205349275
0.4267366220868034
0.22882841071737653
0.406980202306024
0.6876819947465969
0.44813941018264775
0.7214504403245048
0.438261200292258
0.7611780233573376
0.43990756860732294
0.7949464689352458
0.44978577849771273
0.8247421562098703
0.46295672501823226
0.8227557770582287
0.4860058814291416
0.7889873314803207
0.4991768279496611
0.7492597484474879
0.500823196264726
0.7135049237179383
0.4909449863743363
0.6916547530498801
0.4711885665935569
0.33013374745110047
0.408626570621089
0.7532325067507711
0.469542198278492
0.5704856247997396
0.6275935565247269
0.3922959989253482
0.7167080275320217
0.43846561503445347
0.7195221687217257
0.4816077153331256
0.7339948948402036
0.5287865033790419
0.7364070158599499
0.5731900685987278
0.7456534797689776
0.5567910246255484
0.7733928714960602
0.5151626822320927
0.7902777186342844
0.4684884801545821
0.7946999405038193
0.42711243074532923
0.7774130731956375
0.4021354253092559
0.7452514595990197