0.028171564302239136
0.3783531189345407
0.029904363049505025
0.4910654608756473
0.04203395428036623
0.5996541805506159
0.06109474050029099
0.7054938187148257
0.12000989790733115
0.7879662640375866
0.20664983527062547
0.8511951387850367
0.29328977263391987
0.9185476357986248
0.4007232949644049
0.9611583992153846
0.5324159997566122
0.981776510546075
0.6658415032960856
0.981776510546075
0.766343830637507
0.9336675841077976
0.8408541767699402
0.8525696795404161
0.9101661266605756
0.7687226934622758
0.9604172903312864
0.6821266258733768
0.9690812840676158
0.5776615284645463
0.9708140828148816
0.466323727278819
0.9378909066168298
0.37148041515764396
0.1667954640835101
0.3219969479639874
0.2274434202378161
0.26838985850419284
0.3123505588538446
0.23814996188584714
0.3937920999753413
0.20103736149060472
0.45963845237144496
0.15980113882922425
0.6987646794941373
0.1474302720308101
0.7611454343957093
0.1694229241168797
0.8165949943082177
0.20653552451212212
0.8668461579789285
0.24364812490736454
0.9067005291660438
0.280760725302607
0.27942738265579276
0.35773500760385046
0.32101455259017403
0.3384914370285396
0.3591361250300235
0.3219969479639874
0.4059216912062025
0.31100062192095257
0.43711206865698843
0.33574235551778087
0.4475088611405838
0.36185862986998857
0.41631848368979785
0.3811022004452994
0.3643345212718212
0.38797490422219616
0.3175489550956423
0.39347306724371356
0.26383219393039975
0.39347306724371356
0.6952990819996056
0.3192478664532287
0.7160926669667963
0.29313159210102113
0.7559470381539117
0.3041279181440559
0.7906030130992294
0.3206224072086081
0.8269917867918131
0.33574235551778087
0.8443197742644719
0.36323317062536786
0.8096637993191542
0.375604037423782
0.7611454343957093
0.37422949666840266
0.7178254657140621
0.36735679289150597
0.6901006857578079
0.348113222316195
0.38339530749174594
0.36598225213612656
0.7507486419121141
0.35223684458233306
0.6017279496472477
0.5075599499401996
0.3937920999753413
0.7137410632471018
0.4856304335804333
0.6642575960534453
0.59652955340545
0.6257704549028235
0.7108942707249987
0.6216468326366854
0.7958014093410272
0.6835011666287562
0.7992670068355588
0.757726367419241
0.7212910632085939
0.8017116715913801
0.6051935471417794
0.7989625900806214
0.4925616285694968
0.8292024866989672
0.3903265024808095
0.816831619900553