-0.009003841373699405
0.348916582127922
0.0366411150883365
0.45892878232018036
0.06297474381643411
0.5806756171996131
0.08228607155037237
0.6994887934072521
0.14899793099488637
0.7977663589123364
0.2490657201616574
0.8725746550430721
0.37195598755944637
0.9356483164866337
0.48782395396307593
0.9855205139071241
0.619492097603564
0.9811200258994338
0.731848913510114
0.9327146578148401
0.8371834284225045
0.8681741670353819
0.910917588861178
0.7816312362174718
0.9811405988027716
0.674552694697007
1.0057186522823296
0.5528058598175742
0.9706071473115326
0.4369263422817287
0.9583181205717538
0.3239804834176767
0.9583181205717538
0.21543511256131506
0.050685717076655215
0.25650633396642486
0.0910639477930716
0.21836877123310863
0.16655368348028482
0.2110346245536247
0.21922094093648006
0.1860985258433795
0.2525768706587371
0.1479609631100632
0.4509568737437393
0.08928778967419204
0.5141575826911736
0.10688974170495341
0.5861361678813072
0.10688974170495341
0.654603602574361
0.0863541310023985
0.7072708600305562
0.07021900830753393
0.10510854978139031
0.35589491377048044
0.1331977537580278
0.3177573510371641
0.1876205864627629
0.3074895456858867
0.24731014491311754
0.3162905217012674
0.2876883756295339
0.338292961739719
0.2876883756295339
0.341582435448438
0.24731014491311754
0.31957999540998644
0.1876205864627629
0.3107790193946057
0.1331977537580278
0.32104682474588314
0.10510854978139031
0.35918438747919945
0.5229354589338728
0.26935198295257046
0.5756027163900681
0.22828076154746063
0.6335366995918829
0.19894417482952503
0.709026435279096
0.19747734549362825
0.7687159937294508
0.21947978553207992
0.7687159937294508
0.22276925924079893
0.709026435279096
0.20076681920234726
0.6335366995918829
0.20223364853824405
0.5756027163900681
0.23157023525617965
0.5229354589338728
0.27264145666128947
0.1876205864627629
0.3091342825402462
0.6335366995918829
0.20058891168388454
0.33333333209156985
0.38412048618944467
0.2999774023693128
0.5997443985662712
0.36317811131674715
0.5454717131380904
0.4948462549572353
0.4897321983740128
0.6388034253375025
0.4853317103663224
0.731848913510114
0.5264029317714323
0.7265821877644946
0.6320146439560004
0.7195598867703352
0.7566951375072266
0.6001807698696259
0.813901481607201
0.4614903252349784
0.8051005055918202
0.3666892618138269
0.7097565987585297