0.07653582873229951
0.4183521370915388
0.05703171057663617
0.49839907338139644
0.03969471666049093
0.578446009671254
0.03319334394193648
0.6600938846869087
0.08520432569037215
0.727333311170389
0.1523851771154349
0.7833661665732894
0.2239002770195339
0.8393990219761897
0.3040838738817056
0.885826245024307
0.39510309194146803
0.9178450195402501
0.49912505543833946
0.9306525293466271
0.6031470189352108
0.9146431420886557
0.6941662369949733
0.8698168577663354
0.7700155853781087
0.8169858798150295
0.8220265671265442
0.7577511469605348
0.8697033003959437
0.6889107817512573
0.889207418551607
0.610464784187197
0.8978759155096796
0.5288169091715422
0.20006191038483426
0.33990613952747845
0.27807838300748783
0.3078873650115354
0.39076884346243174
0.30948830373733255
0.49045655848026687
0.28547422285037527
0.5923113977376201
0.27106577431820095
0.748344342982927
0.3046854875599411
0.774349833857145
0.3415070782532756
0.8068566974499172
0.37512679149501577
0.8436978095217257
0.41194838218835017
0.8632019276773892
0.4455680954300904
0.23040164973808844
0.4282560810101349
0.27374413452845153
0.4154485712037576
0.3214208677978509
0.40744387757477185
0.37343184954628655
0.40264106139738043
0.4167743343366496
0.39783824521998895
0.4167743343366496
0.40234274983356727
0.37343184954628655
0.40714556601095875
0.3214208677978509
0.41194838218835017
0.27374413452845153
0.41995307581733593
0.23040164973808844
0.4327605856237132
0.7353415975458181
0.4602748555260779
0.774349833857145
0.4698804878808608
0.804689573210399
0.48588987513883225
0.8328621883241349
0.5051011398483982
0.8545334307193166
0.5179086496547753
0.8545334307193166
0.5224131542683537
0.8328621883241349
0.5096056444619765
0.804689573210399
0.49039437975241057
0.774349833857145
0.4743849924944391
0.7353415975458181
0.4647793601396562
0.3231545671894654
0.4125778195879959
0.8003553247313627
0.490063253916578
0.6118155158932834
0.5592347449616881
0.4471140736899037
0.7433426984283605
0.49045655848026687
0.6985164141060404
0.5576374099053295
0.6873098430254602
0.6139826401328016
0.716126740089809
0.620484012851356
0.768957718041115
0.6096483916537653
0.812183063637638
0.5663059068634021
0.8602112254115526
0.49912505543833946
0.874619673943727
0.42760995553424036
0.8522065317825669
0.4124400858576133
0.7977746151054637