0.11726137251278622
0.6514900710791448
0.1574577407245308
0.7132082466677521
0.21775229304214774
0.7973693951976714
0.28206648218093916
0.8759198004922626
0.3644690370150157
0.9301569851004327
0.46696977595496447
0.9563404535319631
0.5795196069478495
0.961951196767291
0.6900596195301473
0.961951196767291
0.7965799952912704
0.9451189670613072
0.8649138212512363
0.8740495527471532
0.8990807342312193
0.7805371654916875
0.9151592815159173
0.6776735395106752
0.9031003710523938
0.5729396657845535
0.8729530948935853
0.4775570307839785
0.8126585425759684
0.4064876164698245
0.7503541718477642
0.3428991931361078
0.7021185299936707
0.2643487878415166
0.08108464112221601
0.5205727289214928
0.10922209887043724
0.5018702514703995
0.1474086486715947
0.4943892604899623
0.18760501688333928
0.49625950823507164
0.219762111452735
0.5074809947057275
0.3282923056244455
0.3447694408812171
0.3423610344985561
0.2998834949985935
0.3986359499949986
0.2718297788219538
0.46295013913379
0.2512570536257514
0.5192250546302325
0.23255457617465822
0.12731046456572234
0.6402685846084889
0.13534973820807122
0.6066041251965212
0.15946755913511806
0.5691991702943349
0.19363447211510101
0.5504966928432418
0.2298112035056711
0.5448859496079138
0.2519192060221307
0.5598479315687884
0.24588975079036898
0.5953826387258654
0.22177192986332225
0.6327875936280516
0.18559519847275205
0.6552305665693633
0.15544792231394358
0.6608413098046912
0.37853776588912635
0.39526612999916866
0.3946163131738242
0.35973142284209164
0.4408421366173305
0.34102894539099854
0.4850581416502496
0.3223264679399054
0.5373134203255177
0.3185859724496867
0.5634410596631516
0.3391586976458892
0.5393232387361048
0.3784339002931848
0.5071661441667091
0.40835786421493386
0.46495995754437724
0.421449598430699
0.41471449727969645
0.41583885519537106
0.17353628800922868
0.6047338774514118
0.44687159184909214
0.3784339002931848
0.2941253926444625
0.6739330440204566
0.4549108654914411
0.8029801384329992
0.4850581416502496
0.7618346880405944
0.5373134203255177
0.7206892376481894
0.601627609464309
0.6851545304911123
0.661922161781926
0.6627115575498006
0.6759908906560366
0.7113379989226429
0.6820203458877983
0.7786669177465781
0.6579025249607515
0.8459958365705136
0.5955981542325474
0.8516065798058415
0.5332937835043432
0.8216826158840925