0.027405962833202315
0.5049966494690217
0.0657271945312044
0.5820880497934743
0.09882280372493349
0.6634623056915075
0.14062778375911758
0.7362708504423795
0.20507712797848476
0.7948032099479825
0.2834614655425799
0.8561908065026391
0.36184580310667513
0.9090126919101345
0.4367463923345883
0.9646898143666836
0.5255819749072296
1.000380277479856
0.6335781733288718
0.9803936181364794
0.7119625108929669
0.9204336401063495
0.7781537292804251
0.8690393732233812
0.8443449476678833
0.8005136840460899
0.9000849210467955
0.7177118096235298
0.9366642785767065
0.6277718425783351
0.9558248944257076
0.5321214014350327
0.9471155235852526
0.4407538158653111
0.013470969488474274
0.35937955996727783
0.08662968454829648
0.37508336373707374
0.1493371545995726
0.4050633527521386
0.20856087631466674
0.4378985788162574
0.2555914788531239
0.4764442789784836
0.4872607432092274
0.46645094930679537
0.5412588424200485
0.40649097127666556
0.6074500608075067
0.3608071784918047
0.6858343983716019
0.32368909685410535
0.7677024842718793
0.29228148931451353
0.0953390553887515
0.5021414124199678
0.12320904207820754
0.4721614234049029
0.17198151878475568
0.4821547530765913
0.21727024715512178
0.49785855684638713
0.26081710135739694
0.5164175976652369
0.2730102205340339
0.5463975866803017
0.2329471146679408
0.5606737719255708
0.1806908896252107
0.5635290089746245
0.13366028708675357
0.5521080607784093
0.09708092955684247
0.5264109273369251
0.5726125774456866
0.4935757012728065
0.6196431799841438
0.4536023825860533
0.6806087758673289
0.4264776306200421
0.75202561675906
0.41791191947288076
0.8147330868103363
0.4321881047181497
0.8112493384741543
0.4607404752086877
0.7607349875995152
0.5021414124199678
0.696285643380148
0.5278385458614521
0.6231269283203258
0.542114731106721
0.5604194582690496
0.5349766384840866
0.1998515054742117
0.513562360616183
0.678866901699238
0.46216809373321466
0.32004082307249104
0.6877318206084649
0.4264062668850413
0.8562970478812086
0.4486271754534988
0.8632956986944709
0.47417366217505874
0.8670008667720802
0.4959410828135477
0.8772930003209951
0.5142317626556113
0.892525357973389
0.5155922264455169
0.8995240087866511
0.5018364259031385
0.9147563664390451
0.47840621618809825
0.9075518729548048
0.45996437370271176
0.8929370433153456
0.4419760191472938
0.8777046856629517