0.09622798632369478
0.35347326184865024
0.07445520836919144
0.4397529710156084
0.034868339361003475
0.511156868257229
0.02299227865854709
0.6033869021943222
0.04476505661305046
0.6956169361314154
0.08633126907164781
0.7818966452983737
0.12195945117901698
0.8711515168503993
0.18925712849293644
0.935117508129351
0.29020364446381575
0.9737946191352289
0.4188609687404266
0.96635671317256
0.5435596061162187
0.947018157669621
0.6544028393391449
0.9157789526264123
0.7553493553100242
0.8726390980429332
0.8424404671280376
0.8175985939191839
0.9038001140907289
0.747682277870097
0.9453663265493263
0.6658653122807402
0.9770358217558767
0.5870235090764508
0.18025832532269767
0.2714477721848433
0.23992482529414477
0.25408937442825724
0.3053655026821835
0.25264284128187503
0.35155892201491673
0.2786804379167541
0.3746556316812833
0.3191833660154548
0.6036980025394189
0.34522096265033375
0.6768375831495798
0.3365417637720408
0.7499771637597407
0.34956056208948033
0.8057942121201266
0.38283082445627015
0.8365898250086155
0.4233337525549709
0.17738106779048007
0.3772745609291905
0.2328026844019432
0.3653739113889204
0.28426561411258755
0.374299398544123
0.30801773551750034
0.40851376597239947
0.3337492003728225
0.43677780863054094
0.3337492003728225
0.43677780863054094
0.30801773551750034
0.40851376597239947
0.28426561411258755
0.374299398544123
0.2328026844019432
0.3653739113889204
0.17738106779048007
0.3772745609291905
0.5851258185748159
0.4561163641334799
0.6484648089879166
0.4516536205558785
0.7019070821489704
0.46801701367375
0.7355559208059301
0.5022313811020265
0.7632667291116618
0.5394209109153705
0.7632667291116618
0.5394209109153705
0.7355559208059301
0.5022313811020265
0.7019070821489704
0.46801701367375
0.6484648089879166
0.4516536205558785
0.5851258185748159
0.4561163641334799
0.28426561411258755
0.372746603484144
0.7019070821489704
0.466464218613771
0.29218298791422515
0.5096692870646953
0.21498859334825865
0.6316509448524638
0.26051349270767477
0.6390888508151324
0.36146000867855405
0.6703280558583415
0.4525098073973863
0.7119803292492868
0.5455389495666281
0.7506574402551646
0.49407601985598365
0.8027227819938463
0.4030262211371514
0.8473502177698591
0.29218298791422515
0.8562757049250618
0.21498859334825865
0.8056979443789138
0.22290596714989624
0.7253685599820907