0.10613503128960403
0.2936686770003659
0.07451251308406988
0.3833779409860835
0.06045806054827689
0.48205813137037284
0.06221486711525106
0.5822334761544241
0.0780261262180181
0.6749330489396654
0.11843267725842284
0.7601568497260971
0.17289368083462056
0.843885496112767
0.23438191067871475
0.914157752901579
0.31343820619255014
0.9649930024934855
0.4258738264788937
0.9754590832918194
0.5242549942294444
0.9455559952965802
0.6103385160111764
0.8977110545041973
0.6911516180919859
0.8453806505125289
0.7719647201727953
0.7855744745220505
0.8176416909141224
0.7018458281353808
0.8527778222536048
0.6136317185494252
0.9019684061288801
0.549340079359661
0.28708610768793835
0.20395941301464843
0.34154711126413606
0.17256117061964726
0.41181937394310086
0.15461931782250377
0.487362056322988
0.14116292822464613
0.5470934796001081
0.16359024422107551
0.7789919464406918
0.32058145619608125
0.8387233697178119
0.3175911473965573
0.8808867273251908
0.35646516179036825
0.9072388258298026
0.41328102898132263
0.9107524389637509
0.46112596977370535
0.26776123545122305
0.29815414019965186
0.3257358521613689
0.27722197860298436
0.39249450170638556
0.27273651540369853
0.44695550528258327
0.2891832138010801
0.4645235709523244
0.3430087721925106
0.4451986987156091
0.3759021689872737
0.39600811484033377
0.4087955657820368
0.33100627186229137
0.4087955657820368
0.28005888142004187
0.3788924777867976
0.24140913694661123
0.3400184633929867
0.7052060706277788
0.4267374185791803
0.7456126216681835
0.3968343305839411
0.7983168186774071
0.3998246393834651
0.8316961434499154
0.43570834497775207
0.8387233697178119
0.4835532857701348
0.8229121106150449
0.5164466825648979
0.7825055595746401
0.546349770560137
0.7298013625654165
0.547844924959899
0.6911516180919859
0.513456373765374
0.6893948115250117
0.46710658737275323
0.311681399625576
0.33403784579393886
0.7104764903287012
0.4775726681710869
0.561147932135901
0.5717673953560903
0.38898088857243734
0.7511859233275254
0.43114424617981617
0.7138070633334765
0.48209163662206556
0.6958652105363329
0.5347958336312892
0.7138070633334765
0.5207413810954962
0.7631471585256211
0.49790289572483265
0.8139824081175278
0.4645235709523244
0.8498661137118148
0.4065489542421784
0.8633225033096723
0.35384475723295494
0.8453806505125289
0.3643855966347996
0.7945454009206222