0.016308720161928643
0.4511870881110825
0.030533720227266786
0.5428961760489883
0.06101586322441994
0.6301677274737696
0.09149800622157306
0.7130017423854265
0.15855872081531
0.7884398631085426
0.23984443547438508
0.8490861954545771
0.33332300733232145
0.8934615605858219
0.43899443638911906
0.9348785680416503
0.554826579778301
0.9570662506072727
0.6747230089004367
0.9437536410678992
0.7621051521589425
0.8890240240726973
0.8332301524856331
0.8209817975381221
0.8941944384799394
0.7425853191395896
0.9409337244089077
0.6612304830656409
0.9653194388066302
0.5739589316408596
0.9693837245395839
0.4822498437029538
0.9449980101418614
0.4112492594929622
0.09962657768748057
0.34912374830921955
0.15449443508235627
0.31658181387963996
0.2195230068096163
0.2988316678271421
0.2926801500027839
0.30031084666485025
0.34754800739765956
0.3077067408533911
0.6015658657072692
0.2929149524763095
0.6686265803010061
0.2633313757221463
0.7438158663606506
0.2633313757221463
0.8088444380879106
0.288477415963185
0.851519438283925
0.31214427736651557
0.13620514928406438
0.42899940554546007
0.1870087209459863
0.41420761716837845
0.23374800687495448
0.39793664995358874
0.2886158642698301
0.3861032192519235
0.33941943593175206
0.3964574711158806
0.3434837216647058
0.40977008065525405
0.29471229286926076
0.4245618690323356
0.23984443547438508
0.4349161208962928
0.18904086381246316
0.4482287304356661
0.13620514928406438
0.4571038034619151
0.6523694373691911
0.3772281462256746
0.6889480089657749
0.36095717901088475
0.73771943776122
0.35799882133546845
0.786490866556665
0.3639155366863011
0.8311980096191562
0.3757489673879663
0.8433908668180176
0.3994158287912969
0.7905551522896187
0.3994158287912969
0.7438158663606506
0.4053325441421296
0.6950444375652055
0.4082909018175459
0.6523694373691911
0.3964574711158806
0.23171586400847763
0.41716597484379475
0.7397515806276969
0.38166568273879903
0.5812444370425004
0.5192293146456577
0.33941943593175206
0.6671471984164735
0.4247694363237809
0.624251012122937
0.5487301511788704
0.6079800449081472
0.6767551517669137
0.6138967602589799
0.7600730092924656
0.6538345888771002
0.7417837234941738
0.736668603788757
0.6950444375652055
0.8180234398627058
0.5751480084430697
0.8535237319677015
0.45931586505388783
0.8209817975381221
0.38412657899424335
0.7440644979772978