0.003925463693188991
0.4511328621769576
0.021292093429803267
0.5443563242125771
0.0579549784293223
0.6390833904745775
0.10619561658658418
0.7247888313782921
0.18145101211191275
0.7909474173390543
0.26442490974240324
0.8540987948470545
0.360906186056927
0.9067249427703881
0.4631763389503223
0.9653655075992456
0.5615872407911365
0.9653655075992456
0.6638573936845317
0.9247681934869597
0.7564794189464745
0.8646240244317213
0.839453316576965
0.7984654384709591
0.9089198355234221
0.7247888313782921
0.9706678523647174
0.6450978073801014
0.957160473680684
0.5428527199861961
0.9243568397337459
0.44511844527143374
0.8838347036816461
0.35790940014133815
0.00585508921947944
0.29175081418057597
0.04058834869270802
0.2887436057278141
0.07918085921851753
0.29475802263333784
0.11198449316545564
0.3067868564443855
0.13899925053352227
0.31129766912352846
0.4168653263193508
0.2977652310860998
0.45352821131886983
0.254160708521052
0.5036984750024222
0.21957781131428994
0.5615872407911365
0.1925129352394327
0.6233352576324317
0.16845526761733737
0.09268823790255085
0.4255715903284813
0.09461786342884136
0.3804634635370525
0.15636588027013654
0.38647788044257636
0.20267689290110796
0.4165499649701956
0.243199028953208
0.4511328621769576
0.2682841607949842
0.48571575938371964
0.25477678211095084
0.5338310946279103
0.20074726737481752
0.5383419073070532
0.15636588027013654
0.5067662185530531
0.12549187184948896
0.46616890444076725
0.49790959842355087
0.3924922973481002
0.526853981317908
0.3398661494247666
0.5886019981592031
0.3022760437652427
0.6657870192108223
0.2977652310860998
0.717886908420665
0.33385173251924277
0.7545497934201841
0.3849742762161954
0.6947314021051794
0.4150463607438146
0.6310537597375936
0.4496292579505767
0.555798364212265
0.472183321346291
0.5075577260550033
0.44361484104505283
0.20653614395368894
0.4706797171199101
0.5789538705277507
0.41354275651743366
0.20267689290110796
0.5729248045138153
0.2895100415841794
0.8180122934139115
0.2875804160578889
0.8044798553764828
0.2952989181630508
0.7954582300181973
0.29915816921563176
0.801472646923721
0.30494704579450327
0.801472646923721
0.32424330105740795
0.8165086891875305
0.31845442447853656
0.8270339187721973
0.30494704579450327
0.8315447314513403
0.29336929263676037
0.8255303145458164
0.2875804160578889
0.8135014807347687