0.07148332160200606
0.5322461957111955
0.11532683431522445
0.6035272609442472
0.16574687393542553
0.6765054943971336
0.2008216841060002
0.7460893914103507
0.2578182506331841
0.8054902791045606
0.33454439788131624
0.8530109892599285
0.41565489640077025
0.8920458583161235
0.5033419218272069
0.9259892227128149
0.6063741767032701
0.9446580731309949
0.7050220803080115
0.9276863909326495
0.770787349377839
0.8801656807772815
0.825591740269362
0.824159129522741
0.8825883067965458
0.7579695689491928
0.9242396438741033
0.6917800083756447
0.9439692245950516
0.6103159338235855
0.9242396438741033
0.5288518592715263
0.9132787656957987
0.44569061649963265
0.18766863029203468
0.4422962800599635
0.21616691355562664
0.404958579223603
0.25562607499752316
0.37610671948641544
0.29508523643941975
0.34386052330955863
0.3301600466099944
0.31331149535253644
0.6282959330598793
0.2708822898566723
0.6721394457730977
0.2776709627360106
0.7094064315793334
0.2963398131541908
0.7444812417499079
0.31840300001204014
0.768595173742178
0.33876901865005493
0.2490495480905404
0.5050915041938424
0.2731634800828105
0.4864226537756622
0.30823829025338517
0.4677538033574819
0.3433131004239599
0.4541764575988055
0.37619573495887365
0.47114813979715103
0.3827722618658564
0.49830283131450415
0.36523485678056916
0.5237603546120226
0.32796787097433344
0.5373377003706993
0.2819321826254542
0.5407320368103684
0.2424730211835577
0.53394336393103
0.6304881086955402
0.4321132707409561
0.6502176894164885
0.4066557474434376
0.6831003239514023
0.39307840168476105
0.7181751341219769
0.4066557474434376
0.7488655930212298
0.428718934301287
0.7729795250134999
0.4473877847194672
0.7510577686568907
0.46435946691781277
0.7094064315793334
0.47963398089632386
0.6677550945017758
0.4779368126764893
0.6370646356025229
0.46096513047814364
0.30823829025338517
0.5050915041938424
0.6852924995870632
0.4439934482797981
0.6261037574242183
0.6255904478020966
0.5559541370830691
0.824159129522741
0.5778758934396783
0.7868214286863804
0.6129507036102528
0.7545752325095236
0.6524098650521494
0.7460893914103507
0.6831003239514023
0.7715469147078693
0.6831003239514023
0.8105817837640643
0.6765237970444196
0.8581024939194322
0.6480255137808275
0.8903486900962889
0.5932211228893045
0.893743026535958
0.5625306639900518
0.8699826714582741