0.08751839653138588
0.44611910214158346
0.08751839653138588
0.5364999599409419
0.07491721910122312
0.6216665374826451
0.06441623790942085
0.7085712084435666
0.09591918148482774
0.7815711320507408
0.1799270310192461
0.8198091872735462
0.2618346843153041
0.8597853359155702
0.3416421413730016
0.9032376713960311
0.4361509720992223
0.9258328858458705
0.530659802825443
0.943213820038055
0.6272688297900242
0.9223566990074337
0.7217776605162448
0.8945472042999388
0.8204868837191865
0.8580472424963517
0.8855929671083608
0.8006901596621434
0.9044947332536049
0.7189997689588772
0.9065949294919653
0.6286189111595188
0.9044947332536049
0.5521428007139078
0.293337627890711
0.37138108511519086
0.3479427300880829
0.38180964563050146
0.40674822476217587
0.3835477390497199
0.45715293448282684
0.367904898276754
0.4928562705349547
0.34357159040769597
0.6986755018942797
0.35226205750378814
0.7280782492313262
0.3887620193073752
0.7595811928067332
0.4287381679493991
0.7931843326205005
0.4635000363337677
0.8183866874808261
0.4878333442028258
0.31013919779759463
0.5029433388180752
0.34584253384972247
0.49425287172198296
0.3794456736634898
0.4855624046258908
0.4172492059539781
0.47687193752979856
0.4445517570526641
0.4681814704337064
0.4445517570526641
0.4739285968490783
0.4172492059539781
0.48261906394517046
0.3794456736634898
0.4913095310412627
0.34584253384972247
0.49999999813735485
0.31013919779759463
0.5086904652334471
0.6566715771270706
0.4873004980451092
0.6797737357490357
0.5098957124949489
0.7028758943710006
0.5359671137832253
0.7259780529929658
0.5550861413946281
0.7301784454696867
0.558562328233065
0.7301784454696867
0.5643094546484368
0.7259780529929658
0.56083326781
0.7028758943710006
0.5417142401985972
0.6797737357490357
0.5156428389103208
0.6566715771270706
0.4930476244604811
0.3794456736634898
0.48843596783357673
0.6990955411419519
0.5322359219978812
0.5600625501624893
0.6425236585132662
0.41514900971561763
0.8180710938543279
0.4613533269595478
0.8128568135966725
0.5138582329185593
0.8059044399197988
0.5600625501624893
0.8093806267582356
0.6020664749296987
0.8319758412080753
0.6062668674064196
0.8476186819810413
0.5558621576857686
0.8528329622386965
0.503357251726757
0.8510948688194782
0.44665195329102453
0.8493567754002597
0.398347439808734
0.8441424951426043