0.1643404779024422
0.6013026859592769
0.2111490895040333
0.6927564883220192
0.2620878727175295
0.7813963275351385
0.325417170766741
0.8531523878505209
0.4052671552635729
0.9052107061185435
0.49475420685485
0.9417922270636404
0.6090222881175578
0.9530480796621317
0.7246670932509004
0.950234116512509
0.8237912119366229
0.9206875034414691
0.8829903383739292
0.8433035168268411
0.9229153306223451
0.7546636776137216
0.9476963602937758
0.6477330779280537
0.9807377331890165
0.5464304045416315
0.9766075615771114
0.42683697068266085
0.9215386067517101
0.3325692051702958
0.8416886222548783
0.2608131448549134
0.7700989809818566
0.19327802926396526
0.1368060004897415
0.4662324547773806
0.1684706495143473
0.4394998048559637
0.20701891789212817
0.42402300753303807
0.2538275294937193
0.41980206280860377
0.29375252174213523
0.4296509338322837
0.43830852815881366
0.31146448154812445
0.4314249088056385
0.2481503106816106
0.450699042994529
0.19327802926396526
0.48098696814849967
0.1524755635944341
0.5222886842675506
0.14262669257075414
0.240060290787369
0.5915205252688854
0.23868356691673398
0.54649711487492
0.26071114884689445
0.5225784281031258
0.30063614109531045
0.5155435202290688
0.3391844094730913
0.5141365386542573
0.3391844094730913
0.5168837914705917
0.30063614109531045
0.5182907730454032
0.26071114884689445
0.5253256809194602
0.23868356691673398
0.5492443676912544
0.240060290787369
0.5942677780852198
0.5305490274913609
0.3607755469998126
0.5360559229739009
0.31434515503103583
0.5718507436104118
0.29183344983405307
0.621412802953273
0.284798541959996
0.6709748622961341
0.2805775972355617
0.6709748622961341
0.28332485005189606
0.621412802953273
0.28754579477633035
0.5718507436104118
0.29458070265038744
0.5360559229739009
0.3170924078473702
0.5305490274913609
0.363522799816147
0.27585511142387986
0.5394288518342186
0.5861686718650161
0.30783968462025907
0.38736974494531745
0.6013026859592769
0.45482921460643405
0.7420008434404188
0.4823636920191347
0.6730587462746593
0.5677205719985067
0.6055236306837112
0.6558308997191488
0.5506513492660658
0.749448122922331
0.5506513492660658
0.7659688093699514
0.6294423174555053
0.7769826003350316
0.7335589539915504
0.7287972648628055
0.8334546458031611
0.6365567655302583
0.8489314431260867
0.5470697139389813
0.8053150143069328