0.13387871966810352
0.2961067536179692
0.10271393526427734
0.38761788858902574
0.07985976003480473
0.4839453990848748
0.06323854168609741
0.5802729095807239
0.06947149856686265
0.679811337093101
0.11102454443863095
0.7616897210145729
0.18582002700781394
0.829118978361667
0.2668484664577621
0.8885209431674407
0.3561875150820639
0.9447119909566859
0.47253604352301526
0.9655829515641199
0.5847292673767897
0.9318683228905726
0.6719906637075032
0.8724663580847991
0.7447084939830977
0.806642559245969
0.8236592811394574
0.7456351359319313
0.8610570224240488
0.6589403764856672
0.8735229361855793
0.5610074074815541
0.8984547637086404
0.47431264803528983
0.27931438021929267
0.24152116433698814
0.3478769059077103
0.22546657925434663
0.4247500407704817
0.22707203776261076
0.5057784802204299
0.23028295477913907
0.566030396734494
0.24954845687830884
0.7800285829741006
0.3378486748328371
0.8236592811394574
0.33142684079978046
0.8589793701304606
0.35229780140721445
0.8880665022406983
0.38280151306423327
0.9005324160022288
0.3972506396386106
0.3208674260910609
0.2977122121262334
0.37904169031153656
0.2961067536179692
0.4309829976512469
0.30092312914276165
0.48500195728454576
0.3073449631758183
0.5244773508627256
0.3330322993080447
0.5057784802204299
0.3555087184237428
0.4538371728807195
0.3699578449981202
0.3977405609538323
0.36353601096506355
0.3499545582012987
0.347481425882422
0.3042462077423536
0.32661046527498805
0.7405531893959207
0.422937975770837
0.7821062352676891
0.422937975770837
0.8174263242586922
0.43096526831215787
0.8506687609561069
0.44862531190306343
0.8735229361855793
0.4727071895270258
0.8631346747176373
0.4871563161014031
0.8257369334330459
0.49036723311793134
0.7883391921484543
0.4839453990848748
0.7571744077446282
0.4678908140022333
0.7384755371023325
0.4470198533947994
0.441371259119189
0.3330322993080447
0.7987274536163965
0.4598635214609125
0.7197766664600367
0.5128436522336295
0.4143617793025396
0.6316475818451767
0.4995455233396647
0.62522574781212
0.5868069196703781
0.6300421233369125
0.661602402239561
0.6621512935021955
0.6678353591203262
0.6974713806840067
0.6221270086613812
0.7568733454897802
0.5743410059088475
0.8050371007377048
0.48915726187172254
0.7986152667046482
0.4351383022384238
0.7472405944401954
0.41228412700895123
0.6814167956013653