0.12594804833098722
0.5609662596365728
0.17344056857828047
0.6352469809744486
0.2141484430759604
0.7039216101358812
0.27012177051027036
0.7655886240767592
0.34644903519342024
0.8188464997529723
0.4227762998765701
0.8594906680321873
0.5092805331841399
0.8931272210908481
0.5856077978672898
0.9407790045906176
0.668719708300053
0.9814231728698328
0.777274040293866
0.9674079424287242
0.858689789289226
0.925362251105398
0.9129669552861326
0.8622937141204091
0.9570671526586191
0.7908160388707548
1.0045596729059125
0.7179368405769898
1.0198251258425424
0.6282393657538943
1.007951995780719
0.5343373217984663
0.9689402827204424
0.45725355437236853
0.07506320520888732
0.4390337547989273
0.12255572545618057
0.4446398469753708
0.1802252143278938
0.45725355437236853
0.23450238032480036
0.47407183090169897
0.2904757077591103
0.46566269263703375
0.5007997259971232
0.4264200474019295
0.5754308292428698
0.43342766262248383
0.6432772867390031
0.4166093860931534
0.7128199056725396
0.40539720174026644
0.7891471703556894
0.4039956786961556
0.17852905289049045
0.5329357987543554
0.2124522816385571
0.5217236144014684
0.25485631757364036
0.5217236144014684
0.2989565149461269
0.5273297065779118
0.3311835822567902
0.5427464600631314
0.34814519663082355
0.5637693057247944
0.30743732213314356
0.5707769209453488
0.263337124760657
0.5707769209453488
0.21923692738817038
0.5651708287689053
0.18700986007750714
0.5539586444160184
0.602569412241323
0.5077083839603597
0.6483657710512131
0.4866855382986967
0.7060352599229263
0.48528401525458587
0.7637047487946395
0.48948858438691845
0.8196780762289495
0.4992992456956945
0.8281588834159661
0.5287312296220228
0.7721855559816561
0.5357388448425772
0.7111237442351362
0.5399434139749097
0.6500619324886164
0.5427464600631314
0.597480927929113
0.525928183533801
0.27012177051027036
0.5567616905042402
0.6992506141733129
0.5245266604896901
0.3922453940033101
0.7095277023123246
0.45330720574983
0.8403249736285953
0.5143690174963499
0.8333173584080409
0.5788231521176764
0.83191583536393
0.6432772867390031
0.8361204044962627
0.7077314213603296
0.8389234505844844
0.7077314213603296
0.8412708684587461
0.6432772867390031
0.8384678223705244
0.5788231521176764
0.8342632532381917
0.5143690174963499
0.8356647762823026
0.45330720574983
0.842672391502857