0.09114060481475346
0.5623999607657315
0.10045403082168974
0.6406327392239964
0.14143310525220956
0.7188655176822615
0.17868680927995484
0.7952356109391394
0.2233912541132492
0.8716057041960172
0.3109374585784506
0.8976832970154389
0.38171949623116674
0.9423877418487333
0.4748537563005299
0.9423877418487333
0.5661253311685059
0.9163101490293116
0.659259591237869
0.877193759800179
0.7430804253002959
0.826901259362723
0.8119997777516248
0.7635699625155559
0.8660176485918556
0.6871998692586782
0.912584778626537
0.6033790351962511
0.8920952414112772
0.5232835715365989
0.8436654261752083
0.45622690428665735
0.8287639445641103
0.3724060702242304
0.05947495639116992
0.3761314406270049
0.10045403082168974
0.39662097784226485
0.16005995726608221
0.4152478298561374
0.2084897725021511
0.3873075518353285
0.23084199491879825
0.35564190341174495
0.4133851446547502
0.3649553294186813
0.4525015338838827
0.36122995901590677
0.4934806083144026
0.3146628289812252
0.530734312342148
0.26809569894654356
0.5698507015712804
0.22525393931463653
0.1751925467043749
0.488989493709556
0.19523222317698938
0.5075140157868684
0.22141903967187831
0.5160352959424322
0.24649937096275779
0.5043648470337254
0.26580139063269936
0.4840804953590682
0.26580139063269936
0.49049075185290486
0.24649937096275779
0.5107751035275621
0.22141903967187831
0.5224455524362689
0.19523222317698938
0.513924272280705
0.1751925467043749
0.49539975020339266
0.4279693773295865
0.45770403182352326
0.4279693773295865
0.4567735956010036
0.4279693773295865
0.4567735956010036
0.5095724378680396
0.4366761731945813
0.49867290781369444
0.4573318573345154
0.500393886243328
0.45454054866695676
0.4851919101148991
0.4720327496503243
0.4635362648753447
0.4802205884084964
0.4411635452901097
0.47277709862834
0.4279693773295865
0.4567735956010036
0.22082891422973996
0.5034019578132485
0.4610408461523761
0.4601603834509748
0.37426875542561766
0.581026812779604
0.2494688469326709
0.7654326477169432
0.3370150513978724
0.7654326477169432
0.4133851446547502
0.7821968145294286
0.5009313491199516
0.750531166105845
0.6015163499948639
0.7542565365086197
0.6015163499948639
0.7542565365086197
0.5009313491199516
0.750531166105845
0.4133851446547502
0.7821968145294286
0.3370150513978724
0.7654326477169432
0.2494688469326709
0.7654326477169432