0.10770662262228135
0.593027560540901
0.14057096798463425
0.672562578711532
0.17507853061510475
0.7520975968821628
0.21780217958616346
0.8273718105079384
0.2851740875789869
0.8941244150440036
0.35747564737616316
0.9480946059455032
0.44785259712263353
0.9850215786675819
0.5546617195502803
1.0034850650286211
0.6664004937822801
1.009166137755095
0.7699231816736916
0.9935431877572923
0.8405815242027502
0.9466743377638849
0.8931644767825149
0.8827622695910564
0.9424609948260442
0.8117488605101361
0.9671092538478088
0.7279530377946499
0.9818982092608677
0.6342153378078348
0.9654660365796912
0.5418979060026382
0.9260288221448678
0.4666236923768626
0.07812871179616379
0.4353777923812576
0.11263627442663429
0.4510007423790602
0.16028957520204595
0.4694642287400994
0.20629965870933994
0.4850871787379019
0.24902330768039868
0.5035506650989413
0.4692144216081629
0.45384127874229696
0.5267270259922805
0.4098129651121263
0.5760235440358097
0.3700454560268109
0.6318929311518097
0.328857678759877
0.6877623182678095
0.2905104378561799
0.16357600973828124
0.5759843423614801
0.18822426876004592
0.554680319637204
0.23259113499922224
0.5518397832739672
0.27695800123839864
0.5603613923636777
0.30817912933263386
0.5788248787247169
0.32625451928192795
0.6086505105387034
0.29503339118769273
0.6214329241732692
0.2506665249485163
0.6185923878100323
0.2046564414412223
0.6171721196284139
0.17179209607886944
0.6015491696306114
0.5710938922314568
0.5177533469151253
0.6072446721300448
0.4850871787379019
0.6581844074416919
0.47088449692171785
0.7124105772895741
0.460942619650389
0.768279964405574
0.45952235146877063
0.7715663989418093
0.5021303969173229
0.7255563154345153
0.5262749560048359
0.676259797390986
0.5447384423658751
0.6253200620793391
0.561781660545296
0.5776667613039274
0.5489992469107303
0.27695800123839864
0.6015491696306114
0.6532547556373389
0.5291154923680726
0.3558324301080455
0.7307935741578867
0.3821239063979278
0.8788294386222778
0.4544254661951041
0.8717280977141856
0.5332998950647511
0.8660470249877121
0.6171039757387508
0.8674672931693305
0.6910487528040449
0.8717280977141856
0.6910487528040449
0.8742406605013459
0.6171039757387508
0.8699798559564907
0.5332998950647511
0.8685595877748724
0.4544254661951041
0.8742406605013459
0.3821239063979278
0.8813420014094381