0.16399853930666744
0.7592562397748692
0.22714710245464026
0.8306681432866103
0.3008204261272751
0.8834508545778972
0.3729902125821012
0.9315762678140705
0.4571882967793981
0.9703870849400166
0.5489040670657395
1.0029881713258115
0.6421233745698897
1.0216173635462655
0.7413568309452755
1.0123027674360385
0.8270584523603814
0.9703870849400166
0.8932140899439719
0.8943178833731621
0.9232848343001493
0.7965146242157776
0.9353131320426203
0.690949201633204
0.9458378925672826
0.5884886444207059
0.9368166692604292
0.4844756545231701
0.8917105527261631
0.4006442895311262
0.8390867501028524
0.3121556264839688
0.8014983196576304
0.22987669417696283
0.09182875285184149
0.5403632311845326
0.15798439043543197
0.5062097121136999
0.23316125132587573
0.47981835646805643
0.31585579830536387
0.4689513276727915
0.39704680806704307
0.4751610584129429
0.5639394392438283
0.36649077046029355
0.5654429764616371
0.29973616500366607
0.5684500508972549
0.22987669417696283
0.578974811421917
0.1646745214053732
0.591003109164388
0.09636748326370786
0.23316125132587573
0.6661102786725983
0.26323199568205324
0.6133275673813116
0.30232396334508393
0.566754586830176
0.3579548404040124
0.5481253946097219
0.41508925468074964
0.5388107984994946
0.4421529246013094
0.5652021541451382
0.4120821802451319
0.6164324327513871
0.36396898927524785
0.6521383845072577
0.3098416494341283
0.6769773074678633
0.25421077237519996
0.7018162304284689
0.6180667790849477
0.3882248280508235
0.6285915396096099
0.3338896840744987
0.6481375234411252
0.28421183815328754
0.6797118050151115
0.24384858834230347
0.7248179215493779
0.24229615565726564
0.7458674425987022
0.28110697278321184
0.7443639053808933
0.3338896840744987
0.7218108471137601
0.3835675299957098
0.6797118050151115
0.4270356451767697
0.6346056884808454
0.42858807786180747
0.37900436145333666
0.6086702693261979
0.6857259538863472
0.35096644360991497
0.6676835072726406
0.5652021541451382
0.6661799700548318
0.8725838257826323
0.6661799700548318
0.7887524607905884
0.7142931610247157
0.7049210957985446
0.7744346497370708
0.62885189423169
0.833072601231617
0.6272994615466521
0.8721645688946476
0.7219978553339609
0.8871999410727365
0.8089340856960804
0.8691574944590298
0.9036324794833891
0.7939806335685861
0.9595200561447517
0.7052719377178625
0.9098422102235407