0.07598688543185372
0.3287457606187524
0.052402574102797035
0.44130724965236345
0.026674234471098852
0.5538687386859744
0.01381006465524974
0.6696462702634031
0.07384285712921218
0.7661275465779268
0.17461218735336342
0.8400965250857284
0.2861016590907222
0.9012013334182601
0.4040232157360056
0.9574820779350657
0.5476731120129871
0.9446179077597959
0.6806028667767611
0.9092414397778037
0.8092445649352521
0.8626088228924507
0.9100138951594033
0.7902478656565578
0.9335982064884599
0.676078355351038
0.9185900083699693
0.5586928025017007
0.8971497253435542
0.44291527092427213
0.8414049894748749
0.34160993079402224
0.7642199705797803
0.2563848033828595
0.13173162130053312
0.2274404204885024
0.14245176281374067
0.2113602077694151
0.16818010244543888
0.20653614395368888
0.19605247037977858
0.2113602077694151
0.21320469680091073
0.22422437794468492
0.5005044893548739
0.19527999505032775
0.5240888006839305
0.1615115483402445
0.5648253384341192
0.14060727180543095
0.6119939610922326
0.13256716544588734
0.6634506403556291
0.13578320798970478
0.17032413074808042
0.3158815904434825
0.1874763571692125
0.28532918627721665
0.22392483831411825
0.2660329310143119
0.2753815175775146
0.2628168884704944
0.2968218006039299
0.283721165005308
0.30110985720921285
0.3158815904434825
0.2925337439986468
0.34321795206593086
0.26037331945902403
0.37377035623219684
0.20462858359034464
0.37216233496028805
0.17461218735336342
0.3512580584254746
0.5047925459601568
0.25316876083904205
0.526232828986572
0.22100833540086748
0.5648253384341192
0.20492812268178018
0.6098499327895911
0.2129682290413238
0.6441543856318553
0.23387250557613734
0.6527304988424214
0.2660329310143119
0.6334342441186478
0.2981933564524865
0.5948417346711005
0.3062334628120302
0.5433850554077042
0.3062334628120302
0.5133686591707229
0.283721165005308
0.2410770647352504
0.3014093989963039
0.5541051969209118
0.2563848033828595
0.3461344515646847
0.44452329219618086
0.34399042326204315
0.7018066957015776
0.35899862138053373
0.6423099086409547
0.4662000365126096
0.6246216746499587
0.5541051969209118
0.6567821000881332
0.6291461875133648
0.7130628446049387
0.6655946686582704
0.7629115040341095
0.6334342441186478
0.8272323549104585
0.5390969988024211
0.8706489292519942
0.4469037817888359
0.8384885038138197
0.40187918743336404
0.7741676529374705