0.1115762476375528
0.3999830195608305
0.0885289755730045
0.48289183267930863
0.04420729852579618
0.5565885554512894
0.033570096034466174
0.64081338147641
0.05839023518090283
0.7289862462214584
0.10271191222811114
0.810579046433294
0.1541250576028728
0.8895398208318448
0.2250397408784061
0.9513924274440428
0.3225474303822644
0.9816607242968206
0.4448752590325593
0.9803447113901781
0.5565658851915244
0.9566564790706129
0.6540735746953825
0.91849210477798
0.7551269983630176
0.8790117175787047
0.8349060170479925
0.8237391754997192
0.9040478332416376
0.761886568887521
0.9501423773707341
0.6829257944889705
0.9749625165171708
0.6000169813704922
0.19667386756819277
0.3012820515626421
0.2409955446154011
0.2894379354028595
0.2995001583177161
0.290753948309502
0.34914043661058936
0.3039140773759271
0.3792791770026911
0.33023433550877734
0.6257077013851693
0.3802428259611928
0.719669656725251
0.3907709292143329
0.7923572070826725
0.4263032776936807
0.8614990232763174
0.4749957552394536
0.9022749661597492
0.5184241811586565
0.18958239924063947
0.4125360846090302
0.23922267753351276
0.40858804588910264
0.2888629558263861
0.4125360846090302
0.3225474303822644
0.4322762782086678
0.34204896828303605
0.4520164718083055
0.34204896828303605
0.45393954873317344
0.3225474303822644
0.43419935513353575
0.2888629558263861
0.4144591615338981
0.23922267753351276
0.41051112281397056
0.18958239924063947
0.4144591615338981
0.6026604293206209
0.5243971816736437
0.6611650430229359
0.5296612333002138
0.7161239225614743
0.5454533881799238
0.7622184666905709
0.569141620499489
0.7834928716732309
0.6007259302589093
0.7834928716732309
0.6026490071837772
0.7622184666905709
0.571064697424357
0.7161239225614743
0.5473764651047918
0.6611650430229359
0.5315843102250817
0.6026604293206209
0.5263202585985116
0.2764528862531678
0.4245521314872611
0.7051321466537666
0.5548374092448699
0.2587242154342844
0.6210731878767723
0.20021960173196945
0.684241807395613
0.2764528862531677
0.7105620655284632
0.3615505061838077
0.7434623881945259
0.4413295248687827
0.7763627108605887
0.5282000118813109
0.7842587883004439
0.47855973358843773
0.8276872142196467
0.39878071490346273
0.854007472352497
0.3048187595633811
0.8421633561927143
0.22858547504218277
0.802682968993439
0.1984467346500811
0.7342502978480284