0.10819930681716199
0.3496176921505538
0.12508672413007085
0.4371820793591983
0.16073793845732284
0.5209393192979016
0.20389467159031213
0.6046965592366049
0.2526805438276043
0.6808395046354261
0.31272469427350247
0.7569824500342475
0.37839798382370354
0.8198003799882748
0.44782403277677324
0.8635825735925972
0.541643017848489
0.8750040154024202
0.6354620029202048
0.8673897208625382
0.7255282285890519
0.8426432636079211
0.7968306572435561
0.787439628193776
0.8343582512722423
0.709393109159984
0.862503946793757
0.6218287219513398
0.9112898190310492
0.5418786292825775
0.9525701724626042
0.4600249629788446
0.9581993115669072
0.3629427075953475
0.27519710024481614
0.21827111133758728
0.3540050477050574
0.1973318013529115
0.44031851397103594
0.20494609589279356
0.5172500817298429
0.22969255314741044
0.5641595742657007
0.17448891773326505
0.7761904805277786
0.24682471586214524
0.8080889354521618
0.23730684768729263
0.8418637700779795
0.22588540587746947
0.8775149844052317
0.22588540587746947
0.9075370596281807
0.2354032740523221
0.3202302130792397
0.38044278790339603
0.363386946212229
0.348082036108897
0.41780195755382415
0.3309498733941622
0.4815988674025909
0.3309498733941622
0.5266319802370145
0.35379275701380863
0.5266319802370145
0.3610391339603771
0.4815988674025909
0.3381962503407307
0.41780195755382415
0.3381962503407307
0.363386946212229
0.3553284130554655
0.3202302130792397
0.3876891648499645
0.8437401497794139
0.3553284130554655
0.8756386047037973
0.36674985486528866
0.7311573676933549
0.3381962503407307
0.7649322023191726
0.3267748085309075
0.7968306572435561
0.33629267670576013
0.8456165294808482
0.35723198669043604
0.8775149844052317
0.36674985486528866
0.7311573676933549
0.3381962503407307
0.766808582020607
0.3267748085309075
0.7987070369449903
0.33629267670576013
0.4219299928969797
0.35246665403616945
0.8032103482284327
0.3448587580631275
0.6317092435173361
0.5057107302181374
0.4984862847154998
0.7036823882550726
0.5566540554599636
0.6789359310004557
0.6185745856072958
0.6560930473808092
0.6842478751574971
0.6656109155556619
0.7405392662005266
0.6903573728102788
0.7442920256033951
0.7208145509698073
0.6842478751574971
0.7341395664146011
0.6185745856072958
0.7322359927796306
0.5566540554599636
0.737946713684542
0.48722800650689385
0.7360431400495715