0.10243258813794945
0.6933594487841852
0.1761026768811524
0.7633689080876921
0.2513742892926859
0.8367121511675565
0.3298489490408804
0.8933864753656336
0.43074494014570197
0.9200567455764933
0.5508592152704894
0.9250574212410295
0.6693719667269464
0.9233905293528509
0.7718694815000984
0.896720259141991
0.84073499923831
0.8233770160621267
0.8983898512982078
0.7350317459886536
0.9336233720014789
0.625016881368857
0.9224127063231653
0.5050006654199879
0.8855776619515638
0.39665269268837
0.8279228098916659
0.3083074226148969
0.7654633868267765
0.22829661198231757
0.6885902507469124
0.15828715267881058
0.6053110199937265
0.10161282848073358
0.08801887512297493
0.5466729626244564
0.08001125678132241
0.4966662059790943
0.10403411180627992
0.4583276925509833
0.14247067984621195
0.4349912061164809
0.18411029522280492
0.4233229628992298
0.3106306650209144
0.28663782806857335
0.2898108573326179
0.23829796331139
0.29781847567427044
0.18829120666602786
0.3282474253725499
0.15161958512609564
0.3682855170808124
0.12328242302705715
0.19692248456944889
0.5350047194072052
0.1905163898961269
0.5183358005254177
0.1905163898961269
0.4966662059790943
0.20493010291110142
0.478330395209128
0.23215600527271987
0.4799972870973068
0.2513742892926859
0.49333242220273665
0.2401636236143724
0.5116682329727029
0.2273514342677284
0.530004043742669
0.21453924492108442
0.548339854512635
0.19852400823777944
0.5433391788480988
0.38910532476910886
0.28163715240403714
0.3843007537641173
0.2616344497458923
0.3955114194424309
0.24163174708774743
0.41633122713072745
0.23163039575867506
0.4387525584873544
0.22996350387049627
0.4563693188389899
0.2399648551995687
0.4451586531606765
0.25663377408135607
0.43234646381403236
0.27330269296314347
0.4195342744673884
0.28997161184493087
0.40191751411575294
0.2983060712858245
0.2193438159260759
0.5066675573081667
0.40832360878907487
0.26330134163407104
0.45797084250732045
0.48499796276184304
0.4835952212006083
0.6782560567433225
0.5364455022555149
0.6449182189797477
0.5732805466271164
0.5899107866698494
0.6101155909987179
0.5382371381363085
0.6437475880336584
0.48489659771458893
0.6437475880336584
0.48999863842637925
0.6101155909987179
0.5433391788480988
0.5732805466271164
0.5950128273816397
0.5364455022555149
0.650020259691538
0.4835952212006083
0.6833580974551128