0.03868118615209987
0.5754823849180228
0.10708711691259931
0.6500553619137687
0.17077539727582292
0.7209906327146001
0.24154015323496025
0.7901070504179741
0.328816685584563
0.8373972309518618
0.42552851872871733
0.8810497052908349
0.5245991770715096
0.9192456203374365
0.6307463110102156
0.9501661229942091
0.7416110953461974
0.9447095637018373
0.8170935017026106
0.8828685583882921
0.8666288308740069
0.7992013159052603
0.8925759080590239
0.7082586610323995
0.9043700340522134
0.6136782999646243
0.887858257661748
0.5190979388968492
0.8548347048808171
0.4281552840239885
0.8123758513053347
0.3499446008333283
0.7651993473325767
0.29537900790961186
0.019810584562996558
0.4809020238502478
0.02924588535754824
0.4536192273883895
0.06462826333711691
0.44088725570618903
0.1118047673098751
0.4427061088036462
0.1542636208853575
0.4499815211934751
0.3335343359818388
0.339031482248585
0.3618402383654937
0.2935601548121546
0.41609321793416565
0.262639652155382
0.4774226730987514
0.23899456188843818
0.5245991770715096
0.23717570879098102
0.09057534052213395
0.5554750008459935
0.10708711691259931
0.5227356450917637
0.13539301929625425
0.49363399553244813
0.18256952326901243
0.4809020238502478
0.22974602724177073
0.48635858314261937
0.248616628830874
0.5118225265070204
0.23446367763904652
0.5481995884561646
0.20379895005675364
0.5754823849180228
0.1542636208853575
0.5845766504053089
0.10236946651532347
0.5827577973078517
0.4443991203178206
0.36813313180790047
0.46326972190692395
0.32993721676129895
0.5104462258796821
0.3081109795918124
0.5646992054483542
0.29537900790961186
0.6189521850170261
0.28446588932486855
0.6354639614074915
0.31902409817655564
0.6189521850170261
0.3590388663206143
0.5835698070374574
0.3935970751723014
0.5269580022701476
0.40269134065958756
0.47506384790011347
0.3954159282697587
0.1542636208853575
0.5372864698714213
0.5010109250851305
0.3626765725155288
0.31466373439273554
0.6391422433290254
0.4703461975028377
0.7573676946637443
0.5151638762769579
0.7137152203247711
0.5812109818388195
0.6791570114730842
0.6519757377979569
0.6464176557188543
0.7133051929625425
0.6173160061595387
0.7227404937570943
0.6773381583756269
0.7156640181611804
0.7409980167866295
0.6779228149829739
0.7919259035154314
0.6047992338251986
0.8155709937823752
0.5340344778660613
0.7901070504179741