-0.044667920644578044
0.5189053292867314
-0.010533344313074707
0.6024037579662489
0.023601232018428675
0.6764495343424248
0.07138963888253332
0.7489198686680437
0.119178045746638
0.8182393188925489
0.18289592156544424
0.8702289065609277
0.2670945431831525
0.9174921680776358
0.3512931648008607
0.9600291034426729
0.4536968937953708
0.9915379444538115
0.5811326454329833
0.9899625024032546
0.6789850975832928
0.9600291034426729
0.7609080807789009
0.9080395157742942
0.8246259565977072
0.8465972758025737
0.8815169171502126
0.7725514994263978
0.9133758550596158
0.6937793968985511
0.9315809624364175
0.6118564102695905
0.9315809624364175
0.5267825395395161
0.04408197781733067
0.4196524801016446
0.1055242152140367
0.410199827798303
0.18289592156544424
0.410199827798303
0.25799198949475166
0.41807703805108765
0.3126073116251569
0.43855778470832785
0.6175428601865868
0.44328411085999864
0.6926389281158941
0.4212279221522015
0.7631837192010011
0.4038980595960753
0.8382797871303085
0.39129452319161984
0.915651493481716
0.3960208493432906
0.11462676890243756
0.5256599191561852
0.15558826050024155
0.5492915499145391
0.2193061363190478
0.5571687601673238
0.28529965055995427
0.5461406658134252
0.3285367805798586
0.5335371294089698
0.3285367805798586
0.5378106338934147
0.28529965055995427
0.5504141702978701
0.2193061363190478
0.5614422646517686
0.15558826050024155
0.553565054398984
0.11462676890243756
0.52993342364063
0.6334723291412885
0.5335371294089698
0.6789850975832928
0.5492915499145391
0.7404273349799988
0.552442434015653
0.7973182955325044
0.5414143396617545
0.8360041487082083
0.5225090350550713
0.8360041487082083
0.5267825395395161
0.7973182955325044
0.5456878441461993
0.7404273349799988
0.5567159385000978
0.6789850975832928
0.553565054398984
0.6334723291412885
0.5378106338934147
0.220671519372308
0.544496357134311
0.7372414411890585
0.54197564985342
0.5105878543478765
0.7032320492018926
0.3285367805798586
0.7946076881341948
0.4195623174638674
0.7914568040330809
0.5151391311920769
0.7946076881341948
0.6061646680760857
0.7930322460836379
0.6926389281158941
0.7930322460836379
0.6630556286285912
0.8418709496509029
0.6061646680760857
0.8907096532181678
0.5174147696141771
0.9048886316731801
0.4309405095743686
0.8891342111676108
0.3649469953334621
0.8481727178531306