0.08270918896830917
0.5230477471295211
0.11628823931520155
0.5989698059342917
0.13926337902623315
0.6857378731397439
0.18344634000898624
0.7630156829945999
0.25590639602070137
0.8186014760480926
0.33720304422896713
0.8741872691015855
0.4255689661944734
0.9148598006041412
0.5139348881599796
0.955532332106697
0.6305779051544479
0.9690898426075489
0.7260131008771946
0.9392633195056748
0.7984731568889096
0.8796102733019263
0.8603293022647641
0.8104669697475815
0.9221854476406184
0.7399679151431515
0.9610664533054412
0.6572671010879548
0.9681357270626817
0.5637202786320766
0.9486952242302702
0.47288495827636895
0.9133488554440679
0.395607148421513
0.057966730817967396
0.3793381358204907
0.09154578116485977
0.3468001106184461
0.16047120029795467
0.3576461190191277
0.21349075347725838
0.38611689107091673
0.24883712226346089
0.4091646589223649
0.44147483214826444
0.3291753469673387
0.4962617037668784
0.2952815707152089
0.5704890782179036
0.28307981126444215
0.6553203633047896
0.2857913133646125
0.7224784639985744
0.2912143175649533
0.15340192654071416
0.49186547297756156
0.16754047405519515
0.46339470092577256
0.20465416128070776
0.45526019462526146
0.2453024853848406
0.46746195407602814
0.28418349104966334
0.4837309666770505
0.31246058607862537
0.5081344855785839
0.27534689885311275
0.5176247429291803
0.23116393787035966
0.5244034981796062
0.18874829532691664
0.5325380044801172
0.1569365634193344
0.5149132408290099
0.5422119831889416
0.4132319120726205
0.5740237150965238
0.37255938057006477
0.632345223593758
0.3644248742695536
0.6977360058482326
0.3712036295199796
0.7542901959061565
0.3779823847704055
0.7719633802992578
0.40780890787227975
0.7171765086806439
0.4267894225734724
0.6588550001834098
0.43899118202423915
0.6005334916861758
0.45254869252509106
0.5510485753854922
0.43492392887398357
0.2629756697779419
0.4959327261278172
0.7083399164840932
0.40103015262185376
0.31952985983586585
0.6274405779860808
0.3978409911721081
0.7693661441632942
0.428584472671377
0.7524993685992799
0.48221726156426237
0.7485307155253942
0.5315863559426505
0.7639092461867013
0.5753453259598582
0.7882172462642516
0.6020495179190772
0.8132693687931553
0.5739988961131749
0.8425381852130626
0.5203661072202895
0.8517156954464233
0.475709517305293
0.8323685117112304
0.43935591144484354
0.8018594912057337