0.13073576495018496
0.5156365243171159
0.13620094856695497
0.6094555137576186
0.14348786005598163
0.7032745031981213
0.16534859452306172
0.7861479438705654
0.21817870281850535
0.8565121859509425
0.2728305389862056
0.9237491283833028
0.36391693259903934
0.9409492764473949
0.4641119655731565
0.9565857746874789
0.5606635428027602
0.9816041718716128
0.6590368479046206
1.0003679697597132
0.7446580579006843
0.9675313234555373
0.813883717046438
0.9128035796152442
0.8867528319367051
0.8643304350709844
0.9304743008708652
0.7908388933425905
0.9505133074656886
0.7032745031981213
0.9541567632102019
0.6094555137576186
0.9395829402321486
0.520327473789141
0.3675603883435527
0.38585358892442045
0.40763840153319947
0.36239884156429486
0.4641119655731565
0.3577078920922697
0.5096551623795733
0.3733443903323535
0.5479114476969635
0.3967991376924792
0.7628753366232511
0.4046173868125211
0.7847360710903312
0.37959898962838695
0.8102402613019247
0.35927154191627814
0.8430313630025449
0.34988964297222774
0.8812876483199351
0.3545805924442529
0.45135987046735965
0.520327473789141
0.4695771491899265
0.4921817769569902
0.50054652301829
0.4765452787169065
0.5351593525911668
0.4859271776609567
0.5588418149305036
0.5140728744931076
0.5588418149305036
0.5390912716772417
0.5406245362079367
0.5672369685093924
0.5041899787628034
0.5813098169254679
0.4641119655731565
0.5828734667494763
0.44589468685058964
0.5516004702693087
0.7610536087509945
0.5172001741411243
0.7774491596013046
0.49061812713298186
0.8047750776851547
0.470290679420873
0.830279267896748
0.4812362281889316
0.8448530908748015
0.5093819250210825
0.8503182744915716
0.5390912716772417
0.8339227236412614
0.5641096688613756
0.8047750776851547
0.5813098169254679
0.7738057038567911
0.5719279179814175
0.7574101530064812
0.5453458709732751
0.5205855296131133
0.5422185713252584
0.8047750776851547
0.5437822211492668
0.6918279496052407
0.6798197558379956
0.5187638017408567
0.7741630278665482
0.5934546445033804
0.7897995261066321
0.6827193102439575
0.7913631759306405
0.7701622481122778
0.7913631759306405
0.8266358121522347
0.7632174790984897
0.8266358121522347
0.767384145982465
0.7701622481122778
0.7955298428146158
0.6827193102439575
0.7955298428146158
0.5934546445033804
0.7939661929906073
0.5187638017408567
0.7783296947505235